0 0.46166633333333335 0.371875 0.08 0.16125
0 0.42500033333333337 0.373125 0.06666699999999996 0.13625
0 0.9358333333333334 0.43375 0.115 0.3175
0 0.6466663333333335 0.54625 0.21666700000000003 0.49
0 0.5450003333333333 0.355 0.05333299999999999 0.12
0 0.4950003333333335 0.359375 0.046667000000000014 0.12375
0 0.26500033333333334 0.358125 0.04 0.10125
0 0.22750033333333336 0.351875 0.02833299999999999 0.06375
0 0.20833333333333334 0.339375 0.026667000000000014 0.051250000000000004
0 0.19833333333333333 0.369375 0.046667000000000014 0.09875
