0 0.47500033333333336 0.4525 0.15333299999999994 0.31
0 0.35000033333333336 0.521875 0.12000000000000001 0.24125000000000008
0 0.5133333333333334 0.371875 0.08 0.16125
0 0.42500033333333337 0.33437500000000003 0.030000000000000002 0.07875
0 0.28416633333333335 0.328125 0.035 0.06625
0 0.23333333333333334 0.3375 0.046667000000000014 0.0975
0 0.19500033333333336 0.338125 0.04 0.09875
0 0.16500033333333336 0.366875 0.07666700000000001 0.19625
0 0.08916633333333335 0.315625 0.021667000000000002 0.04125
0 0.06750033333333334 0.311875 0.021667000000000002 0.043750000000000004
0 0.026666333333333337 0.315625 0.026667 0.06125
0 0.017500333333333333 0.33875 0.035 0.09
