0 0.6350003333333335 0.30312500000000003 0.103333 0.20875
0 0.7016663333333333 0.351875 0.06333299999999999 0.12875
0 0.9683333333333334 0.288125 0.05333300000000009 0.17375000000000002
0 0.9150003333333333 0.28124999999999994 0.06333300000000008 0.14499999999999996
0 0.7458333333333333 0.265 0.058332999999999996 0.1075
0 0.5958333333333333 0.28875 0.07166700000000002 0.14750000000000005
0 0.4708333333333334 0.280625 0.055 0.12625
0 0.3125003333333333 0.3175 0.08166700000000002 0.25750000000000006
0 0.27083333333333337 0.41875 0.19166700000000003 0.4225
0 0.035000333333333335 0.3125 0.06666699999999999 0.18250000000000005
