0 0.39583333333333337 0.440625 0.13166699999999998 0.26375
0 0.28583333333333333 0.49 0.09833299999999999 0.1975
0 0.8658333333333333 0.39875 0.10500000000000001 0.2125
0 0.42833333333333334 0.37125 0.07333300000000004 0.1475
0 0.47166633333333347 0.345625 0.03666700000000001 0.08125
0 0.28583333333333333 0.33375 0.02833299999999999 0.0725
0 0.26250033333333334 0.3325 0.035 0.0675
0 0.21833333333333335 0.339375 0.04333299999999999 0.09625
0 0.18750033333333335 0.34125 0.045000000000000005 0.08750000000000001
0 0.09083333333333334 0.3175 0.025 0.047500000000000035
0 0.06416633333333334 0.31875000000000003 0.025 0.05
0 0.04166633333333334 0.350625 0.04666699999999999 0.09875
