0 0.5933333333333334 0.38125000000000003 0.03666700000000001 0.075
0 0.6600003333333334 0.37125 0.05 0.1
0 0.9416663333333333 0.4225 0.11 0.2225
0 0.8966663333333335 0.469375 0.06333300000000008 0.12875
0 0.7600003333333333 0.455 0.11666700000000002 0.23500000000000001
0 0.8091663333333334 0.37125 0.031667000000000015 0.0675
0 0.45416633333333345 0.39125 0.041667000000000017 0.095
0 0.40666633333333335 0.36062500000000003 0.026667000000000014 0.05625
0 0.3900003333333334 0.39125 0.03666700000000001 0.095
0 0.6291663333333334 0.366875 0.025 0.06625
