0 0.5183333333333333 0.325 0.11 0.22
0 0.8533333333333334 0.3525 0.11333300000000009 0.31
0 0.9500003333333334 0.340625 0.08333300000000009 0.30875
0 0.018333333333333333 0.26312500000000005 0.033333 0.08375
0 0.044166333333333335 0.2675 0.031666999999999994 0.0925
0 0.030000333333333334 0.28375 0.033333 0.09500000000000004
0 0.07250033333333335 0.27875 0.03500000000000002 0.10249999999999997
0 0.09833333333333334 0.275625 0.03333299999999999 0.08375
0 0.12833333333333335 0.26812499999999995 0.030000000000000002 0.08625000000000001
0 0.16916633333333334 0.279375 0.05166699999999999 0.13375
0 0.21750033333333335 0.2725 0.041667000000000017 0.105
0 0.22583333333333336 0.28 0.03833299999999999 0.095
0 0.26250033333333334 0.27875 0.03833299999999999 0.10249999999999997
