0 0.38666633333333333 0.419375 0.05333299999999999 0.10875
0 0.3383333333333334 0.42 0.056667000000000016 0.115
0 0.6125003333333334 0.424375 0.09166700000000001 0.18375
0 0.5375003333333332 0.434375 0.03833299999999999 0.07875
0 0.5566663333333333 0.385 0.05333299999999999 0.1075
0 0.7008333333333334 0.385625 0.02833299999999999 0.07125000000000001
0 0.6533333333333333 0.406875 0.05 0.12625
0 0.40750033333333335 0.385 0.03833300000000004 0.085
0 0.23666633333333334 0.419375 0.05 0.09625
0 0.17416633333333334 0.411875 0.048332999999999994 0.09375
0 0.4991663333333334 0.375625 0.015000000000000001 0.03125
