0 0.25083333333333335 0.228125 0.065 0.13125
0 0.19583333333333336 0.230625 0.078333 0.15875
0 0.9716663333333335 0.235625 0.04333300000000009 0.13625
0 0.9425003333333333 0.2025 0.045000000000000005 0.13
0 0.9108333333333334 0.25125000000000003 0.05166699999999992 0.11
0 0.7983333333333333 0.21875 0.08333299999999999 0.18
0 0.5508333333333334 0.19375 0.025 0.075
0 0.5808333333333334 0.194375 0.021667000000000013 0.08625000000000001
0 0.5908333333333333 0.19625 0.025 0.0775
0 0.6091663333333333 0.2 0.02833299999999999 0.0775
0 0.46666633333333324 0.215625 0.06333299999999999 0.14625
0 0.42666633333333337 0.18875 0.026666999999999965 0.0675
0 0.40166633333333335 0.1875 0.026667000000000014 0.0675
0 0.34000033333333335 0.204375 0.06333299999999999 0.14125000000000001
