0 0.46166633333333335 0.44875 0.11333300000000004 0.2275
0 0.35000033333333336 0.455 0.13 0.26
0 0.12916633333333333 0.380625 0.05166699999999999 0.10625
0 0.5100003333333333 0.4 0.073333 0.1525
0 0.46750033333333346 0.3575 0.031667000000000015 0.06
0 0.41166633333333336 0.3875 0.07 0.185
0 0.25500033333333333 0.41375 0.08 0.185
0 0.17916633333333334 0.3575 0.035 0.0675
0 0.18833333333333335 0.38625 0.03333299999999999 0.065
0 0.09916633333333333 0.364375 0.02833299999999999 0.05375
0 0.11666633333333333 0.3975 0.030000000000000002 0.0575
