0 0.5850003333333332 0.30625 0.163333 0.3275
0 0.45333333333333337 0.3075 0.15333300000000005 0.31
0 0.26333333333333336 0.3875 0.243333 0.4875
0 0.8291663333333334 0.234375 0.07500000000000001 0.17375000000000002
0 0.7000003333333333 0.184375 0.02333299999999999 0.06875
0 0.7175003333333334 0.19125 0.035 0.095
0 0.7333333333333334 0.20125 0.04333299999999999 0.125
0 0.6600003333333333 0.193125 0.03333299999999999 0.07875
0 0.6200003333333334 0.18375 0.02 0.05
0 0.6475003333333333 0.2275 0.048332999999999994 0.11750000000000001
