0 0.34500033333333335 0.338125 0.09000000000000001 0.18125
0 0.5191663333333334 0.30625 0.07500000000000001 0.15
0 0.7958333333333334 0.30062500000000003 0.078333 0.15625
0 0.8683333333333334 0.279375 0.03666699999999992 0.08875
0 0.8800003333333333 0.35125 0.05666699999999992 0.13
0 0.7191663333333332 0.306875 0.048332999999999994 0.14375000000000002
0 0.6858333333333334 0.27312499999999995 0.031667000000000015 0.08125
0 0.6608333333333334 0.281875 0.045000000000000005 0.11375
0 0.4325003333333334 0.314375 0.04833300000000004 0.12625
0 0.22416633333333333 0.306875 0.048332999999999994 0.12125
