0 0.5816663333333333 0.28750000000000003 0.05333299999999999 0.1075
0 0.6291663333333335 0.28500000000000003 0.041667000000000017 0.1075
0 0.9491663333333334 0.32375 0.07166699999999993 0.1875
0 0.8075003333333333 0.28250000000000003 0.048332999999999994 0.095
0 0.6633333333333333 0.2925 0.04333299999999999 0.1075
0 0.5425003333333333 0.283125 0.041667000000000017 0.09875
0 0.5050003333333334 0.28250000000000003 0.05 0.1075
0 0.36583333333333334 0.28875 0.041667000000000017 0.08500000000000003
0 0.33500033333333334 0.294375 0.04333299999999999 0.10374999999999997
0 0.15000033333333332 0.30312500000000003 0.05666699999999999 0.10875
