0 0.36083333333333334 0.183125 0.088333 0.18125
0 0.27250033333333334 0.18812500000000001 0.085 0.17125
0 0.8000003333333333 0.16625 0.05333299999999999 0.12
0 0.7275003333333335 0.169375 0.07166700000000002 0.20125
0 0.5108333333333334 0.1925 0.07166700000000002 0.1825
0 0.17083333333333334 0.186875 0.06833300000000002 0.15875
0 0.12250033333333335 0.17500000000000002 0.085 0.18
0 0.04750033333333334 0.18875 0.081667 0.155
0 0.43083333333333335 0.1525 0.031666999999999966 0.0775
0 0.5358333333333334 0.15625 0.03833299999999999 0.09
