0 0.5775003333333334 0.2275 0.035 0.07
0 0.5383333333333333 0.22875 0.03333299999999999 0.0675
0 0.8183333333333332 0.2275 0.02 0.0625
0 0.7908333333333334 0.240625 0.048332999999999994 0.11625
0 0.7575003333333333 0.22187500000000002 0.02833299999999999 0.06875
0 0.7200003333333332 0.2325 0.04 0.085
0 0.7091663333333335 0.215 0.021667000000000013 0.05
0 0.6891663333333333 0.22625 0.025 0.06
0 0.6450003333333333 0.22312500000000002 0.02333299999999999 0.051250000000000004
0 0.6208333333333335 0.216875 0.025 0.06375
0 0.5283333333333333 0.229375 0.02333299999999999 0.06375
0 0.48500033333333326 0.254375 0.05333299999999999 0.14625
0 0.14416633333333334 0.251875 0.05166700000000001 0.12125
