0 0.5925003333333334 0.28750000000000003 0.10500000000000001 0.2125
0 0.9150003333333333 0.204375 0.03666699999999992 0.08625000000000001
0 0.8133333333333332 0.211875 0.05 0.11875000000000001
0 0.7933333333333333 0.2 0.03333299999999999 0.08
0 0.7541663333333334 0.206875 0.035 0.08375
0 0.7358333333333333 0.195625 0.01833299999999999 0.043750000000000004
0 0.7216663333333334 0.19625 0.01666700000000001 0.0425
0 0.7066663333333335 0.201875 0.01666700000000001 0.03125
0 0.6541663333333334 0.208125 0.025 0.05375
0 0.5358333333333334 0.218125 0.031667000000000015 0.06625
0 0.49500033333333326 0.22875 0.04333299999999999 0.08750000000000001
0 0.4366663333333333 0.2575 0.06333300000000004 0.14000000000000004
0 0.27083333333333337 0.25249999999999995 0.055 0.095
