0 0.5533333333333333 0.315625 0.06333299999999999 0.12875
0 0.18166633333333335 0.33 0.06666700000000002 0.135
0 0.36416633333333337 0.353125 0.09166700000000001 0.18375
0 0.39916633333333335 0.3225 0.06833300000000005 0.14
0 0.7550003333333335 0.308125 0.07666700000000001 0.15375
0 0.5850003333333332 0.308125 0.06333299999999999 0.12875
0 0.9141663333333335 0.30125 0.07500000000000001 0.1625
0 0.5350003333333334 0.29812500000000003 0.030000000000000002 0.07625
0 0.21500033333333335 0.3125 0.04333299999999999 0.09750000000000003
0 0.08416633333333333 0.315625 0.058332999999999996 0.12625
