0 0.6141663333333335 0.26375 0.10166700000000002 0.2025
0 0.7091663333333335 0.2675 0.108333 0.2175
0 0.7950003333333333 0.19187500000000002 0.02333299999999999 0.058750000000000004
0 0.7716663333333335 0.198125 0.02333299999999999 0.051250000000000004
0 0.8625003333333335 0.211875 0.035 0.09125
0 0.6650003333333333 0.22625 0.04333299999999999 0.125
0 0.5675003333333333 0.23125 0.048332999999999994 0.1125
0 0.5008333333333334 0.2325 0.041667000000000017 0.0975
0 0.29166633333333336 0.275625 0.1 0.23125
0 0.3925003333333334 0.225 0.031667000000000015 0.0725
0 0.1966663333333334 0.254375 0.04333300000000002 0.09875
