0 0.44666633333333333 0.20125 0.06333300000000004 0.13
0 0.5758333333333334 0.19 0.03833299999999999 0.08750000000000001
0 0.5391663333333333 0.18937500000000002 0.045000000000000005 0.09125
0 0.35583333333333333 0.1875 0.041667000000000017 0.105
0 0.4866663333333334 0.180625 0.026667000000000014 0.06625
0 0.5250003333333335 0.1825 0.026667000000000014 0.065
0 0.6150003333333333 0.17250000000000001 0.02333299999999999 0.05
0 0.6841663333333334 0.17125 0.011667000000000012 0.035
0 0.6916663333333335 0.1675 0.01666700000000001 0.0425
0 0.7083333333333334 0.174375 0.01666700000000001 0.04625
