0 0.6666663333333335 0.265625 0.08666700000000002 0.17375000000000004
0 0.7983333333333333 0.293125 0.07 0.14125000000000001
0 0.5291663333333334 0.24375 0.061667000000000013 0.125
0 0.7316663333333334 0.216875 0.03666700000000001 0.08375
0 0.7591663333333334 0.231875 0.055 0.13125
0 0.5666663333333334 0.23375 0.04 0.10250000000000001
0 0.6000003333333332 0.244375 0.056667000000000016 0.13625
0 0.5108333333333334 0.21125 0.02833299999999999 0.0525
0 0.4758333333333334 0.236875 0.055 0.11875000000000001
0 0.4375003333333334 0.239375 0.04833300000000004 0.11625
