0 0.6216663333333334 0.28375 0.03666700000000001 0.07500000000000004
0 0.5800003333333333 0.281875 0.04 0.08125
0 0.7150003333333335 0.293125 0.03666700000000001 0.09625
0 0.7016663333333333 0.27125000000000005 0.03333299999999999 0.08750000000000001
0 0.6800003333333333 0.28 0.03333299999999999 0.0775
0 0.7308333333333333 0.27 0.03833299999999999 0.095
0 0.5458333333333334 0.26687500000000003 0.01833299999999999 0.04625
0 0.8233333333333334 0.25875 0.02 0.045
0 0.3983333333333334 0.28875 0.02333299999999999 0.06250000000000004
0 0.15416633333333332 0.52625 0.27166700000000005 0.645
0 0.7791663333333335 0.335625 0.09166700000000001 0.22375
0 0.025833333333333337 0.335 0.048333 0.1525
