0 0.5000003333333335 0.26875 0.046667000000000014 0.095
0 0.47166633333333347 0.25875 0.026667000000000014 0.07
0 0.4608333333333334 0.259375 0.025 0.07375
0 0.44500033333333344 0.270625 0.03666700000000001 0.10125000000000003
0 0.35500033333333336 0.251875 0.02333299999999999 0.058750000000000004
0 0.33333333333333337 0.25249999999999995 0.02333299999999999 0.05
0 0.3100003333333334 0.25749999999999995 0.03333299999999999 0.0625
0 0.28750033333333336 0.308125 0.07166700000000002 0.15875
0 0.21083333333333334 0.308125 0.078333 0.15375
0 0.15833333333333335 0.313125 0.06333299999999999 0.16125
0 0.07250033333333335 0.333125 0.108333 0.26875
