0 0.8458333333333334 0.6125 0.055 0.1125
0 0.6541663333333334 0.25749999999999995 0.035 0.07
0 0.5850003333333332 0.25125000000000003 0.03333299999999999 0.0675
0 0.5383333333333333 0.25562500000000005 0.03333299999999999 0.06875
0 0.6416663333333334 0.15 0.02333299999999999 0.045
0 0.6116663333333334 0.13999999999999999 0.01666700000000001 0.0375
0 0.5850003333333335 0.14 0.01666700000000001 0.04000000000000002
0 0.5650003333333334 0.139375 0.01666700000000001 0.04625
0 0.5958333333333333 0.163125 0.021667000000000013 0.05375
0 0.39083333333333337 0.14250000000000002 0.021667000000000013 0.04000000000000002
0 0.17416633333333334 0.145625 0.021667000000000013 0.04875
0 0.16083333333333336 0.150625 0.021667000000000013 0.04374999999999998
