0 0.9341663333333334 0.711875 0.09166699999999993 0.18375
0 0.8625003333333335 0.7518750000000001 0.09833300000000009 0.17625
0 0.7475003333333333 0.34 0.06833299999999999 0.14
0 0.6691663333333334 0.316875 0.055 0.11125
0 0.8825003333333334 0.128125 0.06166699999999992 0.11375000000000002
0 0.8216663333333335 0.151875 0.056667000000000016 0.11124999999999999
0 0.7208333333333333 0.185 0.055 0.1125
0 0.6741663333333334 0.218125 0.05166700000000001 0.08625000000000001
0 0.40916633333333335 0.095625 0.061666999999999965 0.13625
0 0.32416633333333333 0.413125 0.065 0.13625
0 0.8483333333333334 0.28750000000000003 0.05 0.11750000000000001
0 0.7991663333333334 0.26687500000000003 0.045000000000000005 0.11375
0 0.9508333333333334 0.58375 0.065 0.1625
0 0.9133333333333334 0.58375 0.06666699999999992 0.1625
0 0.6658333333333334 0.6025 0.07166700000000002 0.1675
0 0.24166633333333334 0.606875 0.08333299999999999 0.16875
0 0.27750033333333335 0.719375 0.085 0.17875
0 0.14500033333333334 0.225625 0.04 0.07125000000000001
0 0.5875003333333333 0.32937500000000003 0.048332999999999994 0.09875
