0 0.6425003333333333 0.39875 0.11166700000000002 0.225
0 0.5275003333333335 0.38125000000000003 0.178333 0.3575
0 0.7491663333333334 0.354375 0.07500000000000001 0.23125
0 0.6550003333333333 0.37375 0.093333 0.255
0 0.4916663333333334 0.38875 0.10666700000000001 0.28250000000000003
0 0.44916633333333333 0.3625 0.061666999999999965 0.2025
0 0.4083333333333333 0.375 0.07666700000000001 0.195
0 0.33916633333333335 0.346875 0.055 0.12125
0 0.30083333333333334 0.34625 0.045000000000000005 0.125
0 0.27750033333333335 0.351875 0.048332999999999994 0.11375
