0 0.5258333333333334 0.34125 0.09166700000000001 0.185
0 0.5408333333333334 0.28750000000000003 0.08166700000000002 0.165
0 0.5175003333333333 0.2 0.065 0.1325
0 0.8050003333333333 0.07125000000000001 0.03333299999999999 0.1125
0 0.7658333333333334 0.0725 0.041667000000000017 0.10250000000000001
0 0.6933333333333331 0.079375 0.05333299999999999 0.12375
0 0.5600003333333334 0.065625 0.04 0.10125
0 0.5275003333333332 0.07 0.048332999999999994 0.1325
0 0.44750033333333344 0.069375 0.041667000000000017 0.10375000000000001
0 0.47750033333333336 0.093125 0.055 0.12875
0 0.48666633333333326 0.146875 0.06333299999999999 0.16375
0 0.49833333333333335 0.169375 0.05333299999999999 0.14875
0 0.18666633333333332 0.356875 0.03666700000000001 0.08875
0 0.16750033333333336 0.36375 0.041667000000000017 0.1
0 0.08583333333333334 0.381875 0.045000000000000005 0.07125000000000001
0 0.03833333333333334 0.37625000000000003 0.060000000000000005 0.115
0 0.9283333333333333 0.380625 0.13 0.26125
