0 0.5641663333333333 0.21375 0.035 0.07
0 0.5650003333333333 0.37 0.04 0.08
0 0.6700003333333333 0.370625 0.03333299999999999 0.06875
0 0.6216663333333334 0.32375 0.03666700000000001 0.075
0 0.5925003333333334 0.364375 0.035 0.07125000000000001
0 0.42000033333333336 0.058125 0.023333000000000038 0.043750000000000004
0 0.4216663333333334 0.069375 0.02000000000000005 0.04375000000000001
0 0.37583333333333335 0.075625 0.025 0.043750000000000004
0 0.39416633333333334 0.091875 0.015000000000000001 0.03875
0 0.3791663333333333 0.089375 0.015000000000000001 0.03625
0 0.36416633333333337 0.109375 0.02833299999999999 0.04875
0 0.41500033333333336 0.13125 0.030000000000000002 0.06
