0 0.5233333333333333 0.665 0.09000000000000001 0.1825
0 0.5158333333333334 0.5593750000000001 0.088333 0.17624999999999993
0 0.47500033333333336 0.46875 0.11 0.2225
0 0.4400003333333334 0.3675 0.09666699999999998 0.1925
0 0.40666633333333335 0.3025 0.08333300000000005 0.16749999999999995
0 0.38416633333333333 0.22 0.08833299999999995 0.1775
0 0.3791663333333333 0.15 0.08166700000000002 0.165
0 0.3750003333333333 0.084375 0.08333299999999999 0.16875
0 0.5916663333333334 0.180625 0.04 0.11375
0 0.17916633333333334 0.155625 0.048332999999999994 0.09875000000000002
0 0.15000033333333335 0.18625 0.05333300000000002 0.08
0 0.10583333333333333 0.17375000000000002 0.065 0.125
0 0.24666633333333335 0.203125 0.06333299999999999 0.13875
0 0.26333333333333336 0.231875 0.060000000000000005 0.12375
0 0.5691663333333332 0.23625000000000002 0.06833299999999999 0.14
0 0.6516663333333335 0.21 0.07666700000000001 0.155
