0 0.6783333333333335 0.20750000000000002 0.07 0.14
0 0.6683333333333333 0.2 0.04333299999999999 0.11
0 0.8491663333333332 0.185 0.01833299999999999 0.0625
0 0.8333333333333334 0.185625 0.026667000000000014 0.06625
0 0.7233333333333334 0.203125 0.04333299999999999 0.10625
0 0.5583333333333333 0.23125 0.03333299999999999 0.0675
0 0.5350003333333334 0.2025 0.04 0.11
0 0.5075003333333333 0.20750000000000002 0.045000000000000005 0.13
0 0.47916633333333325 0.208125 0.058332999999999996 0.12875
0 0.9241663333333334 0.174375 0.015000000000000001 0.03875
0 0.9375003333333333 0.181875 0.018333000000000085 0.04625
