0 0.5258333333333334 0.27 0.115 0.23
0 0.4525003333333334 0.27 0.115 0.2325
0 0.9716663333333335 0.23 0.04666699999999992 0.14
0 0.9166663333333332 0.23625000000000002 0.04666699999999992 0.1375
0 0.8091663333333334 0.28750000000000003 0.14166700000000002 0.39
0 0.6625003333333332 0.249375 0.05166700000000001 0.15875
0 0.6991663333333334 0.28500000000000003 0.078333 0.2275
0 0.6041663333333332 0.29125 0.078333 0.23500000000000001
0 0.26666633333333334 0.463125 0.31333300000000003 0.65625
0 0.6258333333333334 0.24375 0.041667000000000017 0.12
