0 0.5125003333333333 0.3425 0.025 0.0525
0 0.8625003333333335 0.2675 0.02166699999999992 0.0475
0 0.8158333333333334 0.278125 0.021667000000000013 0.043750000000000004
0 0.7516663333333333 0.24 0.02 0.04
0 0.7725003333333333 0.243125 0.01833299999999999 0.03375
0 0.7908333333333334 0.230625 0.015000000000000001 0.03625
0 0.8150003333333334 0.2325 0.01666700000000001 0.035
0 0.3408333333333334 0.27062499999999995 0.01833299999999999 0.02875
0 0.3408333333333334 0.28687500000000005 0.021667000000000013 0.03625
0 0.36166633333333337 0.284375 0.02 0.043750000000000004
0 0.37833333333333335 0.324375 0.030000000000000002 0.05625
