0 0.3433333333333333 0.255 0.08333299999999999 0.16750000000000004
0 0.8133333333333332 0.105625 0.04 0.10625
0 0.6541663333333334 0.16375 0.035 0.0725
0 0.6325003333333333 0.160625 0.02833299999999999 0.07375
0 0.5850003333333332 0.18875 0.04333299999999999 0.125
0 0.5308333333333334 0.19625 0.048332999999999994 0.115
0 0.4758333333333334 0.165625 0.03833299999999999 0.08625000000000001
0 0.4391663333333333 0.15687500000000001 0.035 0.07875000000000001
0 0.45583333333333337 0.355625 0.07500000000000001 0.18125
0 0.47250033333333336 0.511875 0.13833300000000004 0.3687499999999999
0 0.8325003333333333 0.409375 0.09499999999999992 0.29625
0 0.21500033333333335 0.42812500000000003 0.046667000000000014 0.11375
0 0.19333333333333336 0.455625 0.06666700000000002 0.17625
0 0.11583333333333334 0.42875 0.03833299999999999 0.08750000000000001
0 0.07833333333333334 0.433125 0.036667 0.09125
0 0.04166633333333334 0.46187500000000004 0.08 0.17875
0 0.11250033333333335 0.196875 0.03833299999999999 0.08125
0 0.27250033333333334 0.14 0.041667000000000017 0.09500000000000001
0 0.27500033333333335 0.168125 0.03666700000000001 0.09875
0 0.2833333333333333 0.195 0.04333299999999999 0.115
0 0.20833333333333334 0.1825 0.030000000000000002 0.0625
0 0.9233333333333333 0.38125000000000003 0.04333300000000009 0.115
0 0.9483333333333334 0.38375000000000004 0.05 0.14250000000000002
0 0.9741663333333332 0.375625 0.03833300000000009 0.13375
