0 0.39750033333333334 0.5431250000000002 0.14500000000000002 0.3112500000000001
0 0.035833333333333335 0.500625 0.061667000000000013 0.16125
0 0.09250033333333334 0.5068750000000001 0.07833300000000001 0.18875
0 0.26583333333333337 0.550625 0.10500000000000001 0.27625
0 0.5358333333333334 0.485 0.058332999999999996 0.1525
0 0.6333333333333334 0.481875 0.05 0.14625
0 0.6766663333333333 0.486875 0.04333299999999999 0.13875
0 0.7100003333333335 0.5125000000000001 0.06666700000000002 0.195
0 0.7616663333333334 0.48875 0.046667000000000014 0.1475
0 0.8125003333333334 0.475625 0.035 0.09375
0 0.8791663333333333 0.4825 0.03833300000000009 0.13
0 0.9083333333333334 0.48875 0.06333300000000008 0.1375
