0 0.5208333333333334 0.384375 0.10500000000000001 0.21125
0 0.3675003333333334 0.5425 0.375 0.75
0 0.15750033333333335 0.463125 0.14166700000000002 0.28375
0 0.9791663333333332 0.08625000000000001 0.028333000000000084 0.0925
0 0.9466663333333333 0.089375 0.03666699999999992 0.10375000000000001
0 0.22250033333333336 0.144375 0.048332999999999994 0.09375
0 0.26000033333333333 0.1325 0.05 0.10250000000000001
0 0.36333333333333334 0.15625 0.04333299999999999 0.08750000000000001
0 0.6158333333333336 0.14 0.031667000000000015 0.07750000000000001
0 0.5858333333333333 0.14 0.031667000000000015 0.06500000000000002
0 0.4241663333333334 0.11125 0.03833299999999999 0.1
0 0.41583333333333333 0.13125 0.035 0.105
0 0.42916633333333337 0.16375 0.025 0.0825
0 0.44500033333333344 0.14375000000000002 0.03666700000000001 0.10750000000000003
0 0.4633333333333334 0.178125 0.04333299999999999 0.11375
0 0.45666633333333345 0.235625 0.046667000000000014 0.12125
0 0.46166633333333323 0.27187500000000003 0.04333299999999999 0.13875
0 0.5016663333333334 0.328125 0.056667000000000016 0.16375
0 0.23583333333333334 0.38625 0.031667000000000015 0.0725
0 0.2783333333333334 0.401875 0.05333299999999999 0.13625
