0 0.5108333333333334 0.40125 0.11166700000000002 0.225
0 0.5808333333333334 0.408125 0.135 0.27125
0 0.9200003333333335 0.383125 0.08 0.16125
0 0.42750033333333337 0.4025 0.10500000000000001 0.21
0 0.9383333333333334 0.38 0.05 0.1225
0 0.8808333333333334 0.38 0.06166699999999992 0.13
0 0.7641663333333333 0.37375 0.02833299999999999 0.0625
0 0.7216663333333334 0.3875 0.046667000000000014 0.105
0 0.6775003333333335 0.37125 0.021667000000000013 0.0575
0 0.6616663333333332 0.37375 0.02333299999999999 0.06
0 0.6300003333333334 0.37125 0.030000000000000002 0.055
