0 0.43583333333333335 0.248125 0.061666999999999965 0.12375
0 0.26916633333333334 0.24125 0.055 0.11
0 0.8558333333333333 0.24 0.065 0.1375
0 0.6200003333333334 0.241875 0.060000000000000005 0.09875
0 0.49666633333333343 0.235625 0.03666700000000001 0.09125
0 0.45750033333333345 0.234375 0.041667000000000017 0.09875
0 0.010833333333333334 0.2425 0.021667000000000002 0.055
0 0.023333333333333334 0.240625 0.026667 0.05375
0 0.051666333333333335 0.240625 0.026666999999999996 0.058750000000000004
0 0.08083333333333334 0.243125 0.035 0.05625
