0 0.45583333333333337 0.41000000000000003 0.07833300000000004 0.1575
0 0.5058333333333332 0.41125 0.07500000000000001 0.15
0 0.5933333333333334 0.413125 0.08 0.16125
0 0.5558333333333334 0.409375 0.07166700000000002 0.14625
0 0.6950003333333333 0.420625 0.06333299999999999 0.16625
0 0.32750033333333334 0.419375 0.061667000000000013 0.14125000000000001
0 0.29083333333333333 0.404375 0.058332999999999996 0.11375
0 0.19500033333333336 0.410625 0.05 0.13625
0 0.23083333333333333 0.41500000000000004 0.058332999999999996 0.1475
0 0.14833333333333334 0.41250000000000003 0.05333299999999999 0.11750000000000001
0 0.09666633333333333 0.405 0.04999999999999999 0.1275
0 0.06833333333333334 0.414375 0.07000000000000003 0.16875
