0 0.5558333333333334 0.37875000000000003 0.131667 0.32
0 0.06416633333333333 0.36312500000000003 0.11166700000000002 0.22875
0 0.6358333333333334 0.336875 0.06833299999999999 0.18875
0 0.14500033333333331 0.279375 0.03666699999999999 0.06375
0 0.12333333333333334 0.278125 0.030000000000000002 0.06625
0 0.09166633333333332 0.283125 0.02999999999999999 0.06625
0 0.6908333333333334 0.29375 0.025 0.0425
0 0.8608333333333333 0.31749999999999995 0.028333000000000084 0.07249999999999997
0 0.9158333333333334 0.315625 0.03166699999999992 0.07625
0 0.8983333333333334 0.3225 0.030000000000000002 0.0625
