0 0.5068750000000001 0.6500003333333334 0.043750000000000004 0.2
0 0.43875000000000003 0.6358333333333334 0.0475 0.188333
0 0.088125 0.5866663333333334 0.02625 0.103333
0 0.11125 0.5983333333333334 0.035 0.133333
0 0.17 0.5891663333333335 0.0275 0.108333
0 0.206875 0.6025003333333333 0.02875 0.128333
0 0.22062500000000002 0.5825003333333335 0.02375 0.10166700000000002
0 0.416875 0.6108333333333333 0.02625 0.115
0 0.480625 0.6166663333333334 0.02875 0.123333
0 0.5425 0.6200003333333333 0.03 0.133333
0 0.55625 0.6258333333333332 0.0275 0.135
0 0.71875 0.6683333333333333 0.055 0.233333
0 0.794375 0.6591663333333333 0.043750000000000004 0.19166700000000003
0 0.976875 0.6991663333333334 0.04125 0.22166700000000003
0 0.36062500000000003 0.5975003333333334 0.03375 0.115
