0 0.43833333333333335 0.588125 0.11 0.26125
0 0.9308333333333334 0.403125 0.065 0.14625
0 0.6283333333333334 0.46125 0.07666700000000001 0.19
0 0.6916663333333334 0.445 0.060000000000000005 0.1375
0 0.7433333333333334 0.418125 0.05333299999999999 0.12125
0 0.7725003333333333 0.381875 0.048332999999999994 0.10375000000000001
0 0.8158333333333334 0.375625 0.041667000000000017 0.09375
0 0.8941663333333335 0.348125 0.04166699999999992 0.09125
0 0.9191663333333335 0.319375 0.028333000000000084 0.05625
0 0.9433333333333334 0.313125 0.023333000000000086 0.04875
