0 0.36666633333333337 0.451875 0.08666700000000002 0.25625
0 0.5900003333333335 0.46125 0.143333 0.3175
0 0.7908333333333334 0.355 0.021667000000000013 0.04
0 0.8275003333333333 0.36125 0.02833299999999999 0.055
0 0.8166663333333333 0.361875 0.02333299999999999 0.04875
0 0.8500003333333334 0.35625 0.016666999999999918 0.035
0 0.8800003333333333 0.37 0.023333000000000086 0.055
0 0.8991663333333335 0.37 0.025 0.055
0 0.8625003333333335 0.379375 0.03833300000000009 0.07625
0 0.9408333333333334 0.35625 0.018333000000000085 0.035
