0 0.41166633333333336 0.568125 0.17666699999999996 0.41875
0 0.03166633333333334 0.411875 0.033333 0.08375
0 0.07000033333333333 0.41500000000000004 0.05333300000000001 0.105
0 0.09500033333333335 0.413125 0.040000000000000015 0.10375000000000001
0 0.15333333333333335 0.39937500000000004 0.030000000000000002 0.06125
0 0.24666633333333335 0.40375 0.030000000000000002 0.07
0 0.23000033333333336 0.43 0.04 0.0925
0 0.29416633333333336 0.42875 0.048332999999999994 0.1325
0 0.34250033333333335 0.42875 0.048332999999999994 0.105
0 0.5875003333333334 0.42375 0.025 0.0625
0 0.5558333333333334 0.426875 0.03833299999999999 0.07875
0 0.5066663333333333 0.483125 0.09000000000000001 0.20375000000000001
0 0.7833333333333334 0.431875 0.026667000000000014 0.058750000000000004
0 0.8075003333333335 0.435 0.021667000000000013 0.05
0 0.8566663333333334 0.4425 0.026666999999999916 0.0625
0 0.9133333333333334 0.45375 0.04 0.08750000000000001
