0 0.4950003333333335 0.501875 0.123333 0.33124999999999993
0 0.11583333333333334 0.390625 0.041667000000000017 0.09375
0 0.19750033333333336 0.39437500000000003 0.035 0.08875
0 0.26833333333333337 0.443125 0.1 0.21125
0 0.33416633333333334 0.40125 0.035 0.0775
0 0.38500033333333333 0.40125 0.030000000000000002 0.0775
0 0.4525003333333334 0.404375 0.035 0.08125
0 0.9816663333333335 0.415625 0.026666999999999916 0.08875
0 0.9541663333333334 0.411875 0.03166699999999992 0.06375
0 0.9200003333333335 0.41000000000000003 0.030000000000000002 0.065
0 0.8758333333333334 0.40875 0.04166699999999992 0.095
0 0.9000003333333333 0.4475 0.04333300000000009 0.1075
0 0.8208333333333334 0.421875 0.048332999999999994 0.12625
0 0.7808333333333334 0.426875 0.048332999999999994 0.13625
0 0.7441663333333335 0.41875 0.05166700000000001 0.1225
0 0.6991663333333334 0.420625 0.055 0.13875
0 0.6641663333333334 0.401875 0.041667000000000017 0.08375
0 0.6133333333333334 0.405625 0.04 0.09625
0 0.5825003333333334 0.401875 0.035 0.08625000000000001
0 0.5616663333333334 0.404375 0.030000000000000002 0.07375
