0 0.5125003333333334 0.541875 0.118333 0.40875
0 0.5916663333333334 0.519375 0.1 0.28875
0 0.40500033333333335 0.538125 0.18000000000000002 0.4387499999999999
0 0.7650003333333335 0.33375 0.01666700000000001 0.0375
0 0.7625003333333334 0.35875 0.021667000000000013 0.05
0 0.7875003333333332 0.359375 0.01833299999999999 0.04875
0 0.8783333333333334 0.37875000000000003 0.016666999999999918 0.0375
0 0.9358333333333334 0.47375 0.09833300000000009 0.2025
0 0.8566663333333334 0.466875 0.10333300000000009 0.24625
0 0.8150003333333334 0.491875 0.1033329999999999 0.23375
0 0.7050003333333333 0.4875 0.093333 0.2775
