0 0.8150003333333333 0.353125 0.06333299999999999 0.12125
0 0.7475003333333333 0.33187500000000003 0.06833299999999999 0.12625
0 0.4400003333333334 0.5925 0.09333300000000004 0.16
0 0.8566663333333334 0.25499999999999995 0.04666699999999992 0.105
0 0.8508333333333334 0.033125 0.02166699999999992 0.05625
0 0.7183333333333334 0.0475 0.026667000000000014 0.0625
0 0.7425003333333333 0.045 0.02833299999999999 0.06
0 0.8200003333333333 0.089375 0.03333299999999999 0.07125000000000001
0 0.8241663333333334 0.079375 0.031667000000000015 0.07875
0 0.6833333333333333 0.1225 0.03333299999999999 0.0825
0 0.7025003333333334 0.12625 0.035 0.085
