0 0.44916633333333333 0.49062500000000003 0.16166700000000006 0.43375
0 0.2516663333333333 0.42 0.08666700000000002 0.20750000000000002
0 0.14750033333333332 0.41625 0.08166699999999999 0.1775
0 0.9691663333333332 0.37625000000000003 0.03833300000000009 0.0775
0 0.9366663333333333 0.36 0.02 0.0525
0 0.9191663333333335 0.364375 0.02166699999999992 0.04875
0 0.7675003333333333 0.379375 0.03833299999999999 0.08625000000000001
0 0.5291663333333334 0.379375 0.035 0.11375
0 0.5816663333333334 0.36 0.030000000000000002 0.0625
0 0.6033333333333334 0.36312500000000003 0.02333299999999999 0.05375
0 0.6141663333333335 0.36 0.021667000000000013 0.06
0 0.6383333333333334 0.364375 0.026667000000000014 0.058750000000000004
