0 0.28833333333333333 0.560625 0.1 0.26875
0 0.38333333333333336 0.57125 0.11333300000000004 0.28
0 0.5258333333333334 0.561875 0.14166700000000002 0.32625
0 0.9525003333333333 0.51125 0.07500000000000001 0.15
0 0.41833333333333333 0.6 0.11333300000000004 0.2800000000000001
0 0.047500333333333346 0.465625 0.04500000000000001 0.09375
0 0.12416633333333334 0.47000000000000003 0.045000000000000005 0.11
0 0.15666633333333335 0.46187500000000004 0.030000000000000002 0.07875
0 0.2325003333333333 0.4675 0.035 0.12
0 0.25750033333333333 0.5 0.061667000000000013 0.16
0 0.42500033333333337 0.449375 0.02 0.04625
0 0.44416633333333344 0.455625 0.031667000000000015 0.06375
0 0.4900003333333335 0.4475 0.01666700000000001 0.05
0 0.5408333333333334 0.41500000000000004 0.015000000000000001 0.03
0 0.5691663333333334 0.478125 0.041667000000000017 0.11875000000000001
0 0.5883333333333334 0.474375 0.03666700000000001 0.09625
0 0.6300003333333334 0.48375 0.05 0.1275
0 0.6675003333333333 0.45 0.011667000000000012 0.0375
0 0.6816663333333333 0.45 0.013332999999999989 0.035
0 0.6491663333333334 0.499375 0.045000000000000005 0.13375
0 0.6975003333333334 0.45 0.015000000000000001 0.04
0 0.7133333333333334 0.45 0.013332999999999989 0.035
0 0.7441663333333334 0.451875 0.015000000000000001 0.04125
0 0.7300003333333333 0.469375 0.030000000000000002 0.08125
0 0.7550003333333333 0.455 0.013332999999999989 0.0375
0 0.7733333333333334 0.455625 0.02 0.043750000000000004
0 0.8158333333333334 0.47250000000000003 0.03833299999999999 0.09
0 0.8541663333333332 0.4825 0.055 0.1075
0 0.8958333333333334 0.484375 0.045000000000000005 0.10375000000000001
0 0.9216663333333333 0.476875 0.04 0.09125
