0 0.6366663333333334 0.479375 0.123333 0.24125
0 0.4300003333333334 0.37 0.036666999999999964 0.0825
0 0.45416633333333345 0.3625 0.021667000000000013 0.0525
0 0.48250033333333325 0.36 0.02833299999999999 0.0675
0 0.5133333333333334 0.3675 0.026667000000000014 0.06
0 0.5541663333333333 0.368125 0.02833299999999999 0.058750000000000004
0 0.6291663333333334 0.37875000000000003 0.035 0.0775
0 0.9675003333333333 0.389375 0.04166699999999992 0.08625000000000001
0 0.8808333333333334 0.385625 0.03166699999999992 0.07375
0 0.9125003333333334 0.38625 0.035 0.0725
0 0.5891663333333335 0.36625 0.01833299999999999 0.0425
