0 0.4600003333333334 0.4675 0.08 0.2025
0 0.06833333333333336 0.366875 0.026667 0.06875
0 0.12166633333333333 0.378125 0.026667000000000014 0.06375
0 0.15500033333333335 0.3825 0.02 0.06
0 0.6600003333333334 0.3975 0.02 0.04
0 0.05916633333333333 0.5825 0.118333 0.4625
0 0.17166633333333334 0.515625 0.12666700000000003 0.29625
0 0.27166633333333334 0.57625 0.19 0.47000000000000003
0 0.6366663333333334 0.444375 0.046667000000000014 0.11875000000000001
0 0.5950003333333332 0.436875 0.05333299999999999 0.12625
0 0.5241663333333334 0.49562500000000004 0.118333 0.28375
0 0.42666633333333337 0.439375 0.05333300000000004 0.14125000000000001
0 0.35250033333333336 0.49 0.09833299999999999 0.2175
