0 0.5508333333333334 0.49375 0.17166700000000001 0.435
0 0.8166663333333335 0.58 0.1500000000000001 0.3399999999999999
0 0.16166633333333336 0.48125 0.13333300000000003 0.34500000000000003
0 0.34416633333333335 0.46187500000000004 0.135 0.34125
0 0.9508333333333334 0.489375 0.085 0.34375
0 0.8283333333333334 0.476875 0.13 0.30375
0 0.6983333333333334 0.39625 0.08 0.1925
0 0.27416633333333335 0.34750000000000003 0.041667000000000017 0.10250000000000001
0 0.6150003333333334 0.34625 0.04 0.1
0 0.4083333333333333 0.34625 0.046667000000000014 0.11
0 0.4400003333333334 0.343125 0.030000000000000002 0.07875
0 0.47666633333333325 0.338125 0.03333299999999999 0.08375
0 0.49833333333333335 0.32937500000000003 0.02 0.04625
