0 0.44083333333333335 0.49375 0.135 0.3175
0 0.05583333333333334 0.43875000000000003 0.095 0.25
0 0.12500033333333335 0.370625 0.056667000000000016 0.12625
0 0.22750033333333336 0.451875 0.118333 0.28375
0 0.8166663333333334 0.426875 0.07 0.15625
0 0.5508333333333334 0.41500000000000004 0.085 0.1825
0 0.6125003333333334 0.384375 0.041667000000000017 0.09875
0 0.6091663333333333 0.4025 0.03833299999999999 0.09
0 0.6666663333333332 0.39 0.06333299999999999 0.14
0 0.7158333333333334 0.52875 0.168333 0.4375
