0 0.24833333333333335 0.39437500000000003 0.19666700000000004 0.51625
0 0.44333333333333336 0.4025 0.24333300000000005 0.585
0 0.6700003333333334 0.2475 0.09000000000000001 0.18
0 0.7350003333333333 0.2525 0.08333299999999999 0.16750000000000004
0 0.5858333333333333 0.2425 0.061667000000000013 0.14250000000000002
0 0.7100003333333333 0.215 0.030000000000000002 0.0625
0 0.7858333333333334 0.20500000000000002 0.01833299999999999 0.0425
0 0.7891663333333333 0.22 0.02833299999999999 0.065
0 0.8141663333333333 0.2125 0.02833299999999999 0.0675
0 0.8241663333333334 0.22375 0.02833299999999999 0.06
0 0.9300003333333335 0.23500000000000001 0.033333000000000085 0.0825
0 0.9491663333333334 0.24 0.05166699999999992 0.115
0 0.9566663333333335 0.33875 0.07333300000000009 0.23750000000000002
