0 0.45333333333333337 0.50375 0.13 0.23750000000000002
0 0.31583333333333335 0.4625 0.058332999999999996 0.125
0 0.035833333333333335 0.463125 0.048333 0.11125
0 0.41250033333333336 0.46875 0.045000000000000005 0.1075
0 0.5041663333333334 0.463125 0.035 0.09125
0 0.5225003333333333 0.445625 0.025 0.06125
0 0.5483333333333333 0.453125 0.03333299999999999 0.07875
0 0.8016663333333334 0.4525 0.030000000000000002 0.075
0 0.8500003333333334 0.465625 0.030000000000000002 0.08875
0 0.8191663333333334 0.4825 0.041667000000000017 0.11750000000000001
0 0.7583333333333334 0.481875 0.056667000000000016 0.12875
0 0.7700003333333335 0.5325 0.08666700000000002 0.1925
0 0.9750003333333334 0.51375 0.04 0.1575
