0 0.13166633333333339 0.468125 0.263333 0.79125
0 0.5791663333333334 0.52 0.325 0.8
0 0.34416633333333335 0.33375 0.125 0.2925
0 0.9650003333333335 0.28375 0.05 0.10000000000000003
0 0.9116663333333332 0.280625 0.04333300000000009 0.09625
0 0.8925003333333335 0.28 0.03833300000000009 0.08
0 0.8458333333333334 0.26812499999999995 0.03166699999999992 0.07125000000000001
0 0.6841663333333333 0.265 0.035 0.0775
0 0.7025003333333334 0.265 0.035 0.075
0 0.7358333333333333 0.279375 0.045000000000000005 0.10875
0 0.7291663333333332 0.261875 0.02833299999999999 0.07875
0 0.7575003333333334 0.2725 0.035 0.09
0 0.7875003333333332 0.2675 0.03833299999999999 0.0925
0 0.7916663333333334 0.291875 0.05 0.10124999999999997
