0 0.20583333333333334 0.6225 0.14500000000000002 0.355
0 0.4316663333333334 0.5875 0.13333300000000003 0.3125
0 0.6633333333333333 0.39625 0.08 0.165
0 0.7508333333333332 0.403125 0.07500000000000001 0.15375
0 0.9750003333333334 0.355625 0.04 0.09125
0 0.7883333333333333 0.355 0.04333299999999999 0.1
0 0.8291663333333334 0.336875 0.048333000000000084 0.09875
0 0.8891663333333333 0.319375 0.03833300000000009 0.08625000000000001
0 0.9366663333333333 0.28874999999999995 0.026666999999999916 0.06
0 0.9591663333333335 0.26375 0.028333000000000084 0.055
0 0.9875003333333335 0.25749999999999995 0.018333000000000085 0.04
