0 0.5541663333333333 0.538125 0.265 0.5562499999999999
0 0.30250033333333337 0.556875 0.29166700000000007 0.62625
0 0.06250033333333335 0.38875 0.125 0.39
0 0.47000033333333335 0.33375 0.04 0.1275
0 0.4241663333333334 0.349375 0.061667000000000013 0.17125
0 0.18666633333333332 0.368125 0.08666700000000002 0.23625000000000002
0 0.7041663333333334 0.336875 0.031667000000000015 0.07625
0 0.7200003333333332 0.350625 0.056667000000000016 0.11125
0 0.7150003333333333 0.4475 0.11333299999999999 0.2625
0 0.7933333333333333 0.355625 0.056667000000000016 0.13125
0 0.8616663333333334 0.36375 0.05666699999999992 0.125
0 0.9100003333333333 0.39875 0.07 0.1575
0 0.9316663333333333 0.49562500000000004 0.13 0.37625000000000003
0 0.8316663333333335 0.505625 0.1233330000000001 0.29625
