0 0.5866663333333333 0.49375 0.136667 0.275
0 0.9316663333333333 0.64375 0.1333330000000001 0.28250000000000003
0 0.5375003333333332 0.10625 0.05166700000000001 0.1225
0 0.3716663333333334 0.091875 0.056667000000000016 0.13125
0 0.03416633333333333 0.31875000000000003 0.068333 0.20750000000000002
0 0.14750033333333334 0.149375 0.05833300000000002 0.15375
0 0.35833333333333334 0.2325 0.06666700000000002 0.1675
0 0.15583333333333335 0.22875 0.055 0.1625
0 0.13000033333333336 0.276875 0.073333 0.18875
0 0.19833333333333333 0.31125 0.05 0.1075
0 0.22083333333333335 0.3725 0.07500000000000001 0.2125
