0 0.77625 0.4077777777777778 0.1325 0.633333
0 0.9 0.39666677777777776 0.1375 0.651111
0 0.225 0.37666677777777774 0.095 0.45555599999999996
0 0.12375 0.41888877777777783 0.0625 0.30888899999999997
0 0.668125 0.36777777777777776 0.043750000000000004 0.268889
0 0.32 0.09888877777777778 0.0325 0.166667
0 0.30125 0.15777777777777777 0.0325 0.09333299999999999
0 0.34500000000000003 0.25222177777777777 0.0375 0.162222
0 0.333125 0.33999977777777785 0.03125 0.11111100000000003
0 0.3175 0.4011107777777778 0.030000000000000037 0.16666700000000004
0 0.29937499999999995 0.25222177777777777 0.03625 0.162222
0 0.29187500000000005 0.3322217777777779 0.02875 0.22888900000000004
