0 0.7075 0.3688887777777778 0.09 0.431111
0 0.785 0.3711107777777778 0.0975 0.4622219999999999
0 0.24125 0.37444477777777774 0.0825 0.3977780000000001
0 0.325625 0.07888877777777778 0.02625 0.157778
0 0.309375 0.12111077777777778 0.02625 0.11333299999999999
0 0.346875 0.20888877777777778 0.03125 0.17777800000000002
0 0.30625 0.23555577777777775 0.0325 0.17333300000000001
0 0.2975 0.3222217777777778 0.035 0.22222200000000003
0 0.33125 0.3688887777777778 0.05 0.27111100000000005
0 0.610625 0.3688887777777778 0.04125 0.204444
