0 0.28500000000000003 0.6677777777777778 0.0575 0.277778
0 0.695625 0.6388887777777777 0.05625 0.268889
0 0.74875 0.6355557777777777 0.0625 0.30222200000000005
0 0.03625 0.5544447777777778 0.0225 0.13555600000000007
0 0.053125 0.5444447777777778 0.02125 0.12444400000000005
0 0.131875 0.5199997777777777 0.01875 0.08444399999999999
0 0.153125 0.5355557777777777 0.016249999999999983 0.10666700000000004
0 0.169375 0.5722217777777777 0.02625 0.16666699999999998
0 0.195 0.5555557777777778 0.0275 0.15555600000000003
0 0.21125 0.5644447777777778 0.0125 0.14222199999999993
0 0.226875 0.5722217777777779 0.02375 0.15777800000000006
0 0.63 0.6066667777777778 0.045 0.23555599999999996
0 0.6012500000000001 0.6144447777777777 0.0325 0.22
0 0.5743750000000001 0.5299997777777777 0.02375 0.11333299999999996
0 0.541875 0.5411107777777777 0.02375 0.09555599999999995
0 0.51875 0.5877777777777777 0.0225 0.18
0 0.49062500000000003 0.5922217777777777 0.03875 0.1844439999999999
0 0.45937500000000003 0.5177777777777778 0.01875 0.08444399999999999
0 0.42312500000000003 0.5644447777777778 0.03125 0.15111100000000002
0 0.39375 0.6011107777777779 0.035 0.19777800000000006
0 0.375 0.5677777777777778 0.0225 0.15777799999999995
0 0.361875 0.5699997777777779 0.02375 0.17111100000000004
0 0.33875 0.6133337777777778 0.035 0.20888899999999996
