0 0.215 0.7911107777777777 0.0775 0.4
0 0.739375 0.6688887777777778 0.05375 0.27111100000000005
0 0.831875 0.6511107777777778 0.03625 0.21333300000000002
0 0.795 0.6322217777777778 0.03 0.2333330000000001
0 0.979375 0.5922217777777777 0.02375 0.17555599999999996
0 0.41375 0.5822217777777777 0.03 0.133333
0 0.3575 0.8033337777777778 0.085 0.371111
0 0.28 0.7933337777777778 0.0575 0.3733330000000001
0 0.375625 0.6022217777777777 0.02875 0.16
0 0.324375 0.6244447777777777 0.02875 0.21333300000000002
0 0.153125 0.6644447777777778 0.03374999999999998 0.23555599999999996
0 0.115625 0.6099997777777778 0.03125 0.18888899999999997
0 0.0825 0.5811107777777778 0.0225 0.15333300000000002
0 0.0325 0.5799997777777778 0.025 0.12444400000000005
0 0.0525 0.6255557777777777 0.035 0.17555599999999996
0 0.04875 0.8277777777777777 0.075 0.32666700000000004
0 0.47875 0.6966667777777777 0.0475 0.255556
0 0.44125000000000003 0.8344447777777777 0.065 0.313333
