0 0.603125 0.5422217777777778 0.18375 0.875556
0 0.79 0.5099997777777777 0.1975 0.9355560000000002
0 0.216875 0.4077777777777778 0.07625 0.4333330000000001
0 0.13375 0.42222177777777775 0.0825 0.4933330000000001
0 0.306875 0.40555577777777774 0.07625 0.4466669999999999
0 0.37125 0.38666677777777775 0.0475 0.511111
0 0.421875 0.3977777777777778 0.058750000000000004 0.5555560000000002
0 0.888125 0.5033337777777778 0.09375 0.8333330000000001
0 0.685625 0.4255557777777777 0.09125 0.757778
0 0.5425 0.4088887777777778 0.085 0.551111
0 0.2725 0.3733337777777778 0.085 0.40444400000000014
