0 0.36875 0.6122217777777778 0.13 0.62
0 0.525 0.6211107777777779 0.14250000000000002 0.677778
0 0.90625 0.5444447777777778 0.1075 0.511111
0 0.974375 0.5322217777777778 0.043750000000000004 0.5622219999999999
0 0.80125 0.4622217777777778 0.0425 0.262222
0 0.745 0.44444477777777774 0.0475 0.2888890000000001
0 0.63625 0.44888877777777775 0.037500000000000075 0.244444
0 0.670625 0.43444477777777785 0.02625 0.18888899999999997
0 0.6112500000000001 0.45111077777777775 0.035 0.23555599999999996
0 0.568125 0.44666677777777775 0.03125 0.22666699999999998
0 0.458125 0.4455557777777778 0.03625 0.184444
0 0.2925 0.5088887777777779 0.0375 0.30222200000000005
0 0.245625 0.5199997777777777 0.05625 0.324444
0 0.18 0.5155557777777778 0.0425 0.26666700000000004
0 0.145625 0.5211107777777778 0.03875 0.23777800000000002
0 0.105625 0.5344447777777778 0.05375 0.304444
0 0.06125 0.5522217777777778 0.0375 0.22444399999999998
0 0.0225 0.5322217777777778 0.045 0.2777780000000001
0 0.926875 0.4477777777777778 0.06125 0.291111
0 0.8675 0.4655557777777778 0.0575 0.2777780000000001
