0 0.369375 0.7933337777777778 0.07875 0.3733330000000001
0 0.856875 0.6722217777777778 0.05375 0.25555600000000006
0 0.06375 0.6011107777777778 0.0275 0.13555600000000007
0 0.1 0.5777777777777777 0.02 0.08888899999999997
0 0.11937500000000001 0.5999997777777778 0.01625 0.12
0 0.14625 0.6277777777777778 0.03 0.14
0 0.18937500000000002 0.5988887777777777 0.02875 0.13555600000000007
0 0.21875 0.6122217777777776 0.02 0.16222199999999992
0 0.24875 0.6333337777777778 0.025 0.19111100000000003
0 0.324375 0.7533337777777778 0.04875 0.32
0 0.280625 0.8033337777777777 0.051250000000000004 0.36222199999999993
0 0.281875 0.5822217777777776 0.03625 0.10222199999999992
0 0.40375 0.7899997777777779 0.045 0.31777800000000006
0 0.899375 0.6533337777777778 0.03625 0.2444439999999999
0 0.9375 0.6511107777777778 0.0275 0.24444400000000005
0 0.975 0.6811107777777777 0.0325 0.25555600000000006
0 0.719375 0.5733337777777778 0.02875 0.12888899999999998
0 0.69625 0.595555777777778 0.0325 0.13777800000000007
0 0.685625 0.5866667777777778 0.02125 0.12
0 0.01875 0.6733337777777779 0.035 0.204444
