0 0.1875 0.7833337777777778 0.09 0.411111
0 0.261875 0.5999997777777778 0.03875 0.19111100000000003
0 0.30125 0.5888887777777778 0.0425 0.20444400000000004
0 0.4675 0.7555557777777777 0.0975 0.4622220000000001
0 0.565625 0.7599997777777777 0.09375 0.448889
0 0.87875 0.6588887777777778 0.0575 0.273333
0 0.6775 0.6577777777777778 0.0425 0.24444400000000005
0 0.6525 0.6733337777777778 0.05 0.24888899999999997
0 0.349375 0.5511107777777777 0.02125 0.12888899999999998
0 0.32625 0.5733337777777778 0.035 0.19111100000000003
0 0.218125 0.5833337777777778 0.03875 0.18
0 0.19 0.5688887777777778 0.035 0.15111100000000002
0 0.165 0.5422217777777778 0.0225 0.11111099999999996
0 0.128125 0.5677777777777778 0.02625 0.16222200000000006
0 0.095625 0.5655557777777778 0.03125 0.16222199999999992
0 0.069375 0.6077777777777778 0.028750000000000008 0.22
0 0.04 0.6077777777777778 0.0325 0.21555599999999994
