0 0.24375 0.7733337777777778 0.075 0.36
0 0.32625 0.7811107777777778 0.0725 0.344444
0 0.6475 0.756666777777778 0.0575 0.2777780000000001
0 0.58125 0.6911107777777777 0.035 0.15111100000000002
0 0.485 0.7355557777777779 0.035 0.23555600000000002
0 0.455625 0.7544447777777777 0.03875 0.22444399999999998
0 0.33875 0.6811107777777778 0.0325 0.19777800000000006
0 0.265 0.6555557777777777 0.0175 0.11555600000000002
0 0.193125 0.6622217777777778 0.01875 0.1466669999999999
0 0.140625 0.6844447777777777 0.03125 0.195556
0 0.105625 0.6799997777777779 0.02625 0.17333299999999996
0 0.075 0.6633337777777777 0.025 0.15333299999999997
0 0.0525 0.6711107777777777 0.0175 0.1466669999999999
0 0.0375 0.7288887777777778 0.0325 0.23555600000000002
0 0.009375 0.7211107777777777 0.01875 0.255556
