0 0.645625 0.6199997777777778 0.06125 0.29333299999999995
0 0.745625 0.7088887777777778 0.07875 0.37777799999999995
0 0.8475 0.7133337777777778 0.07 0.3333330000000001
0 0.32375 0.6433337777777778 0.0625 0.3
0 0.9825 0.5933337777777776 0.0225 0.18222199999999994
0 0.963125 0.5499997777777778 0.02125 0.15777800000000006
0 0.9425 0.5577777777777778 0.0225 0.15111099999999997
0 0.20625000000000002 0.5755557777777779 0.0275 0.17333300000000001
0 0.54 0.5111107777777778 0.0175 0.11555600000000002
0 0.5625 0.5022217777777778 0.02 0.10666699999999998
0 0.45625 0.5144447777777778 0.025 0.12222199999999993
0 0.716875 0.6644447777777778 0.03875 0.27111100000000005
