0 0.51375 0.6855557777777778 0.0725 0.36666700000000013
0 0.834375 0.6355557777777777 0.06875 0.31555599999999995
0 0.675625 0.7744447777777779 0.08625000000000001 0.4466669999999999
0 0.6062500000000001 0.7755557777777777 0.07499999999999993 0.431111
0 0.145625 0.5433337777777778 0.03125 0.14
0 0.185625 0.5366667777777777 0.02625 0.16222200000000006
0 0.245625 0.6577777777777778 0.05375 0.29777799999999993
0 0.335625 0.5499997777777778 0.02875 0.16666700000000004
0 0.341875 0.6111107777777778 0.04125 0.20444399999999993
0 0.37625000000000003 0.5833337777777778 0.035 0.21555599999999994
0 0.408125 0.5955557777777778 0.02625 0.21333300000000002
0 0.45 0.5399997777777777 0.025 0.15111099999999997
0 0.4675 0.5322217777777778 0.0225 0.15777800000000006
0 0.575625 0.5888887777777778 0.02625 0.24
0 0.713125 0.6299997777777777 0.03125 0.22888899999999998
0 0.739375 0.6255557777777777 0.01875 0.21111100000000002
0 0.6825 0.5644447777777778 0.02 0.19111100000000003
0 0.6475 0.5822217777777777 0.035 0.20888899999999996
0 0.61375 0.5588887777777778 0.0225 0.16222200000000006
0 0.9606250000000001 0.5844447777777778 0.04125 0.21333300000000002
0 0.909375 0.5599997777777778 0.02875 0.17777800000000007
0 0.88 0.5788887777777778 0.0325 0.19333299999999995
