0 0.89 0.6699997777777777 0.055 0.273333
0 0.20625000000000002 0.8077777777777778 0.075 0.344444
0 0.291875 0.8088887777777778 0.07374999999999997 0.364444
0 0.085625 0.5988887777777777 0.02625 0.14444399999999993
0 0.049375 0.5699997777777779 0.01875 0.07777799999999994
0 0.01625 0.7066667777777778 0.0325 0.23555600000000002
0 0.1425 0.6122217777777778 0.025 0.13555600000000007
0 0.163125 0.6455557777777777 0.03125 0.18888899999999997
0 0.530625 0.5877777777777777 0.02625 0.13111100000000003
0 0.775625 0.5899997777777778 0.02125 0.13555599999999995
0 0.756875 0.5877777777777777 0.01875 0.11333300000000002
0 0.976875 0.6288887777777779 0.03625 0.23111100000000004
0 0.9393750000000001 0.6566667777777777 0.03625 0.25555599999999995
0 0.633125 0.5588887777777778 0.02625 0.1
0 0.504375 0.5844447777777778 0.02375 0.10666699999999998
0 0.4975 0.6733337777777777 0.0325 0.18222199999999994
0 0.46187500000000004 0.5922217777777777 0.02375 0.13555600000000007
0 0.380625 0.5933337777777777 0.02625 0.133333
0 0.34750000000000003 0.5899997777777778 0.0225 0.13555599999999995
0 0.320625 0.6577777777777778 0.03625 0.19555599999999995
0 0.28624999999999995 0.6499997777777777 0.0475 0.21555599999999994
0 0.26 0.6211107777777779 0.0325 0.16666699999999998
0 0.6875 0.5811107777777778 0.02 0.15333300000000002
0 0.11 0.5855557777777779 0.02 0.12666699999999997
0 0.431875 0.7199997777777778 0.06125 0.29333299999999995
