0 0.8356250000000001 0.8299997777777778 0.03375 0.16222200000000006
0 0.8718750000000001 0.8211107777777776 0.03125 0.15333299999999997
0 0.753125 0.8233337777777778 0.043750000000000004 0.18888899999999997
0 0.9712500000000001 0.7866667777777777 0.025 0.12
0 0.791875 0.7888887777777778 0.02375 0.13777799999999996
0 0.6825 0.7688887777777778 0.02 0.09333299999999996
0 0.6212500000000001 0.774444777777778 0.02 0.09555600000000002
0 0.560625 0.7933337777777777 0.02125 0.12444399999999999
0 0.530625 0.7711107777777778 0.01875 0.08444399999999999
0 0.47625 0.7822217777777778 0.02 0.08888899999999997
0 0.449375 0.776666777777778 0.01875 0.09555600000000002
0 0.429375 0.7711107777777778 0.01625 0.10222200000000005
0 0.34875 0.756666777777778 0.0125 0.04666700000000004
0 0.32937500000000003 0.7699997777777778 0.02125 0.09555600000000002
0 0.295 0.7766667777777779 0.0175 0.09111100000000003
0 0.27625000000000005 0.7677777777777778 0.0175 0.06444399999999999
0 0.240625 0.7588887777777779 0.01375 0.07333299999999995
0 0.154375 0.8011107777777777 0.028749999999999984 0.14
0 0.123125 0.7944447777777778 0.01625 0.13111100000000003
0 0.09375 0.7855557777777777 0.02 0.10888899999999997
0 0.016875 0.7633337777777777 0.02875 0.11333299999999996
0 0.70625 0.7633337777777777 0.0175 0.07333299999999995
