0 0.5068750000000001 0.7922217777777777 0.03375 0.16222199999999992
0 0.40125 0.6788887777777778 0.035 0.10888899999999997
0 0.29875 0.7277777777777777 0.025 0.11777799999999994
0 0.32375 0.7222217777777777 0.0225 0.11111100000000003
0 0.3425 0.713333777777778 0.0275 0.11555600000000002
0 0.8375 0.7388887777777778 0.0325 0.16666700000000004
0 0.725 0.7644447777777779 0.0275 0.16888899999999998
0 0.68875 0.7711107777777778 0.03 0.204444
0 0.6625 0.7888887777777778 0.025 0.17777799999999994
0 0.485 0.7444447777777777 0.03 0.13333299999999995
0 0.964375 0.8288887777777778 0.043750000000000004 0.22222200000000006
