0 0.55625 0.8744447777777777 0.045 0.22
0 0.60375 0.8799997777777778 0.0425 0.204444
0 0.73625 0.7977777777777778 0.0125 0.06666700000000005
0 0.7225 0.8177777777777778 0.0125 0.09333299999999996
0 0.691875 0.8177777777777778 0.02125 0.08888899999999997
0 0.664375 0.8277777777777777 0.01875 0.09555600000000002
0 0.6375000000000001 0.8155557777777778 0.01499999999999993 0.08444399999999999
0 0.595 0.8077777777777778 0.0175 0.1
0 0.520625 0.8377777777777777 0.02125 0.14666700000000005
0 0.49625 0.8377777777777777 0.025 0.13333299999999995
0 0.449375 0.7911107777777777 0.01125 0.062222000000000055
0 0.39625 0.7944447777777778 0.0125 0.06
0 0.38375000000000004 0.8011107777777778 0.01 0.055556000000000015
0 0.349375 0.8033337777777777 0.01375 0.07333299999999995
0 0.335625 0.8022217777777778 0.01625 0.05777799999999995
0 0.26562499999999994 0.8166667777777777 0.01875 0.10444399999999998
0 0.2425 0.8199997777777779 0.015 0.10666700000000004
0 0.20750000000000002 0.8066667777777777 0.015 0.08888899999999997
0 0.22625 0.8088887777777778 0.0125 0.08888899999999997
0 0.195 0.8055557777777778 0.0175 0.08222200000000006
0 0.16125 0.7966667777777777 0.0175 0.07777799999999994
0 0.13125 0.8088887777777778 0.0175 0.08
0 0.11 0.7988887777777778 0.02 0.1
0 0.08125 0.8077777777777778 0.015 0.09555600000000002
0 0.063125 0.8099997777777779 0.01375 0.07777799999999994
0 0.05 0.8011107777777777 0.015 0.09111100000000003
0 0.035625000000000004 0.8033337777777779 0.01375 0.09555600000000002
0 0.020625 0.8022217777777779 0.01625 0.09777800000000007
0 0.29187500000000005 0.8033337777777779 0.01125 0.08666700000000004
