0 0.090625 0.7955557777777778 0.06875 0.34666700000000006
0 0.16 0.7944447777777777 0.0725 0.36222199999999993
0 0.043125000000000004 0.7411107777777779 0.05625 0.28666700000000006
0 0.985625 0.6511107777777778 0.02625 0.25777799999999995
0 0.938125 0.6566667777777777 0.03875 0.273333
0 0.658125 0.5799997777777778 0.01875 0.13777799999999996
0 0.631875 0.5933337777777777 0.02374999999999993 0.133333
0 0.5231250000000001 0.5699997777777779 0.02375 0.11777799999999994
0 0.50375 0.5822217777777777 0.0275 0.133333
0 0.536875 0.6911107777777777 0.03625 0.24
0 0.46375 0.6588887777777778 0.03 0.22888899999999998
0 0.32125 0.6466667777777779 0.035 0.23555599999999996
0 0.429375 0.6777777777777778 0.04125 0.26666700000000004
0 0.248125 0.5866667777777778 0.02375 0.12444400000000005
0 0.29 0.5699997777777779 0.025 0.13111100000000003
0 0.19 0.6099997777777778 0.0325 0.15777799999999995
0 0.11 0.5955557777777778 0.0275 0.17333300000000001
0 0.075625 0.5633337777777778 0.02375 0.10888900000000004
0 0.029375000000000002 0.6444447777777779 0.02625 0.2
0 0.5875 0.8344447777777777 0.0575 0.313333
0 0.351875 0.6833337777777777 0.04625 0.22444399999999998
