0 0.530625 0.7055557777777779 0.11875000000000001 0.566667
0 0.651875 0.6322217777777778 0.08625000000000001 0.411111
0 0.7681250000000001 0.6533337777777778 0.10125 0.48444399999999993
0 0.3725 0.7033337777777776 0.0925 0.44222199999999995
0 0.448125 0.664444777777778 0.06625 0.37777800000000006
0 0.698125 0.6233337777777778 0.03875 0.23777799999999993
0 0.8575 0.6644447777777778 0.11750000000000001 0.653333
0 0.926875 0.6077777777777778 0.06125 0.46444400000000013
0 0.27125 0.6888887777777778 0.12499999999999997 0.591111
0 0.20375000000000001 0.6877777777777778 0.0525 0.40666700000000006
0 0.170625 0.6433337777777778 0.02375 0.23777799999999993
0 0.155 0.6133337777777778 0.025 0.20444399999999993
0 0.09375 0.6111107777777778 0.025 0.15111100000000002
0 0.059375000000000004 0.6566667777777777 0.03875 0.277778
0 0.020625 0.6822217777777779 0.04125 0.431111
