0 0.661875 0.5588887777777778 0.10625 0.557778
0 0.368125 0.5911107777777778 0.10125 0.48444399999999993
0 0.715 0.5055557777777777 0.075 0.388889
0 0.104375 0.5599997777777778 0.07875 0.3911109999999999
0 0.505625 0.6322217777777778 0.15875 0.7133330000000001
0 0.5875 0.6077777777777778 0.0825 0.633333
0 0.7375 0.4999997777777777 0.0325 0.28888899999999995
0 0.75625 0.4933337777777777 0.0325 0.22222199999999992
0 0.786875 0.4899997777777778 0.02625 0.22888900000000004
0 0.8025 0.48999977777777776 0.04 0.3311109999999999
0 0.829375 0.49222177777777776 0.07875 0.49555600000000005
