0 0.7766667777777779 0.463125 0.08222200000000006 0.12375
0 0.6699997777777779 0.458125 0.055556000000000015 0.08375
0 0.4811107777777777 0.5025000000000001 0.12666699999999997 0.1925
0 0.07333377777777778 0.464375 0.071111 0.10875
0 0.18666677777777774 0.440625 0.048889 0.07375
0 0.5888887777777778 0.45437500000000003 0.044443999999999984 0.07375
0 0.5522217777777779 0.491875 0.10000000000000006 0.14875
0 0.3955557777777778 0.44625000000000004 0.044443999999999984 0.0775
0 0.37111077777777784 0.4475 0.05333300000000002 0.0825
0 0.2633337777777778 0.451875 0.051111000000000024 0.07125000000000001
