0 0.4655557777777778 0.52375 0.1 0.15
0 0.48444477777777784 0.434375 0.044443999999999984 0.08125
0 0.4333337777777778 0.44875 0.04 0.0525
0 0.36222177777777775 0.4825 0.04 0.0675
0 0.2955557777777778 0.46 0.057777999999999975 0.11
0 0.16999977777777778 0.4475 0.06888899999999999 0.1
0 0.2011107777777778 0.525 0.055556000000000015 0.14
0 0.1377777777777778 0.534375 0.06666700000000002 0.16625
0 0.058888777777777776 0.5487500000000001 0.08222199999999999 0.17500000000000002
0 0.02666677777777778 0.564375 0.053333 0.17874999999999994
