0 0.37555577777777777 0.5225000000000001 0.08 0.1225
0 0.44888877777777775 0.519375 0.08444399999999999 0.12875
0 0.6411107777777778 0.51875 0.09555600000000002 0.14250000000000002
0 0.5233337777777778 0.425 0.055556000000000015 0.085
0 0.40666677777777777 0.411875 0.048888999999999974 0.07375
0 0.725555777777778 0.4275 0.055556000000000015 0.085
0 0.31111077777777774 0.43125 0.048888999999999974 0.0925
0 0.23999977777777776 0.445625 0.04 0.06125
0 0.34333377777777774 0.46187500000000004 0.06 0.10625
0 0.6255557777777777 0.42812500000000003 0.04666700000000004 0.08625000000000001
0 0.5077777777777778 0.508125 0.06444399999999999 0.13375
0 0.9766667777777778 0.42125 0.037777999999999944 0.0825
0 0.9444447777777777 0.53 0.10222199999999992 0.155
0 0.9555557777777777 0.5543750000000001 0.08444399999999999 0.15875
0 0.14555577777777778 0.48625 0.07333299999999997 0.1225
0 0.23666677777777775 0.57125 0.09555599999999999 0.19
0 0.1555557777777778 0.595625 0.11111100000000002 0.21874999999999994
0 0.1022217777777778 0.63375 0.146667 0.2325
