0 0.4255557777777778 0.5387500000000001 0.255556 0.385
0 0.7455557777777777 0.475625 0.32222199999999995 0.48375
0 0.35777777777777775 0.38375000000000004 0.2 0.3
0 0.049999777777777775 0.278125 0.04666699999999999 0.09375
0 0.17555577777777778 0.27062499999999995 0.048889 0.08875
0 0.14444477777777776 0.28625 0.06666699999999999 0.11500000000000003
0 0.2877777777777778 0.296875 0.06444399999999999 0.11625000000000003
0 0.45555577777777784 0.295625 0.05777800000000001 0.11625
0 0.12222177777777778 0.318125 0.11555599999999998 0.17874999999999996
0 0.2299997777777778 0.3325 0.11333300000000002 0.2
0 0.8277777777777777 0.3375 0.10888899999999997 0.1775
