0 0.5222217777777778 0.51875 0.13333299999999995 0.2
0 0.644444777777778 0.440625 0.03555600000000002 0.058750000000000004
0 0.6655557777777777 0.445625 0.028888999999999974 0.05375
0 0.8166667777777777 0.441875 0.03333299999999996 0.05625
0 0.7544447777777777 0.444375 0.03333299999999996 0.06125
0 0.9377777777777778 0.43625 0.031111000000000028 0.0575
0 0.8788887777777779 0.45625 0.04666700000000004 0.09
0 0.8633337777777778 0.470625 0.06 0.11125
0 0.9799997777777778 0.435 0.02666700000000004 0.0575
0 0.5777777777777777 0.464375 0.048888999999999974 0.09125
0 0.47222177777777774 0.47625 0.06 0.115
0 0.43444477777777785 0.480625 0.042221999999999996 0.10125
