0 0.5077777777777778 0.714375 0.15333300000000002 0.23125
0 0.9088887777777778 0.3075 0.022222000000000054 0.032499999999999966
0 0.8422217777777777 0.30875 0.022222000000000054 0.0375
0 0.8133337777777777 0.3075 0.022222000000000054 0.029999999999999964
0 0.5644447777777778 0.306875 0.022222000000000054 0.03125
0 0.5599997777777777 0.318125 0.022221999999999992 0.03624999999999996
0 0.5388887777777778 0.319375 0.02 0.03625
0 0.35444477777777783 0.316875 0.03333300000000002 0.043750000000000004
0 0.22666677777777774 0.326875 0.031110999999999996 0.04125
0 0.16999977777777778 0.324375 0.03333299999999999 0.051250000000000004
0 0.014444777777777779 0.33437500000000003 0.028888999999999998 0.05625
