0 0.2266667777777778 0.745625 0.15555600000000006 0.23375
0 0.8299997777777778 0.308125 0.028888999999999974 0.043750000000000004
0 0.8044447777777778 0.31125 0.031111000000000028 0.045
0 0.5333337777777778 0.316875 0.04 0.04625
0 0.5877777777777777 0.343125 0.028888999999999974 0.04875
0 0.43444477777777785 0.361875 0.042221999999999996 0.05625
0 0.49888877777777774 0.42562500000000003 0.06444399999999999 0.09125
0 0.3977777777777778 0.41000000000000003 0.048888999999999974 0.08
0 0.3088887777777778 0.35000000000000003 0.031111000000000028 0.0475
0 0.24888877777777774 0.385625 0.04 0.051250000000000004
0 0.1933337777777778 0.409375 0.04 0.07125000000000001
