0 0.31444477777777774 0.5700000000000001 0.08666700000000001 0.13
0 0.5066667777777779 0.46375 0.05333300000000002 0.0825
0 0.5633337777777778 0.3725 0.028889000000000036 0.0425
0 0.5177777777777778 0.374375 0.022221999999999992 0.04625
0 0.4455557777777778 0.379375 0.024443999999999987 0.04125
0 0.36555577777777776 0.37875000000000003 0.028888999999999974 0.04
0 0.3355557777777778 0.40750000000000003 0.031111000000000028 0.06
0 0.7377777777777778 0.36125 0.02666700000000004 0.035
0 0.9877777777777778 0.36875 0.015556000000000014 0.0375
0 0.9133337777777779 0.36875 0.02666700000000004 0.04
0 0.8911107777777778 0.36562500000000003 0.022222000000000054 0.043750000000000004
