0 0.5633337777777777 0.40875 0.144444 0.2175
0 0.2599997777777778 0.37 0.097778 0.1475
0 0.48222177777777775 0.395625 0.11111100000000003 0.16875
0 0.7266667777777778 0.384375 0.06666700000000005 0.14875
0 0.7911107777777778 0.37875000000000003 0.07555600000000001 0.17250000000000001
0 0.8511107777777779 0.380625 0.07555600000000001 0.15125
0 0.886666777777778 0.39437500000000003 0.09777800000000007 0.16875
0 0.37777777777777777 0.37375 0.08888899999999997 0.1525
0 0.1766667777777778 0.45687500000000003 0.14000000000000004 0.25375000000000003
0 0.05444477777777777 0.48812500000000003 0.108889 0.16625
