0 0.5177777777777778 0.45125 0.11555599999999995 0.17500000000000002
0 0.8177777777777778 0.48 0.14666700000000005 0.22
0 0.6411107777777778 0.40375 0.024443999999999987 0.0625
0 0.6722217777777776 0.40375 0.024443999999999987 0.06
0 0.7066667777777778 0.411875 0.03555600000000002 0.06875
0 0.6044447777777777 0.40875 0.044443999999999984 0.0775
0 0.5611107777777777 0.405625 0.03333300000000002 0.07375
0 0.7511107777777779 0.40750000000000003 0.04 0.0725
0 0.9811107777777776 0.41250000000000003 0.024443999999999987 0.065
0 0.33111077777777775 0.43 0.06666699999999998 0.1325
0 0.2311107777777778 0.47625 0.102222 0.20750000000000002
0 0.08333377777777777 0.5181250000000001 0.131111 0.26125
0 0.8933337777777778 0.536875 0.2 0.38125000000000003
0 0.45111077777777775 0.5025000000000001 0.15111100000000002 0.2725
