0 0.4477777777777778 0.494375 0.122222 0.18625
0 0.23111077777777778 0.47625 0.11111099999999996 0.1675
0 0.36999977777777776 0.479375 0.1 0.15125
0 0.13111077777777777 0.505 0.12444400000000001 0.1875
0 0.6333337777777778 0.431875 0.031111000000000028 0.08125
0 0.6711107777777777 0.43062500000000004 0.031111000000000028 0.06625
0 0.5655557777777778 0.431875 0.024443999999999987 0.06375
0 0.5811107777777778 0.4325 0.028888999999999974 0.08
0 0.5355557777777777 0.434375 0.04 0.06875
0 0.4833337777777778 0.47250000000000003 0.08222199999999999 0.165
0 0.9855557777777778 0.4325 0.02 0.08
0 0.9555557777777779 0.4325 0.048888999999999974 0.08750000000000001
0 0.9055557777777777 0.45687500000000003 0.06 0.14125000000000001
0 0.28999977777777775 0.46125 0.06 0.12
0 0.16999977777777778 0.465 0.06444399999999999 0.13
0 0.10777777777777778 0.47125 0.07333299999999997 0.1275
0 0.029999777777777778 0.471875 0.06 0.15625
