0 0.6588887777777778 0.483125 0.15333299999999997 0.23125
0 0.8144447777777778 0.379375 0.02 0.051250000000000004
0 0.7944447777777778 0.3775 0.028888999999999974 0.0525
0 0.7755557777777777 0.37625000000000003 0.02666700000000004 0.05
0 0.7477777777777778 0.37375 0.028888999999999974 0.055
0 0.7277777777777777 0.380625 0.028888999999999974 0.05625
0 0.7088887777777778 0.38125000000000003 0.02666700000000004 0.055
0 0.6733337777777779 0.375 0.02666700000000004 0.0575
0 0.6277777777777778 0.379375 0.028888999999999974 0.06875
0 0.5544447777777778 0.39687500000000003 0.04222200000000006 0.08625000000000001
0 0.5911107777777778 0.406875 0.062222000000000055 0.12625
0 0.4177777777777778 0.404375 0.048888999999999974 0.12625
0 0.4744447777777777 0.44125000000000003 0.12666699999999997 0.2275
0 0.2911107777777779 0.40125 0.04888900000000004 0.1
0 0.3299997777777777 0.403125 0.04666699999999998 0.12125
0 0.37444477777777774 0.420625 0.06 0.13875
0 0.2299997777777778 0.42375 0.07777800000000001 0.17
0 0.17444477777777775 0.416875 0.068889 0.13625
0 0.11777777777777777 0.419375 0.07111100000000001 0.15375
0 0.034444777777777776 0.434375 0.068889 0.14625
