0 0.8644447777777777 0.48625 0.26666700000000004 0.405
0 0.20999977777777776 0.4975 0.23333299999999998 0.3525
0 0.03888877777777777 0.41625 0.07777800000000001 0.2
0 0.1211107777777778 0.455 0.13555600000000004 0.275
0 0.2477777777777778 0.47875 0.144444 0.29
0 0.5755557777777779 0.38875 0.07555599999999996 0.165
0 0.5911107777777778 0.410625 0.07555599999999996 0.16625
0 0.7244447777777777 0.39437500000000003 0.08888899999999997 0.17875
0 0.8222217777777776 0.4025 0.12444399999999999 0.2125
0 0.9611107777777776 0.385625 0.07333299999999995 0.18375
