0 0.5266667777777777 0.42125 0.07999999999999993 0.1225
0 0.6666667777777777 0.39437500000000003 0.031111000000000028 0.06125
0 0.6999997777777779 0.39125 0.022222000000000054 0.05
0 0.7199997777777778 0.39937500000000004 0.03555600000000002 0.06875
0 0.6266667777777778 0.401875 0.03555600000000002 0.06625
0 0.6033337777777777 0.4025 0.028888999999999974 0.0675
0 0.5677777777777778 0.39937500000000004 0.03333300000000002 0.07875
0 0.4533337777777778 0.441875 0.08444399999999999 0.16625
0 0.3233337777777778 0.44625000000000004 0.07333300000000002 0.1525
0 0.24333377777777773 0.420625 0.05555599999999998 0.10625
0 0.19888877777777778 0.4425 0.07777800000000001 0.17
0 0.03888877777777779 0.44 0.073333 0.1325
0 0.08222177777777778 0.44 0.08 0.16
0 0.11222177777777778 0.473125 0.08666700000000001 0.19125
