0 0.5233337777777778 0.495 0.18888899999999997 0.28500000000000003
0 0.7177777777777777 0.42375 0.11111100000000003 0.1675
0 0.8588887777777775 0.43375 0.10444399999999998 0.1575
0 0.6155557777777778 0.4525 0.12444400000000005 0.1875
0 0.06222177777777778 0.445625 0.097778 0.19375
0 0.08999977777777778 0.473125 0.1 0.19625
0 0.7855557777777777 0.40375 0.051111000000000024 0.1075
0 0.6555557777777777 0.41250000000000003 0.05333299999999996 0.125
0 0.8811107777777779 0.406875 0.051111000000000024 0.10875
0 0.9677777777777777 0.42875 0.055556000000000015 0.1775
0 0.44444477777777774 0.435625 0.08444399999999999 0.19125
0 0.5066667777777778 0.425 0.07111099999999997 0.1625
0 0.23888877777777778 0.450625 0.10888900000000004 0.20375000000000001
0 0.3066667777777778 0.431875 0.09333299999999999 0.18625
0 0.3466667777777778 0.46187500000000004 0.12 0.24375
