0 0.5399997777777779 0.433125 0.08888900000000004 0.13375
0 0.7488887777777778 0.37875000000000003 0.031111000000000028 0.0525
0 0.8044447777777778 0.3775 0.022222000000000054 0.045
0 0.8222217777777779 0.381875 0.03555600000000002 0.06375
0 0.8499997777777778 0.376875 0.024443999999999987 0.04625
0 0.8855557777777777 0.37625000000000003 0.024443999999999987 0.045
0 0.7444447777777777 0.411875 0.03555600000000002 0.06125
0 0.6988887777777778 0.400625 0.04666700000000004 0.08375
0 0.6399997777777777 0.383125 0.022222000000000054 0.03375
0 0.9077777777777778 0.39437500000000003 0.055556000000000015 0.10375000000000001
0 0.9511107777777776 0.384375 0.05333299999999996 0.07875
0 0.9444447777777778 0.405 0.062222000000000055 0.10250000000000001
0 0.5299997777777777 0.405625 0.06 0.10875
0 0.3511107777777777 0.413125 0.06222199999999999 0.10625
0 0.2155557777777778 0.45125 0.08444399999999999 0.135
0 0.11666677777777777 0.4525 0.091111 0.1375
0 0.2888887777777778 0.545 0.22666699999999998 0.3675
