0 0.5466667777777777 0.48812500000000003 0.22666699999999998 0.34125
0 0.055555777777777766 0.4275 0.111111 0.2325
0 0.3788887777777778 0.390625 0.06888900000000003 0.17125
0 0.33666677777777776 0.395625 0.09555600000000002 0.22375
0 0.31444477777777774 0.43125 0.18 0.3
0 0.4699997777777777 0.401875 0.07777800000000001 0.18375
0 0.6122217777777778 0.40625 0.11777799999999994 0.245
0 0.7277777777777777 0.405625 0.1 0.21125
0 0.8933337777777777 0.415625 0.10222199999999992 0.22375
0 0.8322217777777776 0.4175 0.12222199999999993 0.2475
