0 0.14666677777777778 0.6587500000000001 0.16888900000000004 0.255
0 0.5822217777777777 0.62 0.15111100000000002 0.2275
0 0.8711107777777779 0.4675 0.06666700000000005 0.1
0 0.45888877777777776 0.58375 0.10444399999999998 0.1575
0 0.8733337777777779 0.46625 0.06666700000000005 0.1
0 0.41888877777777783 0.5431250000000001 0.08222199999999999 0.15875
0 0.058888777777777776 0.6062500000000001 0.11777800000000001 0.18999999999999995
0 0.8311107777777779 0.420625 0.02666700000000004 0.04125
0 0.7999997777777779 0.410625 0.03555600000000002 0.058750000000000004
0 0.7433337777777776 0.39375 0.024443999999999987 0.04
0 0.7211107777777778 0.390625 0.028888999999999974 0.04125
0 0.6677777777777778 0.389375 0.024443999999999987 0.03875
