0 0.4288887777777778 0.5962500000000001 0.15111100000000002 0.2275
0 0.024444777777777774 0.348125 0.048889 0.09875
0 0.06444477777777777 0.346875 0.048888999999999995 0.08375
0 0.1488887777777778 0.3025 0.04 0.054999999999999966
0 0.14222177777777775 0.319375 0.04 0.05375
0 0.12777777777777777 0.349375 0.05111100000000001 0.07875
0 0.22111077777777774 0.31625000000000003 0.03333299999999999 0.065
0 0.2777777777777778 0.31 0.02666699999999998 0.05249999999999996
0 0.32666677777777775 0.316875 0.04 0.05375
0 0.30777777777777776 0.34500000000000003 0.051111000000000024 0.08
0 0.2511107777777778 0.3725 0.05777800000000001 0.095
