0 0.5466667777777777 0.44375000000000003 0.19555599999999995 0.295
0 0.08888877777777777 0.36562500000000003 0.048889 0.11125
0 0.17111077777777778 0.381875 0.06222199999999999 0.14375000000000002
0 0.22999977777777778 0.42375 0.131111 0.23500000000000001
0 0.4766667777777778 0.384375 0.08222199999999999 0.17125
0 0.5988887777777777 0.39625 0.08666699999999998 0.16
0 0.6122217777777778 0.409375 0.08222200000000006 0.18125
0 0.6755557777777778 0.4 0.062222000000000055 0.17500000000000002
0 0.7422217777777776 0.413125 0.12444399999999999 0.24125
0 0.8711107777777779 0.416875 0.11555600000000002 0.21125
