0 0.6733337777777777 0.5281250000000001 0.14222199999999993 0.21625
0 0.8255557777777779 0.425 0.1 0.1525
0 0.4799997777777777 0.600625 0.146667 0.22124999999999995
0 0.7899997777777777 0.333125 0.051111000000000024 0.08625000000000001
0 0.9188887777777778 0.3225 0.06444399999999999 0.0975
0 0.9722217777777777 0.40375 0.037777999999999944 0.1225
0 0.9433337777777779 0.46125 0.07777800000000007 0.1125
0 0.20444477777777775 0.560625 0.12 0.19625
0 0.13555577777777778 0.633125 0.16888899999999998 0.24625
0 0.017777777777777778 0.25812500000000005 0.035556 0.05375
0 0.08666677777777779 0.274375 0.04444399999999999 0.07625
0 0.08999977777777778 0.2975 0.05555600000000001 0.08750000000000001
0 0.034444777777777776 0.321875 0.055556 0.09625
