0 0.35222177777777774 0.464375 0.051111000000000024 0.07875
0 0.4166667777777778 0.4575 0.04666699999999998 0.0725
0 0.6655557777777777 0.435 0.028888999999999974 0.0475
0 0.6566667777777777 0.44125000000000003 0.02 0.0375
0 0.3888887777777777 0.4225 0.022221999999999992 0.04
0 0.42444477777777784 0.4375 0.031111000000000028 0.055
0 0.2777777777777778 0.42125 0.02666699999999998 0.04
0 0.2888887777777778 0.450625 0.031111000000000028 0.06625
0 0.3377777777777778 0.45687500000000003 0.03555600000000002 0.06375
0 0.2588887777777778 0.465625 0.042221999999999996 0.06875
