0 0.4044447777777778 0.45437500000000003 0.09333300000000003 0.14125000000000001
0 0.9099997777777776 0.413125 0.03333299999999996 0.05375
0 0.8677777777777778 0.42312500000000003 0.037777999999999944 0.06375
0 0.6366667777777778 0.40875 0.024443999999999987 0.0575
0 0.6155557777777778 0.410625 0.017777999999999943 0.051250000000000004
0 0.5899997777777778 0.41250000000000003 0.024443999999999987 0.05
0 0.5555557777777778 0.419375 0.03555600000000002 0.07125000000000001
0 0.5211107777777778 0.41125 0.028888999999999974 0.065
0 0.4999997777777777 0.41500000000000004 0.02666699999999998 0.065
0 0.46666677777777776 0.413125 0.031111000000000028 0.08125
0 0.24111077777777778 0.435 0.046667000000000014 0.10250000000000001
0 0.20222177777777775 0.450625 0.07555600000000001 0.16625
0 0.12888877777777777 0.451875 0.09777799999999999 0.19375
0 0.04555577777777778 0.451875 0.082222 0.16625
0 0.9344447777777778 0.55875 0.11777799999999994 0.35749999999999993
