0 0.12222177777777776 0.521875 0.244444 0.3687500000000001
0 0.7366667777777778 0.50125 0.21555600000000003 0.32500000000000007
0 0.21222177777777776 0.405 0.073333 0.135
0 0.2888887777777778 0.419375 0.08888899999999997 0.15125
0 0.3977777777777778 0.385 0.04 0.085
0 0.46555577777777774 0.39375 0.04666699999999998 0.105
0 0.4311107777777778 0.42312500000000003 0.08444399999999999 0.17625
0 0.5011107777777778 0.393125 0.06 0.13625
0 0.9655557777777777 0.40750000000000003 0.06444399999999999 0.19
0 0.9488887777777778 0.424375 0.09333299999999996 0.18875
