0 0.7199997777777778 0.370625 0.044443999999999984 0.06875
0 0.48222177777777775 0.403125 0.06666699999999998 0.10125
0 0.7511107777777779 0.35625 0.04 0.0625
0 0.29777777777777775 0.474375 0.09333299999999999 0.14125000000000001
0 0.14333377777777775 0.466875 0.1 0.15125
0 0.7766667777777777 0.353125 0.024443999999999987 0.05375
0 0.7066667777777778 0.351875 0.02666700000000004 0.06125
0 0.5677777777777778 0.39187500000000003 0.04222200000000006 0.07375
0 0.4677777777777778 0.393125 0.04666699999999998 0.08125
0 0.1555557777777778 0.4425 0.053333000000000005 0.1125
0 0.2866667777777778 0.450625 0.09333299999999999 0.13125
0 0.10666677777777778 0.43062500000000004 0.05777800000000001 0.10875
0 0.03111077777777778 0.43 0.062222 0.1125
