0 0.3933337777777778 0.483125 0.097778 0.14625
0 0.6499997777777777 0.46125 0.06888899999999998 0.105
0 0.8788887777777779 0.479375 0.08222200000000006 0.12375
0 0.026666777777777772 0.464375 0.044444000000000004 0.09875
0 0.43999977777777777 0.468125 0.044443999999999984 0.07125000000000001
0 0.46111077777777776 0.4575 0.05111099999999996 0.0975
0 0.5333337777777778 0.453125 0.03555600000000002 0.06625
0 0.5044447777777779 0.48 0.08888900000000004 0.16
0 0.8399997777777778 0.450625 0.031111000000000028 0.06625
0 0.8555557777777778 0.45437500000000003 0.04 0.07625
0 0.9099997777777779 0.464375 0.055556000000000015 0.10625
0 0.9766667777777778 0.45437500000000003 0.04222200000000006 0.08625000000000001
