0 0.47222177777777774 0.41625 0.17111100000000004 0.2575
0 0.6366667777777779 0.424375 0.15333300000000002 0.23125
0 0.3633337777777778 0.405 0.14888899999999997 0.225
0 0.1844447777777778 0.42812500000000003 0.17777800000000002 0.26875
0 0.6822217777777779 0.32625 0.04 0.075
0 0.7966667777777777 0.335 0.04222200000000006 0.075
0 0.5366667777777777 0.406875 0.12222200000000005 0.17625
0 0.9111107777777778 0.40625 0.09777800000000007 0.17
0 0.8955557777777777 0.42875 0.09777799999999995 0.1625
0 0.9711107777777778 0.426875 0.048888999999999974 0.14125000000000001
