0 0.5433337777777778 0.519375 0.09111100000000003 0.13875
0 0.7411107777777779 0.4675 0.024443999999999987 0.05
0 0.705555777777778 0.48812500000000003 0.055556000000000015 0.10125
0 0.6988887777777778 0.504375 0.08222200000000006 0.10875
0 0.3922217777777778 0.5125000000000001 0.06 0.065
0 0.45111077777777775 0.50375 0.05333300000000002 0.08750000000000001
0 0.31444477777777774 0.49312500000000004 0.07333299999999995 0.10125
0 0.9777777777777777 0.474375 0.03555600000000002 0.06875
0 0.9255557777777778 0.46625 0.028888999999999974 0.04
0 0.9755557777777777 0.5431250000000001 0.044443999999999984 0.15625
