0 0.43444477777777785 0.486875 0.07777800000000001 0.11625
0 0.5944447777777777 0.464375 0.06 0.09125
0 0.8088887777777778 0.47875 0.06666700000000005 0.1
0 0.01999977777777778 0.46875 0.04 0.0925
0 0.07999977777777778 0.480625 0.04444400000000001 0.08375
0 0.09777777777777778 0.47250000000000003 0.05777800000000001 0.11
0 0.14555577777777778 0.5181250000000001 0.1 0.18375
0 0.32555577777777783 0.465625 0.037778000000000006 0.07625
0 0.5777777777777777 0.465625 0.03555599999999995 0.07125000000000001
0 0.5499997777777779 0.473125 0.03333300000000002 0.04875
0 0.6522217777777777 0.45875 0.03333299999999996 0.0575
0 0.9811107777777776 0.44625000000000004 0.024443999999999987 0.05
0 0.9666667777777778 0.44625000000000004 0.02666700000000004 0.0525
0 0.9522217777777776 0.45 0.03333299999999996 0.06
0 0.9022217777777778 0.45437500000000003 0.04 0.07375
0 0.8711107777777779 0.448125 0.03555600000000002 0.06625
0 0.8955557777777777 0.47250000000000003 0.03555600000000002 0.0575
0 0.9266667777777777 0.46625 0.044443999999999984 0.075
0 0.774444777777778 0.465625 0.04666700000000004 0.08875
