0 0.5411107777777777 0.74125 0.22888899999999998 0.34500000000000003
0 0.40666677777777777 0.24375 0.031111000000000028 0.0625
0 0.2088887777777778 0.230625 0.02666700000000001 0.05375
0 0.2311107777777778 0.244375 0.02666700000000001 0.051250000000000004
0 0.2655557777777778 0.26937500000000003 0.03777799999999998 0.07375
0 0.23666677777777775 0.26875 0.03333299999999999 0.0625
0 0.20777777777777778 0.27125000000000005 0.042221999999999996 0.0775
0 0.17444477777777775 0.26812499999999995 0.037778000000000006 0.07625
0 0.1133337777777778 0.23750000000000002 0.035556 0.055
0 0.1555557777777778 0.28750000000000003 0.04888899999999999 0.09
0 0.10888877777777778 0.26687500000000003 0.04 0.08125
0 0.07999977777777778 0.26875 0.04 0.0725
0 0.01999977777777778 0.283125 0.035556 0.04875
