0 0.42444477777777784 0.5331250000000001 0.09333300000000003 0.14125000000000001
0 0.5644447777777778 0.53125 0.08888899999999997 0.135
0 0.4499997777777778 0.566875 0.06444399999999999 0.09625
0 0.6511107777777778 0.486875 0.08444399999999999 0.12875
0 0.6099997777777778 0.481875 0.037777999999999944 0.11125
0 0.5822217777777777 0.504375 0.04 0.12125
0 0.5455557777777778 0.466875 0.042221999999999996 0.12125
0 0.47555577777777785 0.52125 0.05777800000000001 0.13
0 0.4455557777777778 0.355625 0.028888999999999974 0.05375
0 0.016666777777777777 0.46125 0.033332999999999995 0.10250000000000001
0 0.05333377777777778 0.455 0.06222199999999999 0.1125
