0 0.7566667777777779 0.33375 0.14 0.21
0 0.033333777777777775 0.309375 0.05777800000000001 0.14375000000000002
0 0.09999977777777777 0.3025 0.071111 0.16999999999999996
0 0.16555577777777777 0.313125 0.07777800000000001 0.15375
0 0.2444447777777778 0.319375 0.08888900000000004 0.15625
0 0.3588887777777778 0.310625 0.06888899999999998 0.16625
0 0.41444477777777783 0.316875 0.06888900000000003 0.17125
0 0.37222177777777776 0.32937500000000003 0.1 0.16625
0 0.5077777777777778 0.338125 0.09111100000000003 0.22125
0 0.6588887777777778 0.33375 0.06888899999999998 0.19
0 0.5877777777777777 0.349375 0.10444400000000005 0.25375000000000003
0 0.5455557777777778 0.383125 0.10444399999999998 0.26125
0 0.8955557777777777 0.3425 0.07555600000000001 0.2025
0 0.9233337777777778 0.369375 0.14 0.28125
