0 0.47416633333333336 0.556875 0.10500000000000001 0.21125
0 0.35333333333333333 0.385 0.09000000000000001 0.18
0 0.6216663333333333 0.364375 0.09000000000000001 0.18375
0 0.3116663333333333 0.050625 0.04 0.09625
0 0.35583333333333333 0.06375 0.035 0.08750000000000001
0 0.40750033333333335 0.063125 0.04166699999999997 0.09625
0 0.44500033333333344 0.07062500000000001 0.03666700000000001 0.10375000000000001
0 0.27250033333333334 0.31375000000000003 0.055 0.1225
0 0.32916633333333334 0.301875 0.06833299999999999 0.14625000000000005
0 0.36250033333333337 0.30312500000000003 0.065 0.13875
0 0.8758333333333334 0.2225 0.06166699999999992 0.14250000000000002
0 0.7166663333333335 0.341875 0.06666700000000002 0.14875
0 0.8366663333333335 0.31125 0.07666700000000001 0.17
