0 0.42666677777777784 0.44375000000000003 0.04 0.06
0 0.6844447777777777 0.451875 0.044443999999999984 0.06625
0 0.8211107777777777 0.448125 0.04222200000000006 0.06375
0 0.7722217777777777 0.40375 0.03333299999999996 0.0525
0 0.7155557777777779 0.405625 0.031111000000000028 0.04625
0 0.7111107777777778 0.44875 0.031111000000000028 0.07
0 0.3855557777777778 0.455625 0.028888999999999974 0.03875
0 0.9733337777777777 0.43875000000000003 0.04 0.075
0 0.9288887777777778 0.441875 0.031111000000000028 0.06625
0 0.9011107777777778 0.441875 0.028888999999999974 0.06875
