0 0.5511107777777777 0.431875 0.03555599999999995 0.05375
0 0.09222177777777778 0.41125 0.028889000000000005 0.045
0 0.6811107777777778 0.4325 0.04666700000000004 0.07
0 0.6399997777777777 0.440625 0.04 0.06125
0 0.03888877777777777 0.41875 0.028888999999999995 0.045
0 0.9066667777777777 0.45 0.05333299999999996 0.065
0 0.8622217777777779 0.4525 0.03555600000000002 0.065
0 0.6766667777777777 0.4325 0.03333299999999996 0.055
0 0.30777777777777776 0.43625 0.042221999999999996 0.05
0 0.15666677777777782 0.413125 0.028889000000000005 0.051250000000000004
