0 0.5355557777777777 0.40625 0.14666700000000005 0.22
0 0.39555577777777773 0.39875 0.146667 0.22
0 0.8411107777777778 0.3375 0.028888999999999974 0.075
0 0.8522217777777777 0.34 0.037777999999999944 0.08750000000000001
0 0.7922217777777778 0.341875 0.037777999999999944 0.07875
0 0.884444777777778 0.374375 0.07555600000000001 0.13375
0 0.5799997777777778 0.35375 0.048888999999999974 0.1475
0 0.6066667777777778 0.358125 0.048888999999999974 0.13125
0 0.3655557777777777 0.3925 0.07777800000000001 0.1775
0 0.31222177777777776 0.375 0.07333300000000002 0.1775
0 0.17888877777777779 0.381875 0.09111099999999998 0.16125
0 0.10444477777777778 0.36875 0.08888900000000001 0.1625
0 0.07111077777777777 0.39625 0.142222 0.23
0 0.02666677777777778 0.398125 0.053333 0.18875
