0 0.7711107777777778 0.25812500000000005 0.062222000000000055 0.09375
0 0.7277777777777777 0.274375 0.06888899999999998 0.10375000000000001
0 0.6699997777777775 0.249375 0.06444399999999999 0.09875
0 0.4155557777777778 0.6218750000000001 0.15555600000000003 0.23374999999999993
0 0.5311107777777777 0.72375 0.20888899999999996 0.315
0 0.9366667777777777 0.286875 0.07777799999999994 0.11624999999999996
0 0.8644447777777777 0.281875 0.06666700000000005 0.11625
0 0.5311107777777777 0.226875 0.05333300000000002 0.07875
0 0.4633337777777778 0.25749999999999995 0.04666699999999998 0.0825
0 0.4255557777777777 0.248125 0.042221999999999996 0.07875
