0 0.35444477777777783 0.5975 0.16222200000000003 0.2425
0 0.5388887777777778 0.20750000000000002 0.03333300000000002 0.0675
0 0.4999997777777777 0.203125 0.04 0.06875
0 0.43777777777777777 0.22375 0.044443999999999984 0.07
0 0.5011107777777777 0.231875 0.042221999999999996 0.07125000000000001
0 0.3877777777777778 0.215 0.042221999999999996 0.07
0 0.38444477777777775 0.233125 0.044443999999999984 0.07625
0 0.30222177777777776 0.22625 0.044443999999999984 0.08
0 0.24999977777777777 0.22062500000000002 0.042221999999999996 0.07625
0 0.2388887777777778 0.24 0.028889000000000005 0.055
0 0.04777777777777778 0.274375 0.051111 0.08875
