0 0.4766667777777779 0.680625 0.18888900000000003 0.28375
0 0.22888877777777775 0.720625 0.19555599999999998 0.29375
0 0.3988887777777778 0.669375 0.11333300000000002 0.17125
0 0.21333377777777776 0.850625 0.25333300000000003 0.29625
0 0.35444477777777783 0.20500000000000002 0.04666699999999998 0.0675
0 0.4033337777777778 0.2275 0.037778000000000006 0.085
0 0.43444477777777785 0.23625000000000002 0.051111000000000024 0.1
0 0.2599997777777778 0.2225 0.05777800000000001 0.08750000000000001
0 0.20333377777777772 0.23375 0.05555599999999998 0.09
0 0.1622217777777778 0.23375 0.04888900000000002 0.08750000000000001
