0 0.5388887777777778 0.64875 0.22 0.33
0 0.5344447777777778 0.205625 0.037778000000000006 0.06375
0 0.48222177777777775 0.195 0.02666699999999998 0.0525
0 0.4488887777777777 0.19375 0.02666699999999998 0.055
0 0.4688887777777778 0.2025 0.031111000000000028 0.0575
0 0.2866667777777778 0.21875 0.04 0.0675
0 0.34555577777777774 0.233125 0.05111099999999996 0.08875
0 0.3411107777777777 0.253125 0.04666699999999998 0.10625
0 0.23333377777777772 0.259375 0.03555599999999998 0.05375
0 0.19777777777777777 0.244375 0.04 0.08625000000000001
0 0.24111077777777778 0.215625 0.046667000000000014 0.07625
