0 0.6066663333333333 0.315625 0.15000000000000002 0.30125
0 0.8450003333333334 0.7212500000000001 0.2033330000000001 0.40750000000000003
0 0.9291663333333334 0.426875 0.125 0.31875000000000003
0 0.9033333333333334 0.104375 0.10333300000000009 0.20625000000000002
0 0.7608333333333334 0.10625 0.09833299999999999 0.20750000000000002
0 0.058333333333333334 0.17250000000000001 0.11 0.23500000000000001
0 0.3075003333333334 0.3025 0.155 0.2725
0 0.7858333333333334 0.364375 0.128333 0.29875
0 0.05416633333333332 0.49625 0.108333 0.335
0 0.10416633333333333 0.596875 0.095 0.22625
