0 0.654375 0.6267118949771688 0.06375 0.545662
0 0.07187500000000001 0.660958894977169 0.13375 0.6506849999999997
0 0.183125 0.6484018949771688 0.13875 0.6757989999999999
0 0.130625 0.6438358949771689 0.13875 0.6803649999999999
0 0.24375 0.6826488949771689 0.1125 0.6118720000000001
0 0.740625 0.679223894977169 0.12625 0.6187209999999999
0 0.576875 0.6358448949771691 0.11875000000000001 0.582192
0 0.510625 0.5993148949771688 0.07125000000000001 0.40410999999999997
0 0.4675 0.5901828949771689 0.0725 0.43150699999999986
0 0.421875 0.6095888949771691 0.08125 0.4474890000000001
0 0.358125 0.6164378949771688 0.07625 0.46575299999999986
0 0.935 0.6381278949771688 0.11 0.6826479999999999
