0 0.37 0.5993148949771688 0.11 0.742009
0 0.5431250000000001 0.640410894977169 0.13375 0.6643839999999999
0 0.05625 0.5639268949771689 0.105 0.835616
0 0.15 0.549086894977169 0.1575 0.8470320000000001
0 0.28375 0.521689894977169 0.10000000000000003 0.5502279999999999
0 0.62125 0.43607289497716895 0.05499999999999993 0.369863
0 0.664375 0.434931894977169 0.06875 0.40411
0 0.6950000000000001 0.4680368949771689 0.09 0.44292199999999987
0 0.76125 0.5182648949771689 0.10250000000000001 0.5662099999999999
0 0.93625 0.594748894977169 0.1125 0.7557080000000002
