0 0.71625 0.32444477777777775 0.05 0.23555600000000002
0 0.6525 0.6055557777777778 0.105 0.5
0 0.47250000000000003 0.5044447777777777 0.085 0.40444399999999997
0 0.77 0.3222217777777778 0.0475 0.22666699999999998
0 0.06 0.6055557777777778 0.1075 0.513333
0 0.885625 0.3055557777777777 0.043750000000000004 0.20222199999999999
0 0.9031250000000001 0.3933337777777778 0.06625 0.284444
0 0.245625 0.4522217777777778 0.06625 0.38
0 0.200625 0.4533337777777778 0.06875 0.3555560000000001
0 0.1575 0.4855557777777778 0.07 0.39333299999999993
0 0.27187500000000003 0.6677777777777778 0.09625 0.588889
0 0.22 0.7555557777777777 0.195 0.44
