0 0.26833333333333337 0.380625 0.2 0.34875
0 0.9325003333333333 0.08 0.095 0.1575
0 0.7708333333333334 0.196875 0.07166700000000002 0.19125
0 0.8408333333333334 0.15125 0.14166699999999993 0.295
0 0.2541663333333333 0.124375 0.125 0.24875
0 0.12083333333333333 0.12875 0.11166700000000002 0.24
0 0.05583333333333334 0.17125 0.11166700000000002 0.275
0 0.8000003333333333 0.7106250000000001 0.21666699999999994 0.45625
0 0.6941663333333334 0.663125 0.18166700000000002 0.49125
0 0.5083333333333334 0.71875 0.19333300000000006 0.4025
0 0.45833333333333337 0.608125 0.19 0.38875
