0 0.5231250000000001 0.41999977777777775 0.04125 0.2
0 0.48 0.40555577777777774 0.045 0.22
0 0.685625 0.6799997777777779 0.10875 0.6133329999999998
0 0.5962500000000001 0.6355557777777777 0.075 0.44
0 0.385625 0.7055557777777779 0.08875 0.517778
0 0.2275 0.6844447777777778 0.0975 0.551111
0 0.32125 0.7333337777777778 0.09 0.48888899999999996
0 0.1325 0.6733337777777778 0.10250000000000001 0.582222
0 0.07 0.6866667777777777 0.1 0.564444
0 0.8300000000000001 0.6811107777777777 0.115 0.58
0 0.909375 0.6999997777777779 0.12875 0.56
