0 0.47750000000000004 0.4077777777777778 0.045 0.22
0 0.59375 0.6311107777777779 0.08750000000000001 0.4177779999999999
0 0.68125 0.6622217777777778 0.10250000000000001 0.6
0 0.82875 0.6822217777777779 0.105 0.582222
0 0.94875 0.6733337777777778 0.085 0.5777780000000002
0 0.8925000000000001 0.6888887777777778 0.1475 0.56
0 0.403125 0.6288887777777779 0.07875 0.4622220000000001
0 0.35625 0.6888887777777778 0.0825 0.5155559999999999
0 0.32625 0.7066667777777778 0.09 0.528889
0 0.28375 0.7244447777777777 0.10500000000000004 0.49777799999999994
0 0.21 0.7022217777777778 0.1 0.5600000000000002
0 0.130625 0.6844447777777778 0.09875 0.6044439999999999
0 0.045625 0.6811107777777777 0.08625000000000001 0.5044439999999999
