0 0.285625 0.46555577777777774 0.04125 0.197778
0 0.3775 0.5388887777777779 0.06 0.28666700000000006
0 0.555625 0.44333377777777777 0.03875 0.18888899999999997
0 0.5425 0.41666677777777783 0.0375 0.18
0 0.524375 0.4477777777777778 0.03625 0.17555599999999996
0 0.5018750000000001 0.43444477777777785 0.03375 0.162222
0 0.49 0.4811107777777778 0.035 0.16666700000000004
0 0.47500000000000003 0.4288887777777778 0.03 0.146667
0 0.465625 0.44111077777777774 0.03375 0.162222
0 0.45 0.41666677777777783 0.0325 0.15333299999999997
0 0.440625 0.42222177777777775 0.03125 0.15111100000000002
0 0.42812500000000003 0.4388887777777778 0.03375 0.162222
0 0.416875 0.44333377777777777 0.03875 0.18888899999999997
0 0.400625 0.44666677777777775 0.04125 0.195556
0 0.354375 0.44666677777777775 0.03875 0.18666699999999997
0 0.33875 0.44444477777777774 0.0425 0.204444
0 0.32625 0.45444477777777775 0.0475 0.22444399999999998
0 0.205625 0.4722217777777777 0.051250000000000004 0.24222199999999994
0 0.161875 0.47999977777777775 0.051250000000000004 0.244444
0 0.1275 0.47888877777777783 0.05 0.23777799999999993
0 0.045625 0.5766667777777778 0.07875 0.37555599999999995
0 0.729375 0.48555577777777786 0.05625 0.26888900000000004
0 0.759375 0.48444477777777784 0.05625 0.26666699999999993
0 0.78125 0.49222177777777776 0.055 0.26
0 0.81 0.4966667777777779 0.05 0.23777800000000002
0 0.845 0.5011107777777779 0.0475 0.22888900000000004
0 0.879375 0.5499997777777778 0.043750000000000004 0.2777780000000001
