0 0.560625 0.5099997777777777 0.04625 0.22444400000000006
0 0.69125 0.36666677777777773 0.0225 0.11111099999999996
0 0.87625 0.1866667777777778 0.0275 0.133333
0 0.8525 0.18333377777777773 0.0275 0.131111
0 0.83625 0.18888877777777777 0.0275 0.133333
0 0.805 0.18111077777777773 0.0275 0.131111
0 0.776875 0.18777777777777777 0.02875 0.135556
0 0.754375 0.1911107777777778 0.02875 0.137778
0 0.735 0.1866667777777778 0.03 0.146667
0 0.719375 0.1855557777777778 0.02875 0.14
0 0.703125 0.1866667777777778 0.02875 0.137778
0 0.685625 0.17888877777777779 0.02625 0.12666699999999997
0 0.66625 0.17444477777777775 0.025 0.11777799999999998
0 0.668125 0.17333377777777775 0.02375 0.11111099999999997
0 0.619375 0.17444477777777775 0.02125 0.1
0 0.604375 0.17777777777777778 0.02375 0.11111100000000002
0 0.58625 0.18111077777777776 0.025 0.11777800000000001
0 0.5693750000000001 0.17777777777777778 0.02625 0.12444399999999999
0 0.5537500000000001 0.16777777777777778 0.0225 0.10888899999999999
0 0.64875 0.31111077777777774 0.015 0.07555600000000001
0 0.629375 0.3144447777777777 0.01875 0.09111099999999997
0 0.61375 0.2911107777777778 0.02 0.09777800000000005
0 0.6075 0.3255557777777778 0.02 0.09555600000000002
0 0.45625 0.2788887777777778 0.0375 0.18000000000000002
0 0.443125 0.2733337777777778 0.04125 0.195556
0 0.40875 0.2822217777777778 0.045 0.21333300000000002
0 0.395625 0.2733337777777778 0.043750000000000004 0.20888899999999996
0 0.379375 0.28111077777777776 0.04875 0.233333
0 0.3575 0.28999977777777786 0.05 0.23777800000000002
0 0.313125 0.2744447777777778 0.043750000000000004 0.206667
0 0.32125 0.44222177777777777 0.0525 0.24888899999999997
0 0.29437500000000005 0.4599997777777778 0.04625 0.21777800000000008
0 0.168125 0.35222177777777774 0.04875 0.23333300000000004
0 0.13125 0.4033337777777778 0.0375 0.206667
0 0.168125 0.4233337777777778 0.04125 0.22888899999999998
0 0.84125 0.49888877777777774 0.04 0.24666700000000005
0 0.805625 0.38222177777777777 0.02125 0.11555600000000002
0 0.760625 0.35222177777777774 0.02125 0.10444399999999998
0 0.725 0.3444447777777777 0.0225 0.097778
0 0.508125 0.3444447777777777 0.02125 0.11111099999999996
0 0.485 0.29444477777777783 0.02 0.14
