0 0.425 0.6166667777777778 0.1325 0.633333
0 0.60375 0.6033337777777777 0.1375 0.6555560000000001
0 0.900625 0.3277777777777778 0.07875 0.375556
0 0.96625 0.45444477777777775 0.065 0.455556
0 0.335625 0.49777777777777776 0.04125 0.19555599999999995
0 0.314375 0.5033337777777778 0.043750000000000004 0.21111100000000002
0 0.22375 0.3633337777777778 0.0475 0.22888899999999998
0 0.20500000000000002 0.5566667777777777 0.07 0.33555599999999997
0 0.27 0.30999977777777776 0.0325 0.15777800000000003
0 0.29625 0.33666677777777776 0.04 0.19333300000000006
0 0.739375 0.43555577777777776 0.04125 0.195556
0 0.765625 0.37444477777777774 0.05375 0.255556
0 0.7993750000000001 0.44555577777777783 0.06125 0.29111100000000006
0 0.823125 0.4477777777777778 0.06625 0.3133329999999999
0 0.708125 0.4766667777777778 0.02875 0.19777799999999995
0 0.6843750000000001 0.4622217777777779 0.02625 0.182222
