0 0.6075 0.5488887777777778 0.16 0.7644440000000001
0 0.8375 0.5677777777777778 0.1225 0.637778
0 0.940625 0.5677777777777778 0.11125 0.637778
0 0.38875 0.5677777777777778 0.16 0.757778
0 0.7575000000000001 0.6033337777777777 0.105 0.6288889999999999
0 0.703125 0.6077777777777778 0.11125 0.6244440000000001
0 0.49 0.5677777777777778 0.115 0.7
0 0.274375 0.5788887777777778 0.12375 0.7
0 0.145 0.5966667777777778 0.0975 0.606667
0 0.093125 0.5833337777777778 0.10125 0.6733330000000001
0 0.0525 0.5511107777777777 0.1 0.7377780000000002
