0 0.48333333333333334 0.3525 0.18000000000000002 0.3625
0 0.8516663333333333 0.10187500000000001 0.05333299999999999 0.12125
0 0.8691663333333333 0.130625 0.05166699999999992 0.11875000000000001
0 0.9200003333333335 0.12125 0.04 0.11
0 0.9558333333333334 0.15812500000000002 0.05166699999999992 0.10375000000000002
0 0.9091663333333335 0.19187500000000002 0.06166699999999992 0.11375
0 0.9575003333333333 0.256875 0.07166699999999993 0.16125
0 0.9091663333333335 0.284375 0.09166699999999993 0.19125
0 0.8308333333333334 0.26625 0.07833300000000008 0.185
0 0.7491663333333333 0.2675 0.078333 0.18
0 0.6808333333333334 0.263125 0.07166700000000002 0.18124999999999997
0 0.5550003333333333 0.238125 0.073333 0.17625
0 0.40000033333333335 0.27375 0.11666700000000006 0.24999999999999997
0 0.3075003333333334 0.249375 0.06833299999999999 0.16375
0 0.10833333333333334 0.26625 0.08333299999999999 0.20500000000000002
0 0.14250033333333334 0.254375 0.088333 0.21125
