0 0.43083333333333335 0.405625 0.331667 0.70875
0 0.6950003333333334 0.3675 0.263333 0.6875
0 0.9583333333333334 0.225 0.07 0.17
0 0.8866663333333334 0.225625 0.06666699999999992 0.20125
0 0.5541663333333333 0.1925 0.055 0.145
0 0.26083333333333336 0.201875 0.055 0.15125
0 0.19333333333333336 0.19062500000000002 0.06666700000000002 0.16125
0 0.12833333333333335 0.19875 0.08 0.1775
0 0.08166633333333334 0.38 0.16333300000000003 0.75
0 0.7758333333333334 0.28250000000000003 0.18166699999999994 0.3675
0 0.29166633333333336 0.17375000000000002 0.03666700000000001 0.085
