0 0.593125 0.5277777777777778 0.10625 0.504444
0 0.92625 0.5666667777777777 0.0625 0.4177779999999999
0 0.890625 0.5522217777777778 0.06625 0.41555600000000004
0 0.8325 0.5422217777777778 0.095 0.45333299999999993
0 0.785625 0.5677777777777778 0.07125000000000001 0.48222200000000004
0 0.714375 0.5522217777777779 0.07625 0.4600000000000001
0 0.6637500000000001 0.5611107777777777 0.0525 0.47333300000000006
0 0.635625 0.5299997777777777 0.06625 0.49111099999999996
0 0.478125 0.5266667777777778 0.09125 0.5600000000000002
0 0.388125 0.5388887777777778 0.08625000000000001 0.588889
0 0.34500000000000003 0.5366667777777777 0.09 0.62
0 0.304375 0.5211107777777778 0.08875000000000004 0.6955560000000001
0 0.246875 0.5233337777777778 0.08875 0.6955560000000002
0 0.175625 0.5022217777777778 0.08375 0.76
0 0.115 0.5066667777777779 0.08 0.728889
0 0.041875 0.5077777777777778 0.08375 0.7444440000000001
