0 0.52375 0.6277777777777778 0.1375 0.691111
0 0.72875 0.5966667777777778 0.1075 0.588889
0 0.036875 0.3711107777777778 0.06625 0.395556
0 0.11 0.5422217777777778 0.1 0.573333
0 0.19625 0.5566667777777777 0.09 0.54
0 0.976875 0.2855557777777778 0.03375 0.2511109999999999
0 0.9550000000000001 0.28999977777777775 0.045 0.255556
0 0.92125 0.39888877777777776 0.0525 0.24666700000000005
0 0.7225 0.30777777777777776 0.055 0.26
0 0.694375 0.30555577777777787 0.05625 0.26888900000000004
0 0.26562499999999994 0.30222177777777776 0.051250000000000004 0.244444
