0 0.425 0.5811107777777778 0.13 0.62
0 0.730625 0.6255557777777777 0.13125 0.6288889999999999
0 0.9500000000000001 0.5577777777777779 0.0975 0.5511110000000001
0 0.835 0.5477777777777778 0.0625 0.5177779999999998
0 0.8775000000000001 0.5311107777777777 0.085 0.48888899999999996
0 0.75875 0.4955557777777777 0.0825 0.4799999999999999
0 0.633125 0.5588887777777778 0.12375 0.6644440000000001
0 0.541875 0.5877777777777777 0.11875000000000001 0.6822220000000001
0 0.264375 0.6133337777777778 0.11625 0.6666669999999999
0 0.178125 0.5055557777777777 0.11625 0.5533329999999999
0 0.10312500000000001 0.5366667777777777 0.10625 0.5755559999999998
0 0.0625 0.5266667777777778 0.125 0.595556
