0 0.45916633333333334 0.324375 0.2216670000000001 0.46375
0 0.05666633333333334 0.2325 0.03333300000000001 0.0825
0 0.08333333333333336 0.225625 0.036667 0.08125
0 0.11083333333333334 0.245 0.031667000000000015 0.075
0 0.12416633333333334 0.230625 0.03833299999999999 0.09625
0 0.15000033333333335 0.225625 0.033333000000000015 0.08875
0 0.19000033333333335 0.22375 0.03333299999999999 0.09
0 0.9066663333333332 0.208125 0.05 0.10375000000000001
0 0.8991663333333335 0.395 0.14500000000000002 0.255
0 0.8366663333333333 0.236875 0.073333 0.17125
0 0.7875003333333332 0.26875 0.09833299999999999 0.2475
