0 0.5908333333333333 0.455625 0.311667 0.64125
0 0.9358333333333334 0.340625 0.11833300000000009 0.29125
0 0.028333333333333335 0.24375 0.056667000000000016 0.14
0 0.2325003333333333 0.26625 0.07166700000000002 0.1625
0 0.30833333333333335 0.27375 0.056667000000000016 0.14249999999999996
0 0.38000033333333333 0.278125 0.060000000000000005 0.18375
0 0.47000033333333335 0.264375 0.060000000000000005 0.13875
0 0.5500003333333334 0.27625 0.09666700000000002 0.17499999999999996
0 0.7291663333333332 0.26625 0.048332999999999994 0.1375
0 0.7958333333333334 0.28250000000000003 0.058332999999999996 0.145
0 0.8500003333333334 0.28875 0.07 0.16500000000000004
