0 0.435625 0.5233337777777778 0.12125 0.637778
0 0.56125 0.5622217777777777 0.115 0.644444
0 0.79 0.6255557777777777 0.085 0.46888899999999994
0 0.92125 0.6444447777777779 0.1 0.551111
0 0.254375 0.5977777777777777 0.11125 0.564444
0 0.316875 0.5055557777777778 0.058750000000000004 0.3088890000000001
0 0.9500000000000001 0.5988887777777777 0.07 0.47333300000000006
0 0.879375 0.6177777777777778 0.06875 0.48444400000000004
0 0.12437499999999999 0.4744447777777778 0.051250000000000004 0.26888900000000004
0 0.0325 0.6511107777777778 0.0575 0.5422220000000001
0 0.693125 0.4811107777777778 0.04125 0.2777780000000001
0 0.173125 0.46666677777777776 0.03875 0.21777799999999994
0 0.37625000000000003 0.5777777777777777 0.055 0.46666700000000005
