0 0.5875 0.5966667777777778 0.0625 0.29555599999999993
0 0.650625 0.5899997777777778 0.06375 0.30444400000000005
0 0.945625 0.43444477777777785 0.02375 0.11333300000000002
0 0.921875 0.43111077777777773 0.02875 0.137778
0 0.6025 0.4855557777777778 0.0325 0.15333299999999997
0 0.5593750000000001 0.4911107777777778 0.03625 0.17333299999999996
0 0.505 0.45111077777777775 0.0225 0.10666699999999998
0 0.4875 0.4522217777777778 0.0225 0.10888899999999997
0 0.203125 0.5599997777777778 0.04625 0.21777800000000008
0 0.0275 0.7099997777777778 0.05 0.5088890000000001
