0 0.313125 0.44888877777777775 0.06125 0.29333299999999995
0 0.685 0.1866667777777778 0.03 0.146667
0 0.6625 0.17999977777777776 0.02 0.097778
0 0.6481250000000001 0.18333377777777776 0.02375 0.11333300000000002
0 0.624375 0.1888887777777778 0.02625 0.12444400000000001
0 0.41000000000000003 0.17444477777777775 0.02 0.09555600000000002
0 0.31375000000000003 0.17333377777777775 0.0225 0.10666699999999998
0 0.3575 0.16555577777777777 0.02 0.09555600000000002
0 0.455 0.3322217777777778 0.0425 0.20222199999999999
0 0.418125 0.35111077777777777 0.04625 0.22222199999999995
0 0.3825 0.3588887777777778 0.0575 0.277778
