0 0.5733333333333334 0.35875 0.25 0.59
0 0.07000033333333333 0.193125 0.05666699999999999 0.10875
0 0.10916633333333332 0.193125 0.05166699999999999 0.11125
0 0.15750033333333335 0.19187500000000002 0.041667000000000017 0.09625
0 0.29166633333333336 0.201875 0.07 0.14875
0 0.20416633333333334 0.19875 0.07166700000000002 0.17
0 0.40500033333333335 0.343125 0.10666699999999997 0.25875
0 0.34750033333333336 0.26625 0.115 0.325
0 0.7183333333333334 0.23750000000000002 0.103333 0.3225
0 0.9108333333333334 0.30312500000000003 0.165 0.43375
