0 0.409375 0.5288887777777778 0.11875000000000001 0.6488890000000003
0 0.56875 0.5644447777777778 0.115 0.6488889999999999
0 0.8043750000000001 0.6255557777777777 0.08375 0.46
0 0.858125 0.6244447777777777 0.09125 0.5155559999999999
0 0.235625 0.5944447777777777 0.10375000000000001 0.5622220000000001
0 0.95375 0.6033337777777777 0.0675 0.48666699999999996
0 0.890625 0.6333337777777778 0.06375 0.5155560000000001
0 0.49062500000000003 0.5233337777777779 0.05625 0.41555600000000004
0 0.359375 0.6099997777777778 0.07875 0.548889
0 0.28687500000000005 0.5811107777777778 0.06125 0.566667
0 0.125 0.6644447777777778 0.1075 0.6266669999999999
0 0.0325 0.6666667777777777 0.065 0.564444
