0 0.45875 0.46999977777777785 0.115 0.58
0 0.7925 0.43666677777777774 0.08750000000000001 0.5755559999999998
0 0.909375 0.48222177777777775 0.11625 0.6444439999999999
0 0.62875 0.49666677777777773 0.1325 0.6822220000000001
0 0.389375 0.2933337777777778 0.06625 0.315556
0 0.968125 0.4455557777777778 0.05375 0.46444399999999997
0 0.954375 0.4499997777777778 0.051250000000000004 0.5133329999999999
0 0.843125 0.4711107777777777 0.13125 0.6266669999999999
0 0.69875 0.5211107777777777 0.14 0.668889
0 0.56375 0.3666667777777779 0.09 0.4311110000000001
0 0.2325 0.4266667777777779 0.09 0.4311110000000001
0 0.25562500000000005 0.4255557777777778 0.09125 0.43333299999999997
0 0.180625 0.6311107777777779 0.14375000000000002 0.6844440000000002
0 0.11750000000000001 0.4677777777777778 0.11 0.5222220000000001
0 0.08750000000000001 0.47333377777777774 0.1125 0.5377780000000001
0 0.05375 0.6544447777777779 0.1 0.6644439999999998
0 0.494375 0.24333377777777776 0.02625 0.11333300000000002
