0 0.59375 0.6911107777777776 0.0375 0.18222199999999994
0 0.540625 0.6788887777777778 0.04625 0.22444399999999998
0 0.28500000000000003 0.6199997777777778 0.095 0.5155559999999999
0 0.42125 0.6111107777777778 0.09 0.5333330000000001
0 0.818125 0.6666667777777777 0.06125 0.29333299999999995
0 0.878125 0.6588887777777778 0.07125000000000001 0.3488890000000001
0 0.9293750000000001 0.7111107777777776 0.02875 0.14222199999999993
0 0.45937500000000003 0.6866667777777777 0.04875 0.23555600000000002
0 0.36875 0.7244447777777777 0.02 0.09777799999999995
0 0.35375 0.7199997777777778 0.02 0.09777799999999995
0 0.23625000000000002 0.6777777777777778 0.065 0.311111
0 0.020625 0.6733337777777777 0.03625 0.195556
0 0.499375 0.7133337777777778 0.02625 0.1466669999999999
