0 0.470625 0.5077777777777778 0.02375 0.11777799999999994
0 0.8 0.3511107777777777 0.0225 0.10666699999999998
0 0.93625 0.5911107777777778 0.1125 0.6622219999999998
0 0.78625 0.4255557777777778 0.0275 0.13111100000000003
0 0.654375 0.3277777777777778 0.01625 0.08222199999999999
0 0.64125 0.3355557777777778 0.015 0.07555600000000001
0 0.38125000000000003 0.3222217777777778 0.0175 0.08444399999999999
0 0.45625 0.45666677777777775 0.02 0.09555600000000002
0 0.441875 0.4533337777777778 0.02125 0.102222
0 0.13125 0.5822217777777777 0.02 0.133333
0 0.154375 0.5833337777777778 0.023749999999999983 0.11333300000000002
0 0.14125 0.45444477777777775 0.015 0.07333299999999995
0 0.125625 0.45111077777777775 0.01625 0.08
0 0.081875 0.5188887777777778 0.02125 0.10444399999999998
0 0.2975 0.5366667777777777 0.0225 0.10888899999999997
0 0.27875000000000005 0.5433337777777778 0.0275 0.13111100000000003
