0 0.39687500000000003 0.5922217777777777 0.11875000000000001 0.757778
0 0.565625 0.5511107777777777 0.15125 0.8711110000000001
0 0.953125 0.5377777777777778 0.03625 0.17333299999999996
0 0.91 0.5377777777777778 0.0375 0.18222199999999994
0 0.07125000000000001 0.4855557777777778 0.02000000000000001 0.09555600000000002
0 0.0575 0.4833337777777778 0.02 0.1
0 0.04625 0.4911107777777778 0.0175 0.08444399999999999
0 0.113125 0.4833337777777778 0.01625 0.07777800000000001
0 0.145 0.49444477777777784 0.0275 0.13111100000000003
0 0.161875 0.5011107777777777 0.02625 0.12666699999999997
