0 0.44 0.6122217777777778 0.0775 0.48666699999999996
0 0.824375 0.6077777777777778 0.07125000000000001 0.3933329999999999
0 0.915 0.5733337777777779 0.1125 0.5377780000000001
0 0.80125 0.5911107777777778 0.035 0.36
0 0.63375 0.634444777777778 0.0925 0.43777800000000006
0 0.36875 0.5977777777777777 0.095 0.4533329999999999
0 0.180625 0.5988887777777777 0.05375 0.3444439999999999
0 0.13875 0.5866667777777778 0.07249999999999998 0.34666700000000006
0 0.11 0.6144447777777777 0.07 0.33555599999999997
0 0.08687500000000001 0.5966667777777778 0.09125 0.43333299999999997
