0 0.40375 0.6188887777777778 0.085 0.526667
0 0.92 0.4633337777777778 0.05 0.23777799999999993
0 0.82875 0.42999977777777776 0.055 0.26
0 0.79 0.4955557777777777 0.0675 0.31999999999999995
0 0.68125 0.5944447777777777 0.11750000000000001 0.557778
0 0.561875 0.6133337777777778 0.09875 0.471111
0 0.46375 0.4999997777777777 0.0475 0.3244439999999999
0 0.43 0.5422217777777778 0.045 0.395556
0 0.318125 0.6244447777777777 0.10374999999999997 0.49333299999999997
0 0.261875 0.5744447777777778 0.07125000000000001 0.5
0 0.2125 0.4488887777777778 0.0675 0.32000000000000006
