0 0.81125 0.5155557777777777 0.075 0.36
0 0.59 0.4699997777777778 0.09749999999999993 0.46444399999999997
0 0.8925000000000001 0.5066667777777778 0.075 0.35555600000000004
0 0.675625 0.5411107777777777 0.06125 0.3
0 0.07 0.5111107777777778 0.05750000000000001 0.33333299999999993
0 0.2125 0.5111107777777778 0.05 0.306667
0 0.295 0.5311107777777777 0.04 0.26222200000000007
0 0.33625 0.5199997777777777 0.0475 0.31111099999999997
0 0.38625 0.5299997777777778 0.045 0.26888900000000004
0 0.45 0.5155557777777777 0.0575 0.311111
0 0.48875 0.5311107777777777 0.04 0.27111100000000005
0 0.73875 0.5088887777777779 0.06 0.30222200000000005
