0 0.834375 0.45888877777777776 0.09375 0.495556
0 0.6825 0.4099997777777778 0.0825 0.44666700000000004
0 0.555 0.4099997777777778 0.09 0.504444
0 0.455625 0.4455557777777778 0.08875 0.593333
0 0.11937500000000001 0.3877777777777778 0.06625 0.39777799999999996
0 0.078125 0.49111077777777784 0.08625000000000001 0.582222
0 0.174375 0.4077777777777778 0.07875 0.45111100000000004
0 0.246875 0.44222177777777777 0.07625 0.5244440000000001
0 0.30875 0.3988887777777778 0.06 0.42000000000000004
0 0.39625 0.41222177777777774 0.06 0.44222200000000006
0 0.673125 0.34444477777777777 0.07875 0.37333299999999997
0 0.8306250000000001 0.3355557777777778 0.051250000000000004 0.2888890000000001
