0 0.7625000000000001 0.4999997777777777 0.075 0.36
0 0.470625 0.44888877777777775 0.10375000000000001 0.546667
0 0.880625 0.49444477777777784 0.08125 0.388889
0 0.6743750000000001 0.5333337777777778 0.06375 0.30666699999999997
0 0.5675 0.5022217777777778 0.075 0.36
0 0.073125 0.5066667777777778 0.058750000000000004 0.306667
0 0.18375 0.5088887777777777 0.07 0.33333299999999993
0 0.28500000000000003 0.5033337777777778 0.06 0.3444439999999999
0 0.358125 0.5211107777777778 0.04125 0.27333299999999994
0 0.38625 0.5111107777777779 0.0625 0.32000000000000006
0 0.704375 0.5066667777777778 0.05375 0.284444
0 0.8125 0.5266667777777777 0.0575 0.29777799999999993
