0 0.5075000000000001 0.5755557777777779 0.1125 0.6266669999999999
0 0.379375 0.43777777777777777 0.10625 0.5955559999999999
0 0.133125 0.5155557777777777 0.11875000000000001 0.6622220000000001
0 0.2625 0.37777777777777777 0.08750000000000001 0.448889
0 0.7025 0.4677777777777778 0.105 0.5444440000000002
0 0.044375 0.39111077777777775 0.06875 0.40888899999999995
0 0.19375 0.3711107777777778 0.0725 0.41333299999999995
0 0.619375 0.36999977777777776 0.07375 0.4022219999999999
0 0.775625 0.40555577777777774 0.07875 0.491111
0 0.9187500000000001 0.38222177777777777 0.0725 0.40444400000000014
