0 0.41875 0.45444477777777775 0.11 0.522222
0 0.8612500000000001 0.5044447777777777 0.08 0.364444
0 0.685 0.5233337777777778 0.0625 0.30888899999999997
0 0.5743750000000001 0.4955557777777777 0.07875 0.37777799999999995
0 0.068125 0.5111107777777778 0.06624999999999999 0.315556
0 0.208125 0.5088887777777777 0.06875 0.324444
0 0.31375000000000003 0.5055557777777778 0.0575 0.3088890000000001
0 0.470625 0.5244447777777778 0.04875 0.253333
0 0.74 0.49666677777777773 0.05 0.29999999999999993
0 0.82125 0.5177777777777778 0.045 0.26222200000000007
0 0.7781250000000001 0.5155557777777777 0.04625 0.28444400000000003
