0 0.6208333333333335 0.45437500000000003 0.36500000000000005 0.7312500000000001
0 0.05750033333333335 0.2775 0.115 0.2725
0 0.07916633333333332 0.2925 0.108333 0.3025
0 0.18000033333333332 0.31 0.11333299999999999 0.31249999999999994
0 0.5700003333333333 0.245 0.05333299999999999 0.13
0 0.5200003333333334 0.25375000000000003 0.05 0.1225
0 0.47000033333333346 0.24 0.056667000000000016 0.1275
0 0.40083333333333343 0.25625 0.058332999999999996 0.145
0 0.7558333333333334 0.24625 0.041667000000000017 0.10250000000000001
0 0.9733333333333334 0.24875 0.03666699999999992 0.0975
0 0.9333333333333333 0.2475 0.04 0.105
0 0.9183333333333334 0.254375 0.03666699999999992 0.09375
0 0.8916663333333334 0.246875 0.04 0.10875
0 0.8516663333333335 0.246875 0.0500000000000001 0.11875000000000001
0 0.8133333333333332 0.32375 0.11666700000000012 0.2575
