0 0.5281250000000001 0.5488887777777778 0.13375 0.7377779999999999
0 0.3225 0.2866667777777779 0.0475 0.2800000000000001
0 0.3525 0.28333377777777774 0.0425 0.2777780000000001
0 0.40375 0.2655557777777778 0.0625 0.29555600000000004
0 0.435 0.2988887777777778 0.0375 0.282222
0 0.49625 0.2666667777777778 0.04 0.23111099999999996
0 0.515625 0.27111077777777776 0.043750000000000004 0.25333300000000003
0 0.555625 0.27111077777777776 0.03625 0.21333300000000002
0 0.5956250000000001 0.2633337777777778 0.03625 0.22888899999999998
0 0.615625 0.2933337777777778 0.05125000000000007 0.244444
0 0.66 0.2988887777777778 0.04 0.282222
0 0.693125 0.30222177777777776 0.043750000000000004 0.284444
0 0.721875 0.3033337777777778 0.04625 0.3
0 0.77 0.30666677777777773 0.0475 0.271111
