0 0.8058333333333334 0.30125 0.1383330000000001 0.2775
0 0.5483333333333333 0.2275 0.04333299999999999 0.115
0 0.6141663333333333 0.24375 0.03833299999999999 0.1075
0 0.7100003333333335 0.23750000000000002 0.056667000000000016 0.14250000000000002
0 0.8350003333333333 0.263125 0.073333 0.15624999999999997
0 0.9391663333333334 0.2475 0.065 0.15
0 0.9150003333333333 0.24999999999999997 0.06333300000000008 0.135
0 0.2500003333333333 0.23625000000000002 0.046667000000000014 0.1375
0 0.30416633333333337 0.24125 0.041667000000000017 0.1275
0 0.3383333333333334 0.2575 0.06333299999999999 0.15750000000000003
0 0.39916633333333335 0.251875 0.07166699999999997 0.17625
0 0.5325003333333332 0.28500000000000003 0.03833299999999999 0.0825
0 0.1641663333333334 0.27 0.07833300000000001 0.19
