0 0.3 0.5977777777777777 0.14250000000000002 0.773333
0 0.16125 0.5911107777777778 0.11 0.6933330000000001
0 0.056875 0.6144447777777777 0.08625000000000001 0.606667
0 0.6587500000000001 0.6233337777777778 0.11 0.606667
0 0.530625 0.6177777777777778 0.09375 0.4888890000000001
0 0.111875 0.7199997777777778 0.08125 0.431111
0 0.70875 0.7633337777777777 0.075 0.4022219999999999
0 0.77125 0.7577777777777778 0.06 0.3911109999999999
0 0.82875 0.7422217777777778 0.0625 0.3955560000000001
0 0.8981250000000001 0.7444447777777777 0.08625000000000001 0.40888899999999995
0 0.78 0.6366667777777778 0.105 0.522222
0 0.863125 0.6177777777777778 0.11625 0.551111
