0 0.9258333333333334 0.359375 0.06833300000000009 0.14375000000000002
0 0.43583333333333335 0.25375000000000003 0.031666999999999966 0.12
0 0.3125003333333333 0.24875 0.035 0.12
0 0.3383333333333334 0.259375 0.04 0.12625
0 0.3750003333333333 0.25 0.04 0.13750000000000004
0 0.27916633333333335 0.251875 0.035 0.11875000000000001
0 0.5108333333333334 0.251875 0.041667000000000017 0.11625
0 0.8366663333333335 0.276875 0.056667000000000016 0.13875
0 0.7108333333333334 0.268125 0.055 0.14875000000000005
0 0.5900003333333333 0.39437500000000003 0.27 0.46875
0 0.050000333333333334 0.27625 0.07333300000000002 0.21249999999999997
0 0.09416633333333332 0.29812500000000003 0.105 0.20875
