0 0.5693750000000001 0.46444477777777776 0.07625 0.37777800000000006
0 0.663125 0.5288887777777778 0.07875 0.39555599999999996
0 0.29 0.47999977777777775 0.07 0.37333299999999997
0 0.145625 0.5011107777777779 0.09125 0.36222200000000004
0 0.39375 0.46444477777777776 0.08 0.37777800000000006
0 0.8525 0.5022217777777777 0.0675 0.40444399999999997
0 0.95625 0.5177777777777778 0.0725 0.39555599999999996
0 0.034374999999999996 0.36222177777777775 0.06875 0.324444
0 0.75375 0.5099997777777777 0.08 0.3844439999999999
0 0.800625 0.4599997777777778 0.06875 0.324444
0 0.3175 0.45444477777777775 0.06000000000000004 0.344444
0 0.201875 0.39111077777777775 0.07625 0.30222200000000005
0 0.9125 0.5022217777777778 0.0625 0.4
