0 0.6141663333333334 0.3 0.29500000000000004 0.5925
0 0.13750033333333336 0.149375 0.048332999999999994 0.12625
0 0.21583333333333335 0.140625 0.048332999999999994 0.09125
0 0.22750033333333336 0.17125 0.041667000000000017 0.095
0 0.29000033333333336 0.149375 0.046667000000000014 0.13875
0 0.42666633333333337 0.175625 0.04 0.10375000000000001
0 0.40916633333333335 0.1625 0.05833300000000004 0.13
0 0.9083333333333334 0.193125 0.08333300000000009 0.22625
0 0.9458333333333334 0.208125 0.09833300000000009 0.25125000000000003
0 0.7941663333333333 0.25625 0.158333 0.3425
0 0.4550003333333334 0.309375 0.09666699999999998 0.23375
