0 0.6483333333333334 0.375 0.22 0.4425
0 0.9116663333333335 0.326875 0.1266670000000001 0.25625
0 0.26250033333333334 0.22312500000000002 0.035 0.09125
0 0.29500033333333336 0.22625 0.03666700000000001 0.08
0 0.31083333333333335 0.224375 0.035 0.08625000000000001
0 0.34916633333333336 0.24375 0.041667000000000017 0.1125
0 0.3750003333333333 0.306875 0.10666700000000001 0.29375
0 0.45166633333333334 0.320625 0.12000000000000001 0.31875000000000003
0 0.9766663333333335 0.270625 0.033333000000000085 0.10625000000000004
0 0.7925003333333333 0.301875 0.095 0.23375000000000004
0 0.8566663333333334 0.3125 0.10666699999999993 0.24000000000000005
