0 0.5466663333333334 0.278125 0.12000000000000001 0.24125
0 0.035000333333333335 0.236875 0.07000000000000003 0.28625
0 0.1750003333333333 0.25125000000000003 0.09666699999999999 0.28250000000000003
0 0.25833333333333336 0.201875 0.05333299999999999 0.13125
0 0.33750033333333335 0.21 0.041667000000000017 0.10250000000000001
0 0.35750033333333336 0.209375 0.048332999999999994 0.12125
0 0.27250033333333334 0.2275 0.07166700000000002 0.1675
0 0.41500033333333336 0.206875 0.036666999999999964 0.11375
0 0.4350003333333334 0.21937500000000001 0.033333000000000036 0.11625
0 0.47416633333333325 0.214375 0.03833299999999999 0.10875
0 0.5191663333333334 0.2175 0.041667000000000017 0.1125
0 0.5966663333333334 0.224375 0.04 0.10625
0 0.6391663333333335 0.224375 0.031667000000000015 0.10125
0 0.6791663333333334 0.226875 0.041667000000000017 0.11375
0 0.8141663333333334 0.23875000000000002 0.041667000000000017 0.11
0 0.7091663333333335 0.246875 0.061667000000000013 0.15625
0 0.7641663333333334 0.25 0.055 0.16000000000000003
0 0.8616663333333334 0.288125 0.10333300000000009 0.29375
0 0.9400003333333335 0.3225 0.11 0.3575
