0 0.54125 0.5577777777777778 0.0925 0.555556
0 0.625625 0.5622217777777777 0.09375000000000007 0.5511110000000001
0 0.71375 0.5633337777777777 0.10250000000000001 0.544444
0 0.95625 0.45999977777777773 0.065 0.31111099999999997
0 0.375 0.5622217777777777 0.2275 0.8711110000000001
0 0.045625 0.5911107777777778 0.08125 0.5555560000000002
0 0.15687500000000001 0.5299997777777778 0.09875000000000002 0.48222200000000004
0 0.753125 0.4999997777777777 0.06625 0.4444439999999999
0 0.23 0.4688887777777778 0.065 0.28
0 0.076875 0.4611107777777778 0.04875 0.2777780000000001
0 0.823125 0.40666677777777777 0.04625 0.222222
