0 0.200625 0.6111107777777778 0.15375 0.728889
0 0.4425 0.5699997777777779 0.17500000000000002 0.8333329999999999
0 0.78125 0.5933337777777777 0.165 0.7822219999999998
0 0.545625 0.39999977777777784 0.02125 0.08888900000000004
0 0.570625 0.3944447777777777 0.02125 0.09111099999999997
0 0.6125 0.4133337777777777 0.025 0.15111099999999997
0 0.6825 0.41333377777777774 0.02 0.16
0 0.698125 0.42555577777777787 0.02875 0.14888900000000002
0 0.0725 0.3988887777777777 0.0325 0.157778
0 0.9825 0.4111107777777778 0.0225 0.17333299999999996
