0 0.6525 0.7377777777777778 0.10250000000000001 0.4888890000000001
0 0.5850000000000001 0.7022217777777777 0.0925 0.5066669999999999
0 0.108125 0.6722217777777778 0.09375 0.46
0 0.7975 0.7566667777777778 0.085 0.46444399999999997
0 0.875625 0.7788887777777778 0.058750000000000004 0.40666700000000006
0 0.911875 0.6722217777777778 0.06625 0.388889
0 0.398125 0.5399997777777779 0.02375 0.12000000000000006
0 0.42875 0.5399997777777779 0.02 0.12888900000000003
0 0.45375 0.5411107777777777 0.0225 0.13111100000000003
0 0.71125 0.5822217777777777 0.035 0.1955560000000001
0 0.03 0.6522217777777778 0.055 0.37555600000000006
0 0.16 0.6511107777777778 0.0425 0.3911109999999999
