0 0.5800000000000001 0.4333337777777778 0.0725 0.3955560000000001
0 0.1675 0.47888877777777783 0.0825 0.4022220000000001
0 0.455625 0.39555577777777784 0.043750000000000004 0.20888900000000005
0 0.703125 0.6766667777777777 0.10125 0.62
0 0.889375 0.5544447777777779 0.10125 0.4777780000000001
0 0.795 0.5344447777777777 0.0625 0.37999999999999995
0 0.5175000000000001 0.5388887777777778 0.08750000000000001 0.3933329999999999
0 0.330625 0.5933337777777777 0.17375000000000002 0.7644439999999999
0 0.095 0.6633337777777778 0.1325 0.651111
0 0.40750000000000003 0.40666677777777777 0.035 0.20888899999999996
