0 0.5750000000000001 0.4555557777777778 0.0475 0.23555600000000002
0 0.69375 0.4888887777777777 0.0525 0.29333299999999995
0 0.3375 0.45888877777777776 0.0525 0.2511109999999999
0 0.56125 0.32111077777777775 0.0425 0.20222200000000007
0 0.825625 0.2877777777777778 0.03875 0.22888899999999998
0 0.72 0.37555577777777777 0.0525 0.266667
0 0.68 0.32111077777777775 0.04 0.22444400000000006
0 0.236875 0.3011107777777778 0.03125 0.19777800000000004
0 0.279375 0.2799997777777778 0.03375 0.18666700000000006
0 0.37625000000000003 0.2855557777777778 0.03 0.17111100000000004
0 0.4375 0.47444477777777777 0.0475 0.22444399999999998
0 0.34875 0.3011107777777778 0.0375 0.15777800000000003
0 0.23500000000000001 0.5811107777777778 0.04 0.26
0 0.318125 0.6399997777777778 0.04374999999999996 0.29777800000000004
0 0.039375 0.31777777777777777 0.03125 0.27111100000000005
0 0.06875 0.31444477777777774 0.02499999999999999 0.264444
0 0.1 0.31555577777777777 0.0325 0.244444
0 0.92625 0.2888887777777778 0.035 0.21777799999999997
