0 0.441875 0.6466667777777779 0.07625 0.36444399999999993
0 0.555625 0.6344447777777779 0.07625 0.36666699999999997
0 0.7262500000000001 0.40666677777777777 0.0475 0.217778
0 0.755 0.47777777777777786 0.055 0.26666700000000004
0 0.855 0.3833337777777778 0.0475 0.251111
0 0.885625 0.4855557777777778 0.06875 0.2822219999999999
0 0.670625 0.4622217777777779 0.05375 0.24000000000000007
0 0.601875 0.45666677777777775 0.04875 0.26444400000000007
0 0.52125 0.4711107777777777 0.0525 0.26666699999999993
0 0.345625 0.47666677777777783 0.06125 0.255556
0 0.26062500000000005 0.4711107777777778 0.06875 0.244444
0 0.18875 0.47999977777777786 0.07 0.24888900000000003
