0 0.5575 0.5688887777777778 0.0925 0.5066670000000001
0 0.505625 0.5055557777777777 0.06875 0.411111
0 0.7775 0.5666667777777777 0.0575 0.34666700000000006
0 0.70375 0.5288887777777778 0.0775 0.42222200000000004
0 0.105 0.47222177777777774 0.055 0.34888899999999995
0 0.166875 0.47222177777777785 0.05375 0.3577780000000001
0 0.224375 0.4711107777777778 0.058750000000000004 0.37333299999999997
0 0.365 0.4966667777777778 0.055 0.32666700000000004
0 0.44 0.47999977777777786 0.0575 0.36000000000000004
0 0.941875 0.48444477777777784 0.06875 0.36888899999999997
