0 0.43583333333333335 0.214375 0.12166699999999997 0.25125000000000003
0 0.9166663333333331 0.2325 0.1533329999999999 0.3875
0 0.25666633333333333 0.09625 0.030000000000000002 0.0725
0 0.15833333333333335 0.125625 0.026667000000000014 0.06375
0 0.13333333333333333 0.135 0.02333299999999999 0.062499999999999986
0 0.19833333333333333 0.135 0.02333299999999999 0.07249999999999998
0 0.17166633333333334 0.149375 0.02333299999999999 0.07125000000000001
0 0.11250033333333335 0.160625 0.02833299999999999 0.07625
0 0.018333333333333333 0.165 0.033333 0.0825
0 0.38500033333333333 0.161875 0.030000000000000002 0.07375
0 0.21750033333333335 0.165625 0.02833299999999999 0.08125
0 0.24250033333333337 0.165 0.031667000000000015 0.085
0 0.2808333333333333 0.163125 0.031667000000000015 0.08375
0 0.32500033333333334 0.165 0.026667000000000014 0.0775
0 0.3408333333333334 0.161875 0.031667000000000015 0.07625
0 0.8275003333333335 0.14875 0.021667000000000013 0.06
0 0.8000003333333334 0.144375 0.02 0.06125
0 0.7733333333333334 0.15 0.02 0.06
0 0.6841663333333333 0.14875 0.025 0.0675
0 0.6508333333333334 0.150625 0.021667000000000013 0.061249999999999985
0 0.6250003333333335 0.155 0.026667000000000014 0.06
0 0.49500033333333326 0.15687500000000001 0.02333299999999999 0.06375000000000001
0 0.5758333333333334 0.155625 0.025 0.06125000000000002
0 0.5583333333333335 0.155625 0.030000000000000002 0.06625000000000002
0 0.5458333333333334 0.153125 0.025 0.06374999999999999
