0 0.5100003333333334 0.32937500000000003 0.263333 0.52625
0 0.7966663333333333 0.104375 0.03333299999999999 0.07875
0 0.7283333333333334 0.11812500000000001 0.026667000000000014 0.06125
0 0.6958333333333334 0.134375 0.021667000000000013 0.05625
0 0.6683333333333333 0.14 0.02333299999999999 0.06250000000000001
0 0.6500003333333335 0.153125 0.026667000000000014 0.061249999999999985
0 0.5733333333333334 0.165 0.02333299999999999 0.0625
0 0.3900003333333334 0.16375 0.030000000000000002 0.0725
0 0.31750033333333333 0.164375 0.031667000000000015 0.07875
0 0.27666633333333335 0.161875 0.030000000000000002 0.07625
0 0.11416633333333333 0.155 0.03166699999999999 0.075
0 0.052500333333333336 0.153125 0.038333000000000006 0.07624999999999998
0 0.18583333333333335 0.23750000000000002 0.135 0.28750000000000003
0 0.20833333333333337 0.25625 0.13333300000000003 0.34500000000000003
0 0.9133333333333334 0.17500000000000002 0.033333000000000085 0.0775
0 0.8666663333333334 0.17 0.03666699999999992 0.0775
0 0.8408333333333334 0.16875 0.028333000000000084 0.0725
0 0.8275003333333333 0.17500000000000002 0.02833299999999999 0.075
0 0.7608333333333334 0.175625 0.035 0.07375
0 0.6783333333333336 0.173125 0.026667000000000014 0.07875
