0 0.4475 0.6844447777777778 0.05 0.24
0 0.104375 0.7044447777777778 0.05625 0.32
0 0.678125 0.6855557777777778 0.04875 0.23777799999999993
0 0.983125 0.6677777777777778 0.02625 0.12222200000000005
0 0.920625 0.6677777777777778 0.02625 0.11333299999999996
0 0.8475 0.6666667777777777 0.0275 0.14666700000000005
0 0.824375 0.6433337777777779 0.01875 0.08666700000000004
0 0.641875 0.6811107777777777 0.04125 0.21111100000000002
0 0.61375 0.6499997777777777 0.0275 0.10888899999999997
0 0.56 0.6522217777777777 0.025 0.12222199999999993
0 0.494375 0.6555557777777777 0.02625 0.12444399999999999
0 0.39437500000000003 0.6533337777777778 0.02625 0.12
0 0.37125 0.6533337777777778 0.0275 0.12
0 0.321875 0.6711107777777776 0.03625 0.17333299999999996
