0 0.693125 0.5122217777777778 0.04625 0.23777799999999993
0 0.7275 0.5544447777777778 0.0475 0.26444400000000007
0 0.754375 0.5188887777777778 0.043750000000000004 0.23333299999999996
0 0.33187500000000003 0.6977777777777778 0.06125 0.4
0 0.294375 0.7499997777777778 0.053749999999999964 0.24666700000000005
0 0.22875 0.7044447777777779 0.06 0.29777800000000004
0 0.146875 0.7544447777777777 0.07375 0.4288890000000001
0 0.0575 0.7566667777777779 0.09 0.45111100000000004
0 0.47000000000000003 0.7488887777777778 0.1825 0.47555599999999987
0 0.8775000000000001 0.7799997777777777 0.12 0.40888899999999995
