0 0.4108333333333334 0.2775 0.22166699999999998 0.445
0 0.9633333333333334 0.146875 0.04 0.08125
0 0.8475003333333333 0.143125 0.04499999999999991 0.09125
0 0.8116663333333335 0.14875 0.03666700000000001 0.0925
0 0.6966663333333335 0.144375 0.03666700000000001 0.10625
0 0.7350003333333333 0.1475 0.030000000000000002 0.095
0 0.7591663333333335 0.145 0.031667000000000015 0.08750000000000001
0 0.5050003333333333 0.146875 0.03333299999999999 0.08625000000000001
0 0.16750033333333336 0.141875 0.041667000000000017 0.08875
0 0.060833333333333336 0.144375 0.038333 0.09625
0 0.07666633333333332 0.26875 0.153333 0.3125
0 0.5908333333333333 0.29 0.23833300000000002 0.5725
