0 0.8981250000000001 0.6522217777777778 0.08375 0.3844439999999999
0 0.460625 0.5899997777777778 0.07375 0.35333299999999995
0 0.228125 0.5766667777777778 0.06875 0.3311109999999999
0 0.046875 0.5288887777777779 0.07375 0.2888890000000001
0 0.11125 0.5022217777777778 0.0675 0.2844439999999999
0 0.281875 0.5377777777777778 0.058750000000000004 0.284444
0 0.409375 0.40666677777777777 0.06625 0.25333300000000003
0 0.40375 0.5766667777777778 0.0575 0.34
0 0.6900000000000001 0.39666677777777776 0.055 0.26444400000000007
0 0.82875 0.38222177777777777 0.0525 0.26222200000000007
0 0.868125 0.3733337777777778 0.051250000000000004 0.244444
