0 0.388125 0.7366667777777778 0.07375 0.35333299999999995
0 0.536875 0.6866667777777777 0.07875 0.37333299999999997
0 0.620625 0.6922217777777777 0.06375000000000007 0.34888899999999995
0 0.790625 0.6699997777777775 0.08875 0.44222199999999995
0 0.7175 0.6555557777777777 0.075 0.40444400000000014
0 0.65125 0.6611107777777778 0.0625 0.3577780000000001
0 0.576875 0.6711107777777776 0.05375 0.38222199999999995
0 0.440625 0.6744447777777777 0.06625 0.36222199999999993
0 0.35000000000000003 0.6888887777777778 0.07 0.41333299999999995
0 0.26 0.6888887777777778 0.08 0.39555599999999996
