0 0.573125 0.5855557777777777 0.11375 0.544444
0 0.26312500000000005 0.28444477777777777 0.04875 0.37777800000000006
0 0.309375 0.2633337777777778 0.04625 0.344444
0 0.400625 0.27222177777777784 0.058750000000000004 0.366667
0 0.426875 0.5311107777777778 0.07625 0.4177780000000001
0 0.2975 0.6799997777777779 0.0925 0.568889
0 0.351875 0.6266667777777778 0.08625000000000001 0.52
0 0.71375 0.6311107777777779 0.08750000000000001 0.5066670000000001
0 0.77 0.37777777777777777 0.0575 0.448889
0 0.82625 0.5499997777777779 0.075 0.517778
0 0.884375 0.6377777777777778 0.07375 0.537778
0 0.93875 0.3311107777777778 0.07 0.4177780000000001
0 0.966875 0.38888877777777775 0.05375 0.395556
