0 0.1075 0.5366667777777777 0.065 0.46
0 0.230625 0.5244447777777776 0.07375 0.47555599999999987
0 0.508125 0.5077777777777778 0.04875 0.34
0 0.73875 0.41555577777777775 0.07 0.35999999999999993
0 0.406875 0.5344447777777778 0.06625 0.36222199999999993
0 0.94375 0.4499997777777777 0.0625 0.38888899999999993
0 0.839375 0.43444477777777785 0.04875 0.35333300000000006
0 0.6006250000000001 0.46555577777777774 0.06125 0.37999999999999995
0 0.6587500000000001 0.47555577777777774 0.0525 0.29777799999999993
0 0.77125 0.4699997777777778 0.06 0.304444
0 0.794375 0.4077777777777778 0.05625 0.37555599999999995
