0 0.05625 0.6744447777777778 0.1 0.566667
0 0.21125 0.6577777777777778 0.0975 0.5244440000000001
0 0.29812500000000003 0.6988887777777778 0.08625000000000001 0.5444440000000002
0 0.3825 0.7199997777777778 0.09 0.533333
0 0.27625000000000005 0.37666677777777774 0.0375 0.14
0 0.308125 0.37777777777777777 0.03375 0.15111100000000002
0 0.435625 0.6633337777777777 0.07125000000000001 0.46444399999999997
0 0.2625 0.5388887777777778 0.06 0.3133329999999999
0 0.15812500000000002 0.6233337777777777 0.06375000000000001 0.44222199999999995
0 0.11125 0.5044447777777779 0.06 0.32888900000000004
0 0.03625 0.47222177777777774 0.0525 0.2955560000000001
