0 0.47625 0.5533337777777778 0.06 0.284444
0 0.58625 0.6033337777777777 0.0625 0.2955560000000001
0 0.790625 0.5688887777777778 0.08125 0.30222200000000005
0 0.21375 0.2577777777777778 0.0625 0.25777799999999995
0 0.278125 0.28222177777777774 0.05375 0.27111100000000005
0 0.370625 0.2466667777777778 0.051250000000000004 0.25333300000000003
0 0.52625 0.18777777777777777 0.055 0.23333300000000004
0 0.7000000000000001 0.5044447777777777 0.0625 0.315556
0 0.9393750000000001 0.8155557777777778 0.08125 0.328889
0 0.848125 0.8222217777777777 0.07875 0.32
0 0.11125 0.6311107777777779 0.10250000000000001 0.34666700000000006
0 0.20125 0.8044447777777779 0.0675 0.364444
0 0.30312500000000003 0.5177777777777778 0.06375 0.28444400000000003
