0 0.740625 0.7144447777777778 0.09625 0.513333
0 0.8931250000000001 0.6366667777777779 0.03875 0.18888899999999997
0 0.9125 0.6088887777777777 0.04 0.17333300000000001
0 0.86 0.6255557777777777 0.03 0.21111100000000002
0 0.820625 0.6144447777777777 0.03875 0.20222200000000007
0 0.7781250000000001 0.6944447777777777 0.05625 0.4022219999999999
0 0.69625 0.6055557777777778 0.035 0.21555599999999994
0 0.66125 0.6988887777777778 0.065 0.388889
0 0.604375 0.7233337777777777 0.06125 0.39333300000000004
0 0.576875 0.6844447777777779 0.058750000000000004 0.37777800000000006
0 0.48125 0.7255557777777778 0.10250000000000001 0.5088889999999999
0 0.3425 0.6911107777777777 0.1475 0.591111
0 0.210625 0.6855557777777778 0.13375 0.602222
