0 0.47916633333333336 0.460625 0.125 0.22875
0 0.6283333333333334 0.409375 0.11666700000000002 0.25875
0 0.38500033333333333 0.41375 0.06666700000000002 0.1625
0 0.5283333333333333 0.411875 0.08 0.21375
0 0.6858333333333334 0.39875 0.08166700000000002 0.19
0 0.7158333333333334 0.401875 0.061667000000000013 0.16875
0 0.43333333333333335 0.410625 0.06333300000000004 0.16875
0 0.32333333333333336 0.40875 0.04333299999999999 0.1125
0 0.29000033333333336 0.405625 0.05333299999999999 0.12375
0 0.21000033333333332 0.406875 0.03666699999999999 0.08625000000000001
0 0.06500033333333334 0.41875 0.04333300000000001 0.105
0 0.2500003333333333 0.40750000000000003 0.03333299999999999 0.0825
