0 0.306875 0.7433337777777778 0.043750000000000004 0.3
0 0.444375 0.7477777777777778 0.04125 0.3
0 0.916875 0.7144447777777777 0.043750000000000004 0.27333299999999994
0 0.87625 0.7099997777777778 0.0375 0.24666700000000005
0 0.716875 0.6999997777777779 0.04125 0.22666700000000004
0 0.6843750000000001 0.6944447777777777 0.04125 0.22444399999999998
0 0.834375 0.7022217777777778 0.043750000000000004 0.21777800000000008
0 0.50875 0.7211107777777778 0.055 0.25111100000000003
0 0.819375 0.6988887777777778 0.03875 0.22
0 0.784375 0.7022217777777777 0.04125 0.24
0 0.770625 0.7144447777777778 0.04875 0.23777799999999993
0 0.326875 0.7444447777777777 0.043750000000000004 0.29777799999999993
