0 0.446875 0.5066667777777778 0.10375000000000001 0.768889
0 0.5337500000000001 0.5055557777777777 0.0525 0.3933329999999999
0 0.249375 0.5399997777777777 0.15875 0.773333
0 0.73875 0.5233337777777778 0.0675 0.388889
0 0.65 0.5588887777777778 0.15 0.8066670000000001
0 0.829375 0.49777777777777776 0.06375 0.431111
0 0.928125 0.5288887777777778 0.06375 0.40888899999999995
0 0.884375 0.5055557777777777 0.058750000000000004 0.411111
0 0.589375 0.5199997777777777 0.06625 0.41333299999999995
0 0.138125 0.5422217777777779 0.07125000000000001 0.622222
0 0.03 0.5366667777777777 0.06 0.637778
0 0.08750000000000001 0.5322217777777779 0.0675 0.62
