0 0.46 0.4866667777777779 0.1125 0.746667
0 0.5425 0.4933337777777778 0.06 0.3733330000000001
0 0.24375 0.5444447777777778 0.15 0.7155560000000002
0 0.74625 0.5022217777777777 0.07 0.38222199999999995
0 0.6481250000000001 0.5433337777777778 0.18125 0.846667
0 0.8306250000000001 0.4811107777777778 0.06625 0.4288890000000001
0 0.923125 0.5233337777777778 0.06375 0.4066669999999999
0 0.02625 0.5499997777777778 0.05 0.668889
0 0.063125 0.5222217777777779 0.06875 0.622222
0 0.146875 0.5255557777777777 0.06875 0.5755559999999998
0 0.770625 0.49555577777777776 0.04875 0.38666700000000004
0 0.88625 0.5011107777777779 0.05 0.42000000000000004
