0 0.426875 0.7411107777777779 0.058750000000000004 0.291111
0 0.5575 0.7433337777777779 0.0475 0.2777780000000001
0 0.9525 0.7122217777777777 0.0375 0.268889
0 0.905625 0.7022217777777778 0.03875 0.244444
0 0.7731250000000001 0.6944447777777779 0.04125 0.21555600000000003
0 0.723125 0.6899997777777779 0.03625 0.23333299999999996
0 0.8525 0.6944447777777777 0.035 0.22444399999999998
0 0.5850000000000001 0.7399997777777778 0.06 0.284444
0 0.930625 0.7088887777777778 0.03125 0.22666700000000004
0 0.8325 0.7133337777777778 0.0425 0.23111100000000004
0 0.810625 0.7022217777777776 0.043750000000000004 0.21333299999999997
0 0.591875 0.7133337777777776 0.043750000000000004 0.275556
