0 0.1375 0.49222177777777776 0.07749999999999999 0.588889
0 0.2225 0.5155557777777777 0.0825 0.52
0 0.7175 0.49888877777777774 0.095 0.566667
0 0.7993750000000001 0.5177777777777778 0.06375 0.5155559999999999
0 0.8725 0.49444477777777784 0.0725 0.58
0 0.9475 0.5344447777777778 0.0775 0.5622219999999999
0 0.449375 0.5122217777777778 0.15625 0.7666669999999999
0 0.05375 0.5155557777777777 0.075 0.5866670000000002
0 0.32875 0.47888877777777783 0.075 0.5
0 0.525 0.4888887777777778 0.09 0.591111
0 0.605 0.4488887777777778 0.08000000000000007 0.582222
