0 0.07875 0.733333777777778 0.05 0.29777800000000004
0 0.20375000000000001 0.7422217777777778 0.0525 0.28888899999999995
0 0.77875 0.7277777777777777 0.05 0.2777780000000001
0 0.598125 0.7122217777777777 0.03625 0.2333330000000001
0 0.5381250000000001 0.6999997777777779 0.04125 0.24
0 0.7212500000000001 0.7033337777777778 0.0375 0.2333330000000001
0 0.308125 0.7355557777777778 0.05375 0.28888899999999995
0 0.64 0.7188887777777777 0.0475 0.22888899999999998
0 0.6675 0.7011107777777777 0.0375 0.23777799999999993
0 0.8375 0.7066667777777778 0.04 0.23111100000000004
0 0.874375 0.7011107777777777 0.04625 0.25111100000000003
