0 0.38166633333333333 0.32 0.11666700000000006 0.2425
0 0.26833333333333337 0.25875 0.04 0.0975
0 0.28750033333333336 0.278125 0.03833299999999999 0.11375
0 0.5100003333333334 0.326875 0.060000000000000005 0.16625
0 0.9425003333333333 0.35125 0.055 0.1875
0 0.9766663333333335 0.350625 0.03666699999999992 0.19125
0 0.9141663333333335 0.340625 0.058333000000000086 0.20875
0 0.7575003333333333 0.339375 0.078333 0.21375
0 0.5975003333333335 0.32375 0.08166700000000002 0.2175
0 0.6491663333333333 0.376875 0.11166700000000002 0.23625000000000002
0 0.41416633333333336 0.333125 0.07500000000000001 0.21875
0 0.20000033333333336 0.3525 0.073333 0.28500000000000003
0 0.7883333333333333 0.6012500000000001 0.2733330000000001 0.6175
0 0.6633333333333333 0.340625 0.08666700000000002 0.22375
