0 0.779375 0.5888887777777778 0.08625000000000001 0.6133329999999998
0 0.640625 0.5922217777777778 0.07625 0.5577780000000001
0 0.86375 0.5933337777777777 0.065 0.511111
0 0.694375 0.5588887777777778 0.06875 0.5133329999999999
0 0.594375 0.5633337777777778 0.06625 0.4911110000000001
0 0.505 0.5755557777777779 0.1 0.48888899999999996
0 0.398125 0.5788887777777778 0.09875 0.5755559999999998
0 0.243125 0.5622217777777777 0.058750000000000004 0.595556
0 0.211875 0.5922217777777777 0.07125000000000001 0.6111110000000001
0 0.141875 0.6033337777777777 0.08125 0.6733330000000001
