0 0.37833333333333335 0.47125 0.12666699999999997 0.2625
0 0.45416633333333334 0.449375 0.10833299999999994 0.25875
0 0.5583333333333336 0.46125 0.09666700000000002 0.20500000000000002
0 0.9133333333333334 0.569375 0.17 0.56875
0 0.3141663333333333 0.4375 0.058332999999999996 0.1375
0 0.059166333333333335 0.46 0.05833300000000002 0.115
0 0.11500033333333336 0.45375 0.04333299999999999 0.10250000000000001
0 0.15250033333333332 0.4625 0.065 0.155
0 0.21500033333333335 0.45 0.06666700000000002 0.145
0 0.26250033333333334 0.44625000000000004 0.058332999999999996 0.145
