0 0.483125 0.6755557777777778 0.06375 0.44444400000000006
0 0.709375 0.7888887777777778 0.04125 0.22222200000000006
0 0.675 0.7977777777777778 0.0325 0.22666700000000004
0 0.915 0.7988887777777778 0.0425 0.23333299999999996
0 0.3625 0.5099997777777777 0.0425 0.22444400000000006
0 0.10625 0.7822217777777779 0.04 0.25777800000000006
0 0.3525 0.7722217777777778 0.04 0.20222200000000007
0 0.32125 0.7888887777777778 0.0325 0.18666700000000006
0 0.225625 0.7966667777777777 0.03625 0.18888899999999997
0 0.28624999999999995 0.8011107777777778 0.0375 0.19777800000000006
0 0.028125 0.41222177777777774 0.051250000000000004 0.273333
