0 0.313125 0.575555777777778 0.058750000000000004 0.3377780000000001
0 0.07875 0.5311107777777777 0.0825 0.46666699999999994
0 0.27375000000000005 0.6244447777777777 0.0325 0.20888899999999996
0 0.38 0.6033337777777777 0.0425 0.26
0 0.448125 0.6477777777777778 0.02625 0.14
0 0.465 0.6444447777777779 0.025 0.1466669999999999
0 0.505 0.6499997777777778 0.025 0.12666700000000003
0 0.5375 0.6544447777777777 0.02 0.11333299999999996
0 0.700625 0.6455557777777777 0.02875 0.16222200000000006
0 0.729375 0.6355557777777777 0.02875 0.16888899999999998
0 0.77 0.6155557777777778 0.035 0.20888899999999996
0 0.8150000000000001 0.6111107777777778 0.0475 0.24
0 0.18625 0.5533337777777778 0.075 0.37333299999999997
0 0.981875 0.6355557777777777 0.02625 0.18666699999999997
0 0.9400000000000001 0.6099997777777778 0.0425 0.24222200000000005
