0 0.49312500000000004 0.47555577777777774 0.07375 0.3999999999999999
0 0.699375 0.20999977777777776 0.05625 0.32666700000000004
0 0.6425 0.1933337777777778 0.0525 0.3333330000000001
0 0.54 0.20333377777777775 0.05 0.322222
0 0.59125 0.22666677777777777 0.055 0.302222
0 0.115 0.6111107777777778 0.055 0.3466669999999999
0 0.063125 0.6277777777777778 0.04875 0.32222200000000006
0 0.22125 0.6288887777777779 0.045 0.30222200000000005
0 0.6012500000000001 0.6277777777777778 0.05 0.31777799999999995
0 0.666875 0.6311107777777779 0.04875 0.32444400000000007
0 0.74875 0.6366667777777779 0.055 0.3355560000000001
0 0.753125 0.2144447777777778 0.051250000000000004 0.308889
0 0.914375 0.17888877777777779 0.05375 0.357778
0 0.89625 0.6244447777777777 0.055 0.38222200000000006
0 0.855 0.6422217777777778 0.055 0.3466669999999999
0 0.940625 0.6722217777777778 0.05625 0.38
