0 0.7050003333333333 0.385625 0.12666700000000003 0.25625
0 0.5858333333333333 0.424375 0.118333 0.23625000000000002
0 0.7675003333333333 0.3325 0.03833299999999999 0.085
0 0.8500003333333334 0.34750000000000003 0.033333000000000085 0.07
0 0.8108333333333334 0.323125 0.031667000000000015 0.06625
0 0.8000003333333333 0.359375 0.02333299999999999 0.05375
0 0.9025003333333335 0.336875 0.04166699999999992 0.09125
0 0.6608333333333334 0.36312500000000003 0.041667000000000017 0.11375
0 0.46750033333333335 0.42375 0.08833299999999995 0.24
0 0.38000033333333333 0.414375 0.073333 0.18125
0 0.23000033333333336 0.434375 0.103333 0.23625000000000002
