0 0.6758333333333334 0.201875 0.095 0.22875
0 0.3050003333333334 0.28625 0.16333300000000003 0.3625
0 0.8533333333333334 0.16375 0.023333000000000086 0.055
0 0.8125003333333334 0.165625 0.035 0.08125
0 0.7650003333333333 0.169375 0.03333299999999999 0.08375
0 0.7866663333333334 0.175625 0.05 0.11125
0 0.7191663333333334 0.180625 0.045000000000000005 0.09625
0 0.5933333333333334 0.19 0.04333299999999999 0.1125
0 0.6150003333333335 0.19 0.056667000000000016 0.1525
0 0.48916633333333326 0.2125 0.048332999999999994 0.1475
0 0.5141663333333334 0.213125 0.065 0.17125
