0 0.24000033333333337 0.245 0.103333 0.1675
0 0.33916633333333335 0.2125 0.118333 0.245
0 0.47916633333333347 0.22625 0.08166700000000002 0.17250000000000001
0 0.38083333333333336 0.203125 0.085 0.22875
0 0.5691663333333334 0.226875 0.07166700000000002 0.16625
0 0.6308333333333334 0.22187500000000002 0.118333 0.31625000000000003
0 0.7783333333333334 0.23375 0.103333 0.28
0 0.7166663333333333 0.24375 0.136667 0.3525
0 0.14000033333333337 0.17375000000000002 0.07000000000000003 0.1475
0 0.25666633333333333 0.163125 0.046667000000000014 0.11125
0 0.21666633333333335 0.16625 0.046667000000000014 0.1
0 0.19583333333333336 0.16625 0.035 0.095
0 0.5033333333333334 0.180625 0.046667000000000014 0.11375
