0 0.981875 0.6044447777777777 0.02625 0.133333
0 0.9293750000000001 0.5966667777777778 0.02875 0.13555599999999995
0 0.781875 0.6077777777777778 0.03125 0.14
0 0.74875 0.6166667777777778 0.035 0.18888899999999997
0 0.669375 0.6122217777777778 0.06625 0.3844439999999999
0 0.163125 0.5988887777777777 0.04875 0.2866669999999999
0 0.328125 0.6077777777777778 0.04625 0.21111100000000002
0 0.5925 0.5988887777777777 0.06 0.3844439999999999
0 0.485 0.6288887777777779 0.0475 0.32444400000000007
0 0.439375 0.6255557777777777 0.051250000000000004 0.31777799999999995
0 0.385 0.6322217777777778 0.055 0.3
