0 0.5700000000000001 0.5688887777777778 0.085 0.40444400000000014
0 0.66125 0.7088887777777778 0.0975 0.56
0 0.905625 0.5355557777777777 0.05625 0.395556
0 0.545 0.49333377777777787 0.0575 0.29777800000000004
0 0.74375 0.7111107777777778 0.11750000000000001 0.5155560000000001
0 0.88625 0.5277777777777778 0.0475 0.371111
0 0.43 0.37777777777777777 0.04 0.195556
0 0.085625 0.42777777777777776 0.03375 0.251111
0 0.11875000000000001 0.4288887777777778 0.0375 0.25333300000000003
0 0.810625 0.4255557777777778 0.05375 0.264444
0 0.424375 0.6199997777777778 0.09375 0.4533329999999999
0 0.36875 0.6988887777777778 0.14250000000000002 0.571111
0 0.15937500000000002 0.7322217777777777 0.11375 0.49555600000000005
0 0.24 0.7755557777777777 0.1 0.40444400000000014
0 0.25125000000000003 0.6844447777777778 0.08750000000000001 0.5733330000000001
