0 0.65125 0.5599997777777779 0.06 0.42222200000000004
0 0.69625 0.6822217777777779 0.09 0.564444
0 0.91125 0.5466667777777777 0.0575 0.40888899999999995
0 0.1475 0.7388887777777777 0.1 0.5
0 0.24125 0.7855557777777777 0.0975 0.40666700000000006
0 0.268125 0.7177777777777777 0.13875000000000004 0.5244440000000001
0 0.335625 0.6033337777777777 0.07125000000000001 0.39333300000000004
0 0.398125 0.6044447777777777 0.07125000000000001 0.4533329999999999
0 0.445625 0.5388887777777779 0.05375 0.40666700000000006
0 0.4875 0.5422217777777779 0.055 0.4000000000000001
0 0.889375 0.5322217777777778 0.04125 0.3977780000000001
0 0.81 0.42777777777777776 0.0475 0.277778
0 0.7681250000000001 0.6588887777777778 0.07625 0.44666700000000004
0 0.60375 0.35444477777777783 0.0325 0.184444
0 0.085625 0.42444477777777784 0.03875 0.24
0 0.11937500000000001 0.42777777777777776 0.03875 0.251111
0 0.555 0.4355557777777777 0.0475 0.23111099999999996
