0 0.713125 0.5777777777777777 0.12625 0.657778
0 0.3825 0.6322217777777778 0.03 0.14444399999999993
0 0.33375 0.6233337777777778 0.0325 0.22444400000000006
0 0.20375000000000001 0.5422217777777778 0.0225 0.11111099999999996
0 0.17125 0.6155557777777778 0.035 0.16888899999999998
0 0.13999999999999999 0.6144447777777777 0.0375 0.18
0 0.92875 0.6311107777777779 0.025 0.13777799999999996
0 0.906875 0.634444777777778 0.02625 0.12666700000000003
0 0.89125 0.636666777777778 0.025 0.12666700000000003
0 0.4375 0.6277777777777778 0.0275 0.15777799999999995
0 0.415625 0.634444777777778 0.03125 0.15777800000000006
