0 0.530625 0.5499997777777778 0.08125 0.38888899999999993
0 0.64875 0.7044447777777777 0.11 0.542222
0 0.906875 0.5444447777777778 0.06625 0.4
0 0.754375 0.7366667777777778 0.12875 0.504444
0 0.50625 0.4633337777777778 0.0525 0.291111
0 0.42625 0.43444477777777785 0.0475 0.24666699999999997
0 0.4 0.42444477777777784 0.04 0.222222
0 0.366875 0.6955557777777779 0.13375 0.5555560000000002
0 0.41250000000000003 0.6066667777777778 0.0825 0.431111
0 0.084375 0.43222177777777776 0.03875 0.251111
0 0.114375 0.43222177777777776 0.03375 0.26
0 0.135625 0.45999977777777773 0.051250000000000004 0.271111
0 0.23875000000000002 0.6822217777777779 0.105 0.564444
0 0.14875 0.7344447777777777 0.105 0.49555599999999994
0 0.24875 0.7777777777777778 0.0975 0.40888899999999995
0 0.884375 0.5222217777777778 0.06375 0.364444
0 0.74125 0.40555577777777774 0.05 0.26
0 0.810625 0.4177777777777778 0.043750000000000004 0.257778
