0 0.145 0.5399997777777777 0.08 0.395556
0 0.326875 0.4533337777777778 0.06875 0.3466669999999999
0 0.254375 0.4288887777777778 0.058750000000000004 0.3066670000000001
0 0.199375 0.4311107777777778 0.05625 0.30222199999999994
0 0.665 0.5177777777777778 0.0825 0.4
0 0.75 0.5699997777777779 0.0925 0.44666700000000004
0 0.93 0.25222177777777777 0.025 0.11777800000000001
0 0.90125 0.26444477777777775 0.0325 0.14222199999999996
0 0.8043750000000001 0.17666677777777778 0.02875 0.09111099999999998
0 0.77625 0.24333377777777776 0.025 0.11777800000000001
0 0.61 0.1666667777777778 0.02 0.08444400000000002
0 0.619375 0.18777777777777777 0.02125 0.09555600000000002
0 0.5381250000000001 0.17111077777777778 0.02625 0.097778
0 0.504375 0.16555577777777777 0.02375 0.08666700000000001
0 0.4875 0.16555577777777777 0.02 0.08222200000000002
0 0.47750000000000004 0.2444447777777778 0.03 0.102222
0 0.163125 0.20999977777777776 0.02875 0.11333299999999999
0 0.196875 0.23444477777777775 0.02375 0.126667
0 0.22062500000000002 0.23666677777777778 0.02375 0.122222
0 0.28874999999999995 0.2188887777777778 0.02 0.10444400000000002
0 0.265 0.2588887777777778 0.025 0.11777800000000001
0 0.310625 0.2588887777777778 0.01875 0.11777800000000001
0 0.3325 0.2477777777777778 0.0275 0.13111100000000003
0 0.17 0.31666677777777774 0.035 0.19333300000000006
0 0.56875 0.4888887777777778 0.0725 0.44
0 0.8375 0.7477777777777778 0.0975 0.44666700000000004
0 0.71875 0.7722217777777778 0.1225 0.42
0 0.465 0.7355557777777778 0.12 0.48
0 0.6075 0.7966667777777777 0.0925 0.35777799999999993
