0 0.6758333333333334 0.385 0.125 0.2275
0 0.7950003333333334 0.395 0.11 0.2625
0 0.9000003333333333 0.61 0.15333300000000008 0.3000000000000001
0 0.5941663333333335 0.385 0.08166700000000002 0.1825
0 0.29166633333333336 0.325 0.03333299999999999 0.0775
0 0.25833333333333336 0.320625 0.03666700000000001 0.10875
0 0.23083333333333333 0.3225 0.03833299999999999 0.095
0 0.18666633333333332 0.319375 0.04 0.10625
0 0.14833333333333334 0.319375 0.03666700000000001 0.10125
0 0.07833333333333334 0.326875 0.04 0.08625000000000001
0 0.11333333333333334 0.335 0.09000000000000001 0.1825
0 0.3741663333333333 0.36625 0.07500000000000001 0.18
0 0.32750033333333334 0.374375 0.07166700000000002 0.17875
