0 0.38250033333333333 0.47375 0.09166700000000001 0.255
0 0.7666663333333334 0.4 0.026667000000000014 0.065
0 0.7400003333333334 0.3925 0.030000000000000002 0.0725
0 0.6466663333333335 0.4 0.03666700000000001 0.0775
0 0.5083333333333334 0.40875 0.04333299999999999 0.08
0 0.30833333333333335 0.42562500000000003 0.05333299999999999 0.10875
0 0.2783333333333334 0.424375 0.04333299999999999 0.10875
0 0.12250033333333335 0.421875 0.048332999999999994 0.10375000000000001
0 0.21500033333333335 0.425 0.05 0.1
0 0.18583333333333335 0.421875 0.035 0.09375
