0 0.34750033333333336 0.385 0.085 0.17250000000000001
0 0.6316663333333332 0.629375 0.11333299999999999 0.22875
0 0.5550003333333334 0.515625 0.09666700000000002 0.21375
0 0.5700003333333333 0.415625 0.08333299999999999 0.16625
0 0.2758333333333334 0.480625 0.088333 0.17875
0 0.9833333333333334 0.198125 0.030000000000000002 0.09125
0 0.11083333333333334 0.330625 0.055 0.13125
0 0.7641663333333335 0.23 0.041667000000000017 0.11750000000000001
0 0.7958333333333334 0.22062500000000002 0.041667000000000017 0.11875000000000001
0 0.24083333333333334 0.470625 0.061667000000000013 0.15875
0 0.30000033333333337 0.42312500000000003 0.06333299999999999 0.15625
0 0.06750033333333334 0.7175 0.07500000000000001 0.245
0 0.34916633333333336 0.66 0.085 0.22
0 0.4608333333333334 0.680625 0.08833300000000004 0.22875
0 0.7166663333333335 0.43062500000000004 0.056667000000000016 0.15625
0 0.7991663333333334 0.413125 0.055 0.15125
0 0.8391663333333335 0.46187500000000004 0.058333000000000086 0.15125
0 0.7975003333333333 0.49125 0.078333 0.21
0 0.8641663333333333 0.551875 0.07500000000000001 0.18125
