0 0.46625 0.5377777777777778 0.11750000000000001 0.6977780000000001
0 0.12875 0.5288887777777778 0.11 0.6177779999999999
0 0.299375 0.5311107777777777 0.08625000000000003 0.6755560000000002
0 0.411875 0.47666677777777783 0.058750000000000004 0.526667
0 0.534375 0.5644447777777778 0.07875 0.608889
0 0.625625 0.5499997777777779 0.06875000000000007 0.5222220000000001
0 0.683125 0.5522217777777778 0.06375 0.713333
0 0.745625 0.5499997777777778 0.06875 0.691111
0 0.81 0.5733337777777778 0.0625 0.591111
0 0.250625 0.5111107777777778 0.06125 0.47555600000000003
