0 0.6000003333333332 0.444375 0.12666700000000003 0.30125
0 0.8483333333333334 0.43062500000000004 0.09000000000000001 0.18125
0 0.6766663333333333 0.425 0.073333 0.1675
0 0.5183333333333333 0.424375 0.07666700000000001 0.16875
0 0.07750033333333334 0.359375 0.06833300000000002 0.13625
0 0.13500033333333336 0.36312500000000003 0.060000000000000005 0.13875
0 0.17250033333333337 0.351875 0.03833300000000001 0.09625
0 0.25083333333333335 0.378125 0.065 0.17125
0 0.29583333333333334 0.38625 0.065 0.17
0 0.34500033333333335 0.415625 0.1 0.24625
0 0.4391663333333333 0.39937500000000004 0.095 0.25875
