0 0.63 0.38222177777777777 0.0325 0.19111100000000003
0 0.555625 0.36999977777777776 0.02875 0.15333299999999997
0 0.570625 0.3833337777777778 0.043750000000000004 0.20222200000000007
0 0.43 0.3833337777777778 0.05 0.255556
0 0.455 0.3833337777777778 0.06 0.313333
0 0.27375000000000005 0.4211107777777778 0.0625 0.31777800000000006
0 0.046875 0.3877777777777778 0.03875 0.282222
0 0.15875 0.4599997777777778 0.065 0.23555600000000002
0 0.6062500000000001 0.38111077777777774 0.04 0.19333300000000003
0 0.696875 0.37888877777777774 0.03875 0.184444
0 0.754375 0.44666677777777775 0.05375 0.25777799999999995
0 0.7837500000000001 0.4077777777777778 0.0325 0.157778
