0 0.455625 0.4033337777777778 0.03875 0.18888899999999997
0 0.41500000000000004 0.4111107777777778 0.05 0.284444
0 0.35125 0.4177777777777778 0.065 0.36
0 0.27125000000000005 0.46444477777777776 0.075 0.484444
0 0.185625 0.44222177777777777 0.08625000000000001 0.5333330000000001
0 0.065625 0.4733337777777777 0.10875 0.702222
0 0.11812500000000001 0.3733337777777778 0.08375 0.4
0 0.26062500000000005 0.44666677777777775 0.07875 0.448889
0 0.3325 0.4111107777777778 0.06 0.3377780000000001
0 0.38625 0.3933337777777778 0.05 0.24
