0 0.553125 0.45444477777777775 0.06875 0.384444
0 0.469375 0.49777777777777776 0.058750000000000004 0.42222200000000004
0 0.6743750000000001 0.5666667777777777 0.08625000000000001 0.48
0 0.7725 0.44333377777777777 0.0775 0.31333300000000003
0 0.308125 0.3633337777777778 0.02875 0.14
0 0.335 0.37666677777777774 0.0325 0.157778
0 0.36125 0.36222177777777775 0.03 0.142222
0 0.625625 0.5199997777777777 0.061250000000000075 0.41333299999999995
0 0.8306250000000001 0.47777777777777786 0.06375 0.3688890000000001
0 0.014375 0.3944447777777777 0.02375 0.12666699999999997
