0 0.6158333333333336 0.421875 0.088333 0.18125
0 0.9650003333333335 0.38 0.05666699999999992 0.1575
0 0.8041663333333334 0.381875 0.065 0.14875
0 0.8233333333333334 0.418125 0.08333300000000009 0.19375
0 0.7316663333333334 0.36875 0.046667000000000014 0.115
0 0.7158333333333334 0.39187500000000003 0.061667000000000013 0.13625
0 0.6550003333333335 0.39625 0.046667000000000014 0.1325
0 0.5750003333333333 0.418125 0.05333299999999999 0.14375000000000002
0 0.5041663333333333 0.40625 0.06833299999999999 0.1575
0 0.06333333333333334 0.165625 0.026667000000000007 0.06375
