0 0.8200003333333333 0.614375 0.2099999999999999 0.29875
0 0.6291663333333333 0.499375 0.22166700000000003 0.48625
0 0.35666633333333336 0.52125 0.2 0.4825
0 0.9775003333333333 0.395 0.04166699999999992 0.1575
0 0.17250033333333337 0.371875 0.05833300000000002 0.11875000000000001
0 0.09166633333333334 0.39187500000000003 0.076667 0.15125
0 0.26750033333333334 0.39625 0.065 0.145
0 0.5516663333333334 0.4025 0.08 0.2325
0 0.9033333333333334 0.39 0.06333300000000008 0.145
0 0.9216663333333333 0.36062500000000003 0.05 0.12625
0 0.8041663333333334 0.47875 0.1250000000000001 0.3225
0 0.20833333333333334 0.5231250000000001 0.12666700000000003 0.34375
