0 0.385625 0.42777777777777776 0.04125 0.233333
0 0.455 0.44666677777777775 0.0375 0.24444400000000005
0 0.628125 0.5088887777777777 0.04125 0.244444
0 0.8225 0.5988887777777776 0.065 0.4022219999999999
0 0.780625 0.5855557777777779 0.09875 0.46888899999999994
0 0.725 0.5488887777777778 0.0975 0.4622220000000001
0 0.613125 0.4677777777777778 0.051250000000000004 0.24666699999999997
0 0.474375 0.4555557777777778 0.04125 0.195556
0 0.408125 0.4255557777777778 0.04625 0.22
0 0.4325 0.42777777777777776 0.05 0.23777799999999993
0 0.351875 0.37666677777777774 0.02875 0.135556
0 0.370625 0.4011107777777778 0.02875 0.135556
0 0.31875000000000003 0.39888877777777776 0.0325 0.15333299999999997
0 0.29125 0.38222177777777777 0.03 0.142222
0 0.27625000000000005 0.3899997777777778 0.0275 0.13111100000000003
0 0.25125000000000003 0.3844447777777777 0.03 0.146667
0 0.138125 0.35444477777777783 0.01375 0.06888899999999998
0 0.131875 0.34999977777777774 0.01375 0.06444399999999999
0 0.123125 0.3588887777777778 0.01625 0.07777800000000001
0 0.108125 0.3566667777777778 0.01625 0.07777800000000001
0 0.09 0.35777777777777775 0.0175 0.08444399999999999
0 0.066875 0.3611107777777777 0.01875 0.09111099999999997
0 0.055 0.35777777777777775 0.015 0.07555600000000001
0 0.010625 0.36777777777777776 0.01875 0.09111100000000003
0 0.0325 0.36999977777777776 0.015 0.07333299999999995
