0 0.5231250000000001 0.4744447777777778 0.06625 0.35333300000000006
0 0.32937500000000003 0.42222177777777775 0.05625 0.31555600000000006
0 0.25749999999999995 0.29222177777777775 0.0325 0.15777799999999997
0 0.225 0.28222177777777774 0.03 0.14222200000000002
0 0.349375 0.39888877777777776 0.07375 0.3488890000000001
0 0.609375 0.4633337777777778 0.06125 0.291111
0 0.6325000000000001 0.4566667777777777 0.07 0.3311109999999999
0 0.698125 0.44333377777777777 0.04125 0.197778
0 0.73625 0.4177777777777778 0.0175 0.08444399999999999
0 0.750625 0.43666677777777774 0.02125 0.1
