0 0.275625 0.5211107777777777 0.06375 0.38888899999999993
0 0.10312500000000001 0.5822217777777777 0.06125 0.41333300000000006
0 0.2225 0.5977777777777777 0.075 0.4533329999999999
0 0.44125000000000003 0.6111107777777778 0.095 0.6177780000000002
0 0.69625 0.6066667777777778 0.1 0.5733329999999999
0 0.17500000000000002 0.5355557777777777 0.0625 0.40444399999999997
0 0.09375 0.45888877777777776 0.0525 0.2511109999999999
0 0.041875 0.45999977777777784 0.04625 0.22222200000000006
0 0.366875 0.3611107777777778 0.02125 0.10444399999999998
0 0.311875 0.3633337777777778 0.02125 0.10444399999999998
0 0.29437500000000005 0.3711107777777778 0.02375 0.11555600000000002
