0 0.4 0.21444477777777776 0.0275 0.14444399999999996
0 0.449375 0.23777777777777778 0.043750000000000004 0.20888899999999996
0 0.046875 0.2699997777777778 0.02625 0.12666699999999997
0 0.061875 0.2733337777777778 0.03125 0.15111100000000002
0 0.0825 0.2888887777777778 0.0425 0.204444
0 0.1275 0.27888877777777776 0.0475 0.22444399999999998
0 0.15875 0.26777777777777784 0.0425 0.20222199999999999
0 0.184375 0.28555577777777774 0.043750000000000004 0.21111099999999997
0 0.215625 0.27666677777777776 0.043750000000000004 0.21111099999999997
0 0.23750000000000002 0.2577777777777778 0.0375 0.17777799999999996
0 0.26375 0.24999977777777777 0.0375 0.18
0 0.2775 0.2455557777777778 0.0375 0.18
0 0.29687499999999994 0.2366667777777778 0.03625 0.17555600000000002
0 0.341875 0.20333377777777775 0.02125 0.1
0 0.355625 0.20555577777777775 0.02125 0.1
0 0.36625 0.2011107777777778 0.0175 0.08666700000000001
0 0.5018750000000001 0.18111077777777773 0.01125 0.05555599999999998
0 0.519375 0.18777777777777777 0.01375 0.068889
0 0.584375 0.19444477777777774 0.01375 0.068889
0 0.670625 0.19999977777777783 0.01375 0.06666700000000002
0 0.685 0.19555577777777777 0.0125 0.06222199999999999
0 0.701875 0.19666677777777775 0.01125 0.05555599999999998
0 0.714375 0.21222177777777776 0.01375 0.068889
0 0.734375 0.23444477777777775 0.01625 0.08222200000000002
0 0.7875 0.23777777777777778 0.015 0.071111
0 0.820625 0.23999977777777776 0.01625 0.08
0 0.829375 0.24888877777777776 0.01875 0.08888900000000004
0 0.851875 0.2433337777777778 0.01375 0.06444400000000002
0 0.87625 0.2733337777777778 0.02 0.09777799999999998
0 0.880625 0.3222217777777778 0.03875 0.18666699999999997
0 0.9087500000000001 0.3355557777777778 0.0425 0.2
0 0.930625 0.32555577777777783 0.03875 0.18888900000000003
0 0.948125 0.3233337777777778 0.03875 0.18888899999999997
0 0.9625 0.3688887777777778 0.0375 0.18222200000000002
0 0.01875 0.3155557777777777 0.0325 0.23111099999999996
