0 0.79125 0.4688887777777778 0.065 0.40888899999999995
0 0.635625 0.4611107777777778 0.07875 0.4777780000000001
0 0.5593750000000001 0.41555577777777775 0.05375 0.257778
0 0.4825 0.43444477777777785 0.0725 0.3444439999999999
0 0.441875 0.39444477777777776 0.058750000000000004 0.2822219999999999
0 0.42875 0.31666677777777774 0.0325 0.15777799999999997
0 0.320625 0.3033337777777778 0.03375 0.16222200000000003
0 0.29187500000000005 0.31333377777777777 0.03375 0.16444400000000003
0 0.19062500000000002 0.3533337777777778 0.04125 0.195556
0 0.163125 0.3455557777777778 0.051250000000000004 0.24666700000000005
