0 0.6875 0.3588887777777778 0.025 0.144444
0 0.57125 0.39999977777777784 0.045 0.2800000000000001
0 0.085625 0.27555577777777784 0.03125 0.15111100000000002
0 0.07125000000000001 0.29444477777777783 0.03500000000000001 0.17111100000000004
0 0.05 0.29666677777777783 0.0375 0.18
0 0.033125 0.2833337777777778 0.03875 0.18888900000000003
0 0.015625 0.2799997777777778 0.02375 0.18666700000000006
0 0.5068750000000001 0.28222177777777774 0.02375 0.11555600000000002
0 0.61375 0.3277777777777778 0.025 0.12222200000000003
0 0.6325000000000001 0.3288887777777778 0.0275 0.12888900000000003
0 0.6637500000000001 0.3311107777777778 0.0225 0.10666700000000001
0 0.733125 0.38111077777777774 0.02125 0.1
0 0.753125 0.3933337777777778 0.02625 0.12444399999999999
0 0.77375 0.37777777777777777 0.0375 0.17777800000000002
0 0.7993750000000001 0.4255557777777778 0.03875 0.184444
0 0.80375 0.4311107777777778 0.0325 0.15555600000000003
0 0.8275 0.42777777777777776 0.0325 0.15333300000000002
