0 0.36 0.2244447777777778 0.0325 0.146667
0 0.5956250000000001 0.2833337777777778 0.043750000000000004 0.23777800000000002
0 0.43062500000000004 0.18777777777777777 0.01375 0.068889
0 0.40125 0.17777777777777778 0.0125 0.06222199999999999
0 0.381875 0.18222177777777776 0.01125 0.05777800000000001
0 0.319375 0.18999977777777777 0.01625 0.07777800000000001
0 0.336875 0.18999977777777777 0.01375 0.06444399999999999
0 0.275625 0.19999977777777778 0.01875 0.08888900000000001
0 0.261875 0.20444477777777775 0.01875 0.08888900000000001
0 0.250625 0.21111077777777773 0.01875 0.08888900000000001
0 0.21875 0.20666677777777778 0.02 0.097778
0 0.515625 0.19222177777777782 0.01375 0.06444400000000002
0 0.530625 0.19777777777777777 0.01375 0.06666700000000002
0 0.56375 0.1911107777777778 0.0125 0.06222199999999999
0 0.555 0.1933337777777778 0.0125 0.06222199999999999
0 0.545625 0.19555577777777777 0.01375 0.06666700000000002
0 0.646875 0.21777777777777776 0.01375 0.06666700000000002
0 0.658125 0.2211107777777778 0.01375 0.06444400000000002
0 0.666875 0.21444477777777776 0.01375 0.068889
0 0.67125 0.21888877777777777 0.0125 0.06
0 0.676875 0.22444477777777783 0.01375 0.06666700000000002
0 0.685 0.21333377777777776 0.0125 0.05777800000000001
0 0.699375 0.22222177777777782 0.01375 0.06666700000000002
0 0.73 0.23777777777777778 0.015 0.071111
0 0.744375 0.25444477777777774 0.02125 0.10444399999999998
0 0.9625 0.39888877777777776 0.06 0.28666700000000006
0 0.93 0.3833337777777778 0.045 0.21555599999999994
0 0.7575000000000001 0.29222177777777775 0.0325 0.15333300000000002
0 0.779375 0.3088887777777778 0.03375 0.16444400000000003
0 0.7937500000000001 0.2955557777777778 0.0375 0.18222199999999997
0 0.81 0.30222177777777776 0.0375 0.18222200000000002
0 0.818125 0.30777777777777776 0.03625 0.17555599999999996
0 0.82375 0.3299997777777778 0.035 0.16666700000000004
0 0.8425 0.3222217777777778 0.045 0.21333300000000002
0 0.8775000000000001 0.34222177777777774 0.045 0.21333300000000002
0 0.904375 0.35222177777777774 0.043750000000000004 0.20666699999999993
0 0.17 0.24999977777777777 0.0325 0.15777800000000003
0 0.144375 0.2699997777777778 0.03625 0.17555599999999996
0 0.126875 0.2633337777777778 0.03625 0.17111100000000004
0 0.105625 0.2866667777777778 0.03875 0.18666700000000006
0 0.08125 0.2988887777777778 0.0425 0.20222200000000007
0 0.05375 0.31666677777777774 0.045 0.21555599999999994
0 0.025 0.29444477777777783 0.04 0.19333300000000006
