0 0.485 0.3533337777777778 0.0475 0.26666699999999993
0 0.01625 0.2811107777777777 0.0275 0.18888899999999997
0 0.051875000000000004 0.29222177777777775 0.04625 0.22
0 0.068125 0.26444477777777775 0.033749999999999995 0.16444399999999998
0 0.098125 0.23777777777777778 0.02625 0.12444399999999999
0 0.10875 0.24222177777777776 0.0275 0.12888899999999998
0 0.12375 0.2577777777777778 0.03 0.14666699999999994
0 0.14875 0.2655557777777778 0.03 0.144444
0 0.164375 0.2655557777777778 0.02625 0.126667
0 0.201875 0.23222177777777775 0.01125 0.05555599999999998
0 0.38 0.2644447777777778 0.0275 0.12888900000000003
0 0.345625 0.23333377777777772 0.01125 0.05333299999999999
0 0.335625 0.23222177777777783 0.01375 0.06444400000000002
0 0.275 0.22999977777777783 0.01 0.046667000000000014
0 0.265 0.22888877777777775 0.01 0.048889
0 0.25812500000000005 0.22555577777777777 0.00875 0.042221999999999996
0 0.248125 0.22444477777777783 0.00875 0.04444400000000002
0 0.41875 0.43666677777777774 0.0575 0.273333
0 0.6112500000000001 0.33222177777777784 0.0325 0.15333299999999997
0 0.64125 0.34222177777777774 0.0325 0.15555600000000003
0 0.673125 0.33444477777777776 0.02375 0.11333299999999999
0 0.681875 0.3311107777777778 0.02625 0.12444399999999999
0 0.698125 0.33999977777777785 0.02375 0.11111100000000003
0 0.7125 0.34999977777777785 0.0225 0.10888900000000004
0 0.7262500000000001 0.35555577777777786 0.0275 0.12888900000000003
0 0.7475 0.37444477777777774 0.0275 0.13111100000000003
0 0.7725 0.3977777777777778 0.0325 0.15555600000000003
0 0.80125 0.3877777777777778 0.0275 0.13111100000000003
0 0.825625 0.40111077777777787 0.02375 0.11333300000000002
