0 0.414375 0.4022217777777778 0.04125 0.262222
0 0.50125 0.43222177777777776 0.0575 0.291111
0 0.80625 0.48666677777777784 0.0325 0.15555600000000003
0 0.779375 0.46111077777777787 0.03125 0.14888900000000002
0 0.670625 0.4044447777777778 0.01875 0.09333300000000003
0 0.660625 0.3855557777777777 0.01625 0.08222199999999999
0 0.65375 0.4033337777777778 0.0175 0.08666699999999998
0 0.635625 0.3899997777777778 0.02125 0.10444399999999998
0 0.6168750000000001 0.3833337777777778 0.01875 0.09111100000000003
0 0.325 0.31222177777777776 0.0275 0.13111100000000003
