0 0.36875 0.2866667777777778 0.0325 0.17777800000000005
0 0.479375 0.2811107777777777 0.04125 0.21999999999999997
0 0.831875 0.3299997777777778 0.02125 0.10444399999999998
0 0.774375 0.3088887777777778 0.02375 0.11111100000000003
0 0.735 0.2888887777777778 0.02 0.09777799999999998
0 0.53125 0.29222177777777775 0.0375 0.18
0 0.42812500000000003 0.22777777777777777 0.01625 0.07777800000000001
0 0.41500000000000004 0.22666677777777774 0.015 0.07555599999999998
0 0.2975 0.23555577777777775 0.02 0.097778
0 0.283125 0.2366667777777778 0.02125 0.10444400000000002
0 0.25812500000000005 0.23666677777777775 0.02125 0.09999999999999996
0 0.245 0.23333377777777775 0.0225 0.10666699999999998
0 0.19375 0.25555577777777777 0.0225 0.10666700000000001
0 0.14875 0.25666677777777774 0.025 0.11777799999999998
0 0.12875 0.25333377777777777 0.025 0.12
0 0.105 0.2633337777777778 0.0275 0.13111100000000003
