0 0.275 0.3455557777777778 0.0375 0.19333299999999998
0 0.10625 0.34999977777777774 0.05 0.26
0 0.42125 0.41666677777777783 0.0475 0.32222199999999995
0 0.34750000000000003 0.48444477777777784 0.07 0.5333330000000001
0 0.06375 0.36999977777777776 0.0575 0.27333299999999994
0 0.043125000000000004 0.35777777777777775 0.058750000000000004 0.29777799999999993
0 0.01875 0.36555577777777776 0.0325 0.291111
0 0.165 0.31666677777777774 0.03 0.144444
0 0.513125 0.35999977777777775 0.02375 0.11555600000000002
0 0.5331250000000001 0.3755557777777777 0.02875 0.137778
0 0.555625 0.3799997777777777 0.02875 0.137778
0 0.586875 0.3855557777777778 0.02875 0.14
0 0.62375 0.3922217777777778 0.0275 0.13111100000000003
0 0.646875 0.4099997777777778 0.03625 0.15333299999999997
0 0.671875 0.41999977777777775 0.03375 0.16
0 0.699375 0.42444477777777784 0.02375 0.142222
0 0.243125 0.30222177777777776 0.02625 0.11555600000000002
