0 0.195625 0.36999977777777776 0.05375 0.3977780000000001
0 0.82375 0.5133337777777778 0.0575 0.2755560000000001
0 0.784375 0.4899997777777778 0.05625 0.26888900000000004
0 0.74 0.44999977777777783 0.0475 0.22888900000000004
0 0.711875 0.40666677777777777 0.03875 0.18666699999999997
0 0.681875 0.4144447777777778 0.03875 0.184444
0 0.425 0.31555577777777777 0.0275 0.13333299999999998
0 0.390625 0.2988887777777778 0.02875 0.14
0 0.36062500000000003 0.27666677777777776 0.02375 0.11333300000000002
0 0.17 0.28222177777777774 0.0375 0.18222200000000002
