0 0.27875000000000005 0.34333377777777774 0.0475 0.3311109999999999
0 0.37125 0.3455557777777778 0.045 0.24666700000000005
0 0.6587500000000001 0.44666677777777775 0.085 0.40444400000000014
0 0.408125 0.27888877777777776 0.01625 0.07777800000000001
0 0.3125 0.34444477777777777 0.06000000000000004 0.2888890000000001
0 0.180625 0.2877777777777778 0.01875 0.09111100000000003
0 0.228125 0.28444477777777777 0.01625 0.08
0 0.11 0.31111077777777774 0.03 0.14666699999999994
0 0.08875 0.3222217777777778 0.03 0.14222200000000002
0 0.07187500000000001 0.3233337777777778 0.03125 0.14888899999999997
