0 0.6 0.4477777777777778 0.045 0.268889
0 0.75 0.39888877777777776 0.055 0.264444
0 0.5225000000000001 0.3466667777777779 0.0275 0.12888900000000003
0 0.5537500000000001 0.34444477777777777 0.025 0.12
0 0.491875 0.3533337777777778 0.02375 0.11555600000000002
0 0.46187500000000004 0.3466667777777779 0.01875 0.09333300000000003
0 0.19375 0.4988887777777778 0.05 0.23777800000000002
0 0.17375000000000002 0.5099997777777777 0.0575 0.277778
0 0.13625000000000004 0.5422217777777778 0.07000000000000002 0.33333299999999993
0 0.09 0.5277777777777777 0.0475 0.2511109999999999
0 0.019375 0.5677777777777778 0.03625 0.24222200000000005
