0 0.28 0.5477777777777778 0.0525 0.3088890000000001
0 0.426875 0.5677777777777778 0.06625 0.3488890000000001
0 0.03125 0.4655557777777778 0.045 0.21555600000000003
0 0.12875 0.4622217777777778 0.04 0.19111099999999998
0 0.23375 0.4688887777777778 0.0425 0.20444400000000004
0 0.35125 0.5155557777777777 0.0625 0.29777799999999993
0 0.593125 0.4833337777777778 0.03875 0.18888899999999997
0 0.568125 0.49777777777777776 0.04625 0.21777799999999994
0 0.545625 0.4455557777777777 0.043750000000000004 0.206667
0 0.7000000000000001 0.45666677777777775 0.0375 0.18
0 0.676875 0.46222177777777784 0.03875 0.18666700000000006
