0 0.508125 0.39888877777777776 0.06875 0.4777780000000001
0 0.460625 0.3466667777777778 0.06375 0.4
0 0.35000000000000003 0.3377777777777778 0.08 0.45777799999999996
0 0.163125 0.31999977777777777 0.04125 0.266667
0 0.13125 0.3011107777777778 0.0475 0.3088890000000001
0 0.08 0.2911107777777778 0.0575 0.3422220000000001
0 0.03375 0.24222177777777776 0.0375 0.18222200000000002
0 0.7056250000000001 0.3099997777777777 0.01875 0.09111099999999997
0 0.81625 0.36444477777777784 0.0275 0.12888899999999998
0 0.8375 0.3844447777777778 0.0275 0.12888900000000003
