0 0.508125 0.6566667777777777 0.10375000000000001 0.6555559999999999
0 0.6125 0.6788887777777778 0.11 0.6244440000000001
0 0.284375 0.18333377777777776 0.07625 0.362222
0 0.3775 0.1555557777777778 0.065 0.306667
0 0.446875 0.11111077777777778 0.043750000000000004 0.208889
0 0.15375 0.1466667777777778 0.06 0.28444400000000003
0 0.51125 0.09888877777777781 0.0375 0.18
0 0.634375 0.16999977777777778 0.07125000000000001 0.34
0 0.688125 0.15666677777777782 0.06625 0.313333
0 0.84875 0.4633337777777778 0.11750000000000001 0.5622220000000001
0 0.9081250000000001 0.5411107777777778 0.06625 0.31777800000000006
0 0.860625 0.16222177777777783 0.06625 0.315556
