0 0.49 0.5555557777777779 0.055 0.29333300000000007
0 0.633125 0.5766667777777778 0.10375000000000001 0.571111
0 0.2 0.5966667777777778 0.0625 0.3
0 0.27125000000000005 0.5388887777777778 0.035 0.16666699999999998
0 0.5387500000000001 0.5466667777777777 0.0425 0.20444400000000004
0 0.5725 0.5433337777777778 0.0425 0.20222200000000007
0 0.386875 0.5466667777777777 0.13375 0.6355559999999999
0 0.704375 0.5722217777777779 0.04125 0.19777800000000006
0 0.8275 0.5788887777777778 0.05 0.23777799999999993
0 0.886875 0.5255557777777777 0.02125 0.10444400000000005
0 0.8718750000000001 0.5155557777777777 0.01875 0.09333300000000003
0 0.910625 0.5277777777777778 0.02375 0.11333300000000002
0 0.944375 0.5899997777777778 0.03375 0.16222200000000006
