0 0.40875 0.5944447777777777 0.0575 0.32666700000000004
0 0.228125 0.5522217777777778 0.07125000000000001 0.31777800000000006
0 0.5625 0.5255557777777777 0.0625 0.32222200000000006
0 0.46625 0.5244447777777778 0.06 0.306667
0 0.633125 0.5333337777777778 0.05625 0.3466669999999999
0 0.79125 0.6077777777777778 0.0475 0.21555599999999994
0 0.14375000000000002 0.4633337777777778 0.06250000000000001 0.3
0 0.036875 0.6666667777777777 0.06375 0.38666700000000004
0 0.296875 0.5455557777777778 0.061250000000000034 0.29555600000000004
0 0.381875 0.49222177777777776 0.06125 0.291111
0 0.74 0.5755557777777779 0.07 0.3333330000000001
0 0.941875 0.6822217777777779 0.06125 0.37333299999999997
0 0.9656250000000001 0.4588887777777777 0.05625 0.30888899999999997
0 0.915 0.6588887777777778 0.065 0.3088890000000001
0 0.5900000000000001 0.8022217777777778 0.095 0.36888899999999997
0 0.858125 0.5488887777777778 0.07375 0.39555599999999996
