0 0.5900000000000001 0.6399997777777777 0.06 0.3955560000000001
0 0.081875 0.6288887777777779 0.03875 0.24
0 0.12437499999999999 0.6099997777777778 0.03875 0.25555599999999995
0 0.629375 0.5877777777777777 0.02625 0.13555599999999995
0 0.385625 0.5644447777777778 0.02625 0.14222199999999993
0 0.283125 0.5777777777777777 0.02625 0.11555599999999995
0 0.265 0.5733337777777778 0.025 0.12888899999999998
0 0.240625 0.5377777777777778 0.02125 0.10666700000000004
0 0.218125 0.5355557777777777 0.02125 0.11555600000000002
0 0.16875 0.5344447777777778 0.0225 0.08666700000000004
