0 0.270625 0.5641663333333333 0.15625000000000003 0.558333
0 0.55 0.42833333333333334 0.0775 0.276667
0 0.709375 0.42500033333333337 0.08375 0.29666700000000007
0 0.79 0.34500033333333335 0.02 0.073333
0 0.8043750000000001 0.34833333333333333 0.02625 0.09666700000000002
0 0.84125 0.36416633333333337 0.0325 0.118333
0 0.87625 0.3675003333333334 0.04 0.14500000000000002
0 0.895625 0.36416633333333337 0.04625 0.168333
0 0.76125 0.32250033333333333 0.0125 0.048332999999999994
0 0.740625 0.34166633333333335 0.01625 0.060000000000000005
