0 0.50625 0.6099997777777778 0.12 0.757778
0 0.946875 0.5933337777777777 0.10375000000000001 0.728889
0 0.79625 0.6099997777777778 0.11 0.7666670000000002
0 0.7056250000000001 0.5588887777777778 0.06875 0.7933329999999998
0 0.63875 0.6222217777777778 0.0925 0.728889
0 0.593125 0.5511107777777777 0.07875 0.76
0 0.410625 0.48555577777777786 0.09625 0.748889
0 0.46625 0.5422217777777778 0.115 0.746667
0 0.28625 0.5999997777777778 0.09500000000000004 0.72
0 0.214375 0.6011107777777778 0.09375 0.771111
0 0.07062500000000001 0.44222177777777777 0.08375 0.591111
