0 0.420625 0.8088887777777778 0.07375 0.35555600000000004
0 0.520625 0.7544447777777777 0.08875 0.45111099999999993
0 0.65 0.7666667777777779 0.09 0.4444439999999999
0 0.7418750000000001 0.7966667777777777 0.04875 0.24666700000000005
0 0.915625 0.8088887777777778 0.03875 0.22222200000000006
0 0.94125 0.8099997777777779 0.0425 0.24222200000000005
0 0.890625 0.7955557777777778 0.03125 0.21333299999999997
0 0.8456250000000001 0.8188887777777778 0.04125 0.18888899999999997
0 0.695625 0.8022217777777776 0.02875 0.275556
0 0.1925 0.8055557777777778 0.0425 0.34
0 0.113125 0.7999997777777779 0.058750000000000004 0.3377780000000001
