0 0.41250000000000003 0.49779735682819387 0.07 0.3700440000000001
0 0.47375 0.5770923568281939 0.1125 0.6035239999999998
0 0.7875 0.568282356828194 0.1475 0.8281939999999999
0 0.1925 0.4691633568281938 0.05 0.29955899999999996
0 0.150625 0.4812773568281939 0.046249999999999986 0.257709
0 0.111875 0.47246735682819385 0.04625 0.2973570000000001
0 0.380625 0.4405283568281938 0.043750000000000004 0.23348000000000002
0 0.635 0.5308373568281939 0.0675 0.46255499999999994
0 0.714375 0.5385463568281939 0.08125 0.561674
0 0.520625 0.4647573568281939 0.043750000000000004 0.229075
