0 0.258125 0.47666633333333336 0.17374999999999996 0.62
0 0.2025 0.33000033333333334 0.045 0.183333
0 0.32625 0.34666633333333335 0.06 0.22333299999999995
0 0.351875 0.3750003333333333 0.07625 0.273333
0 0.414375 0.32250033333333333 0.043750000000000004 0.18500000000000003
0 0.44 0.31583333333333335 0.055 0.218333
0 0.45125 0.35083333333333333 0.05 0.21833300000000005
0 0.50375 0.36083333333333334 0.1 0.35500000000000004
0 0.5425 0.32583333333333336 0.0475 0.20500000000000002
0 0.5800000000000001 0.3766663333333333 0.0775 0.27666700000000005
0 0.613125 0.35083333333333333 0.06375 0.255
0 0.695625 0.34750033333333336 0.07875 0.28166700000000006
0 0.828125 0.4133333333333334 0.15875 0.5666669999999999
0 0.910625 0.33500033333333334 0.058750000000000004 0.27333299999999994
0 0.954375 0.34750033333333336 0.05375 0.24500000000000002
0 0.165625 0.3358333333333334 0.05375 0.23500000000000001
