0 0.38 0.8188887777777778 0.04 0.19333299999999995
0 0.025 0.8344447777777778 0.05 0.23777799999999993
0 0.084375 0.8777777777777778 0.04625 0.22222200000000006
0 0.55625 0.7633337777777779 0.0325 0.15777800000000006
0 0.591875 0.7677777777777778 0.03125 0.14888899999999997
0 0.6162500000000001 0.7755557777777777 0.03 0.14222200000000004
0 0.640625 0.7788887777777778 0.02875 0.14
0 0.665 0.774444777777778 0.0325 0.15777800000000006
0 0.696875 0.7666667777777777 0.02625 0.12444399999999999
0 0.784375 0.7577777777777778 0.02875 0.14666700000000005
0 0.72875 0.7533337777777778 0.0225 0.12888899999999998
0 0.75 0.7566667777777779 0.0275 0.14888899999999997
