0 0.563125 0.5233333333333333 0.13875 0.5933330000000001
0 0.698125 0.42666633333333337 0.08125 0.323333
0 0.0175 0.35250033333333336 0.035 0.155
0 0.030625 0.39416633333333334 0.04625 0.18833299999999994
0 0.069375 0.3800003333333333 0.046250000000000006 0.19999999999999996
0 0.121875 0.5641663333333333 0.15125 0.538333
0 0.180625 0.38833333333333336 0.05625 0.22666699999999998
0 0.258125 0.46750033333333335 0.12374999999999997 0.44166700000000014
0 0.3125 0.3700003333333334 0.04250000000000004 0.17
0 0.336875 0.35500033333333336 0.043750000000000004 0.16666700000000007
0 0.41000000000000003 0.3900003333333334 0.07 0.25
0 0.525 0.48833333333333334 0.1225 0.45666699999999993
0 0.951875 0.5766663333333334 0.08625000000000001 0.6866670000000001
