0 0.491875 0.4655557777777778 0.04125 0.2777780000000001
0 0.46187500000000004 0.47888877777777783 0.051250000000000004 0.268889
0 0.26375 0.4711107777777778 0.0525 0.25777800000000006
0 0.11875000000000001 0.4966667777777778 0.055 0.32222199999999995
0 0.063125 0.5066667777777778 0.06625 0.30222199999999994
0 0.525625 0.44222177777777777 0.03625 0.19111100000000003
0 0.556875 0.44999977777777783 0.03375 0.18888900000000003
0 0.96625 0.4266667777777779 0.035 0.182222
0 0.9087500000000001 0.45999977777777784 0.095 0.6
0 0.6975 0.4966667777777778 0.0975 0.837778
0 0.756875 0.47222177777777774 0.08875 0.6422219999999998
0 0.615 0.43444477777777785 0.0375 0.20222200000000007
0 0.58375 0.44333377777777777 0.0325 0.18
0 0.43 0.47222177777777774 0.0425 0.273333
0 0.400625 0.4966667777777779 0.051250000000000004 0.25111100000000003
0 0.34125 0.4699997777777778 0.0575 0.2777780000000001
0 0.304375 0.46999977777777785 0.038750000000000034 0.26000000000000006
0 0.2225 0.4744447777777778 0.055 0.25111100000000003
0 0.17 0.4833337777777778 0.06 0.23777799999999993
