0 0.634375 0.6046253568281938 0.13375 0.7378850000000002
0 0.9675 0.6013213568281939 0.0475 0.2422910000000001
0 0.7375 0.6530833568281939 0.06 0.310573
0 0.5537500000000001 0.6431713568281939 0.05 0.29955899999999996
0 0.496875 0.6508813568281939 0.04875 0.2841409999999999
0 0.45437500000000003 0.6651983568281938 0.06375 0.34801799999999994
0 0.3775 0.556167356828194 0.045 0.292952
0 0.326875 0.6563873568281939 0.051250000000000004 0.2995590000000001
0 0.26062500000000005 0.6806163568281939 0.06875 0.36563899999999994
0 0.20375000000000001 0.6552863568281938 0.06 0.314978
