0 0.35875 0.4450003333333334 0.1325 0.4933329999999999
0 0.5593750000000001 0.3675003333333334 0.11125 0.395
0 0.671875 0.34416633333333335 0.08125 0.28833299999999995
0 0.225 0.41500033333333336 0.115 0.41000000000000003
0 0.31125 0.32500033333333334 0.0625 0.223333
0 0.39187500000000003 0.33666633333333335 0.05625 0.20333300000000004
0 0.45875 0.33250033333333334 0.0575 0.21833299999999994
0 0.46875 0.31583333333333335 0.0475 0.19833300000000004
0 0.71875 0.3125003333333333 0.05 0.18166700000000002
0 0.764375 0.31583333333333335 0.04875 0.17500000000000002
0 0.795625 0.30083333333333334 0.03875 0.13833300000000004
0 0.82375 0.34166633333333335 0.07 0.25
0 0.89625 0.33000033333333334 0.065 0.24000000000000002
0 0.9525 0.32000033333333333 0.0675 0.243333
