0 0.19875 0.4658333333333334 0.185 0.7350000000000001
0 0.7987500000000001 0.34916633333333336 0.155 0.5850000000000001
0 0.886875 0.3050003333333334 0.10125 0.3866669999999999
0 0.033125 0.29833333333333334 0.06125 0.27
0 0.1575 0.39583333333333337 0.155 0.5516669999999999
0 0.448125 0.2516663333333333 0.04625 0.16333300000000003
0 0.49125 0.2325003333333333 0.04 0.14500000000000002
0 0.5643750000000001 0.28166633333333335 0.06375 0.23
0 0.5181250000000001 0.21500033333333335 0.02875 0.11
0 0.54 0.23416633333333334 0.035 0.16166700000000003
0 0.57625 0.2525003333333333 0.06 0.228333
0 0.601875 0.24083333333333334 0.03625 0.14500000000000002
0 0.6218750000000001 0.20916633333333334 0.02125 0.09833299999999999
0 0.65625 0.25666633333333333 0.06 0.213333
0 0.6825 0.21416633333333335 0.0225 0.09166700000000001
0 0.70625 0.21416633333333335 0.025 0.088333
0 0.953125 0.2325003333333333 0.03375 0.15166700000000002
0 0.97375 0.24083333333333334 0.0425 0.18166699999999997
0 0.74 0.23833333333333334 0.0425 0.166667
