0 0.246875 0.47500033333333336 0.06875 0.24666700000000008
0 0.29812500000000003 0.48250033333333336 0.05625 0.20166700000000007
0 0.19875 0.5291663333333333 0.045 0.16166700000000003
0 0.015 0.4500003333333334 0.03 0.15000000000000002
0 0.04625 0.43583333333333335 0.035 0.12833300000000006
0 0.078125 0.42000033333333336 0.02125 0.07666699999999997
0 0.1 0.42000033333333336 0.0225 0.08
0 0.1225 0.42083333333333334 0.0375 0.135
0 0.139375 0.42000033333333336 0.02625 0.11666700000000006
0 0.169375 0.42666633333333337 0.02375 0.08666699999999997
0 0.185 0.41750033333333336 0.025 0.095
0 0.421875 0.46916633333333324 0.07875 0.2849999999999999
0 0.45 0.4325003333333334 0.045 0.18500000000000003
0 0.566875 0.42833333333333334 0.04875 0.17666699999999996
0 0.619375 0.4500003333333334 0.05625 0.2
0 0.6925 0.42916633333333337 0.06 0.21166699999999997
0 0.8325 0.44416633333333333 0.0675 0.23500000000000001
0 0.904375 0.43083333333333335 0.05625 0.18833300000000006
0 0.933125 0.39750033333333334 0.02625 0.11833299999999995
0 0.950625 0.40333333333333343 0.03125 0.11333299999999999
