0 0.5999999999999999 0.5800003333333333 0.14249999999999993 0.51
0 0.024375 0.5191663333333334 0.04875 0.3016670000000001
0 0.046875 0.48250033333333336 0.02875 0.10500000000000001
0 0.0825 0.4550003333333334 0.0425 0.15333299999999994
0 0.109375 0.4450003333333334 0.03125 0.12000000000000001
0 0.14 0.45666633333333334 0.04000000000000002 0.15333299999999994
0 0.2325 0.5025003333333333 0.0625 0.29500000000000004
0 0.29812500000000003 0.5400003333333334 0.09875 0.36000000000000004
0 0.335 0.4550003333333334 0.0475 0.18333299999999994
0 0.3825 0.4416663333333333 0.03 0.11666700000000006
0 0.4025 0.45583333333333337 0.0225 0.08166699999999998
0 0.45 0.47666633333333336 0.065 0.2666670000000001
0 0.5018750000000001 0.43083333333333335 0.02875 0.10833300000000004
0 0.655625 0.4350003333333334 0.02875 0.13
0 0.713125 0.4300003333333334 0.04625 0.16333300000000003
0 0.179375 0.42666633333333337 0.01875 0.07333300000000004
0 0.19062500000000002 0.42250033333333337 0.01875 0.07500000000000001
0 0.52875 0.4216663333333334 0.0225 0.08333299999999999
