0 0.596875 0.46666633333333335 0.10625 0.393333
0 0.358125 0.45083333333333336 0.08875 0.351667
0 0.06375 0.3900003333333334 0.065 0.23333299999999996
0 0.11 0.36666633333333337 0.0425 0.153333
0 0.1625 0.36250033333333337 0.0425 0.15166699999999997
0 0.295 0.5191663333333334 0.1375 0.49166700000000013
0 0.745 0.47500033333333336 0.11750000000000001 0.42000000000000004
0 0.88875 0.5916663333333334 0.22 0.7866670000000001
0 0.433125 0.34500033333333335 0.01875 0.07
0 0.449375 0.3408333333333334 0.01875 0.08166700000000002
0 0.464375 0.33166633333333334 0.01875 0.06666700000000002
0 0.5281250000000001 0.36166633333333337 0.03625 0.133333
0 0.6637500000000001 0.35083333333333333 0.025 0.10500000000000001
0 0.68125 0.35916633333333337 0.0325 0.118333
0 0.81375 0.33500033333333334 0.0225 0.08333299999999999
0 0.829375 0.33500033333333334 0.02125 0.08
0 0.9237500000000001 0.33166633333333334 0.03 0.11333300000000004
0 0.498125 0.33250033333333334 0.01625 0.061667000000000013
0 0.485 0.33416633333333334 0.015 0.058332999999999996
