0 0.45437500000000003 0.44083333333333335 0.06875 0.24833300000000005
0 0.046875 0.40083333333333343 0.043750000000000004 0.158333
0 0.083125 0.40916633333333335 0.043750000000000004 0.15833300000000006
0 0.11750000000000001 0.4058333333333333 0.045 0.18166700000000002
0 0.34875 0.41666633333333336 0.0525 0.18666700000000008
0 0.39437500000000003 0.3691663333333334 0.01875 0.06833299999999999
0 0.40875 0.39333333333333337 0.03 0.11
0 0.51125 0.4575003333333334 0.0975 0.3716670000000001
0 0.485 0.40416633333333335 0.0375 0.15166699999999997
0 0.55125 0.3900003333333334 0.0375 0.13666700000000007
0 0.57375 0.38416633333333333 0.03 0.10833299999999994
0 0.625 0.38583333333333336 0.035 0.12833300000000006
0 0.723125 0.4008333333333334 0.051250000000000004 0.18499999999999997
0 0.810625 0.39583333333333337 0.05625 0.20166699999999999
0 0.958125 0.39333333333333337 0.04875 0.21000000000000002
