0 0.27062499999999995 0.5844447777777778 0.04125 0.23555599999999996
0 0.14625 0.5244447777777778 0.035 0.22666700000000004
0 0.168125 0.5699997777777779 0.04125 0.26444400000000007
0 0.24375 0.5499997777777779 0.035 0.22000000000000006
0 0.491875 0.5411107777777777 0.02375 0.12222199999999993
0 0.465 0.5411107777777777 0.0275 0.11777799999999994
0 0.6475 0.5466667777777777 0.03 0.12888899999999998
0 0.685 0.5444447777777778 0.025 0.12
0 0.8125 0.5599997777777778 0.03 0.17333299999999996
0 0.766875 0.5577777777777778 0.03125 0.19111099999999998
0 0.748125 0.5477777777777778 0.02875 0.184444
0 0.8325 0.5577777777777778 0.025 0.17333299999999996
0 0.86 0.5555557777777778 0.03 0.19111099999999998
0 0.90125 0.5533337777777779 0.035 0.20888900000000005
