0 0.458125 0.38750033333333334 0.07625 0.27166700000000005
0 0.043750000000000004 0.3408333333333334 0.0275 0.115
0 0.0575 0.3150003333333333 0.02 0.07666700000000001
0 0.09375 0.32583333333333336 0.03 0.108333
0 0.140625 0.32000033333333333 0.02375 0.09666700000000002
0 0.1775 0.34666633333333335 0.0425 0.153333
0 0.200625 0.33916633333333335 0.02875 0.115
0 0.208125 0.31750033333333333 0.02625 0.11166700000000002
0 0.229375 0.34250033333333335 0.03375 0.118333
0 0.265 0.33000033333333334 0.02 0.093333
0 0.321875 0.3383333333333334 0.04625 0.166667
0 0.503125 0.3791663333333333 0.058750000000000004 0.24500000000000002
0 0.55125 0.35500033333333336 0.0575 0.22333299999999995
0 0.64875 0.38083333333333336 0.0475 0.20500000000000002
