0 0.41500000000000004 0.49083333333333334 0.1475 0.5383330000000002
0 0.316875 0.3850003333333333 0.06125 0.21999999999999997
0 0.0475 0.35083333333333333 0.0225 0.08166700000000002
0 0.06937499999999999 0.35083333333333333 0.01875 0.06833299999999999
0 0.043750000000000004 0.38666633333333333 0.0325 0.10666699999999997
0 0.125 0.37333333333333335 0.04 0.14
0 0.2175 0.3383333333333334 0.03 0.12666700000000003
0 0.231875 0.36416633333333337 0.03875 0.138333
0 0.264375 0.3700003333333334 0.04125 0.16333300000000003
0 0.275 0.35833333333333334 0.035 0.13333300000000003
0 0.5337500000000001 0.32666633333333334 0.0575 0.206667
