0 0.36583333333333334 0.530625 0.115 0.23125
0 0.7750003333333333 0.48875 0.11666700000000002 0.23500000000000001
0 0.8225003333333335 0.361875 0.10166700000000002 0.19625
0 0.7066663333333333 0.1525 0.05333299999999999 0.1475
0 0.6583333333333333 0.28625 0.056667000000000016 0.16750000000000004
0 0.5600003333333334 0.250625 0.07 0.16875
0 0.4733333333333334 0.281875 0.08 0.18125
0 0.34916633333333336 0.235625 0.058332999999999996 0.15875
0 0.2325003333333333 0.22375 0.06833299999999999 0.1625
0 0.38916633333333334 0.6900000000000001 0.09833300000000005 0.2475
