0 0.404375 0.3741663333333333 0.058750000000000004 0.23833299999999996
0 0.630625 0.3700003333333334 0.06875 0.24666700000000008
0 0.014375 0.33666633333333335 0.02875 0.136667
0 0.065625 0.32666633333333334 0.03125 0.11333300000000004
0 0.10250000000000001 0.34666633333333335 0.0275 0.11333300000000004
0 0.106875 0.31750033333333333 0.01875 0.08166700000000002
0 0.12875 0.32250033333333333 0.02 0.078333
0 0.20125 0.34416633333333335 0.0425 0.15166699999999997
0 0.2175 0.33000033333333334 0.0225 0.093333
0 0.23625000000000002 0.32666633333333334 0.025 0.1
0 0.27312499999999995 0.34166633333333335 0.02625 0.11
0 0.29125 0.3433333333333333 0.0275 0.11
0 0.344375 0.3408333333333334 0.03625 0.165
0 0.4425 0.3725003333333334 0.0475 0.225
