0 0.725 0.5777777777777777 0.135 0.702222
0 0.565625 0.5688887777777778 0.12875 0.6844440000000002
0 0.8981250000000001 0.5233337777777777 0.05625 0.4022219999999999
0 0.85 0.5244447777777776 0.065 0.3999999999999999
0 0.46875 0.4966667777777778 0.065 0.47333299999999995
0 0.43375 0.5122217777777778 0.0825 0.49555600000000005
0 0.33625 0.5055557777777777 0.08750000000000001 0.5088889999999999
0 0.25562500000000005 0.49222177777777776 0.08125 0.54
0 0.20750000000000002 0.48222177777777775 0.0975 0.5777780000000002
0 0.14875 0.49444477777777784 0.12 0.58
0 0.065 0.3611107777777778 0.075 0.47333299999999995
