0 0.824375 0.4708333333333334 0.11625 0.45166699999999993
0 0.918125 0.48250033333333336 0.13625 0.5083329999999999
0 0.45687500000000003 0.3775003333333333 0.05375 0.208333
0 0.5337500000000001 0.3691663333333334 0.065 0.23166700000000004
0 0.40375 0.42750033333333337 0.08750000000000001 0.315
0 0.324375 0.39750033333333334 0.08875 0.318333
0 0.025625000000000002 0.34666633333333335 0.051250000000000004 0.19
0 0.08 0.35416633333333336 0.04 0.165
0 0.11812500000000001 0.35250033333333336 0.043750000000000004 0.18166699999999997
0 0.143125 0.34416633333333335 0.03125 0.15166699999999997
0 0.165625 0.3716663333333334 0.04625 0.193333
0 0.18125 0.34416633333333335 0.035 0.14500000000000002
0 0.20500000000000002 0.33250033333333334 0.0275 0.09833299999999999
0 0.23500000000000001 0.34250033333333335 0.03 0.125
0 0.5068750000000001 0.36250033333333337 0.04125 0.15833300000000006
0 0.688125 0.3875003333333333 0.05625 0.295
0 0.74125 0.3900003333333334 0.075 0.32
0 0.769375 0.43083333333333335 0.06375 0.39833300000000005
0 0.581875 0.32833333333333337 0.01875 0.08333299999999999
0 0.5925 0.32500033333333334 0.02 0.08333299999999999
0 0.56125 0.33333333333333337 0.0225 0.09000000000000001
