0 0.448125 0.48583333333333334 0.15875 0.621667
0 0.14875 0.4241663333333334 0.08 0.25166700000000003
0 0.74375 0.36083333333333334 0.0925 0.33833300000000005
0 0.290625 0.5633333333333334 0.23875000000000002 0.8500000000000002
0 0.9450000000000001 0.29000033333333336 0.03 0.13333300000000003
0 0.824375 0.29416633333333336 0.02875 0.10500000000000001
0 0.041875 0.3791663333333333 0.03375 0.11833299999999995
0 0.0625 0.36166633333333337 0.02 0.06666700000000002
0 0.203125 0.34833333333333333 0.02125 0.073333
0 0.01125 0.39166633333333334 0.0225 0.11333300000000004
0 0.225625 0.35416633333333336 0.02125 0.08166700000000002
0 0.0975 0.35250033333333336 0.015 0.055
