0 0.68 0.4083333333333334 0.14 0.5
0 0.52125 0.40083333333333343 0.09 0.348333
0 0.5900000000000001 0.3900003333333334 0.0725 0.29333299999999995
0 0.446875 0.34500033333333335 0.043750000000000004 0.16333300000000003
0 0.551875 0.34416633333333335 0.04875 0.17833299999999996
0 0.625 0.3575003333333334 0.05 0.25166700000000003
0 0.796875 0.3100003333333334 0.05625 0.20333300000000004
0 0.875625 0.30000033333333337 0.04125 0.14666699999999996
0 0.9075 0.29500033333333336 0.0425 0.153333
0 0.961875 0.4058333333333333 0.06875 0.488333
