0 0.63125 0.5622217777777776 0.037500000000000075 0.17777799999999994
0 0.67125 0.774444777777778 0.05 0.19777800000000006
0 0.53625 0.5899997777777778 0.035 0.16666699999999998
0 0.439375 0.5777777777777777 0.03625 0.17333300000000001
0 0.193125 0.4744447777777777 0.03625 0.157778
0 0.314375 0.5166667777777778 0.03125 0.17555600000000002
0 0.344375 0.5355557777777777 0.03375 0.19111099999999998
0 0.3725 0.5777777777777777 0.04 0.19555599999999995
0 0.403125 0.5388887777777778 0.03625 0.18444400000000005
0 0.691875 0.6822217777777779 0.04125 0.22222200000000006
0 0.13999999999999999 0.4711107777777779 0.03 0.12888900000000003
