0 0.89 0.4144447777777778 0.0725 0.3488890000000001
0 0.68125 0.42222177777777775 0.07 0.3333330000000001
0 0.83625 0.42444477777777784 0.07 0.3333330000000001
0 0.9606250000000001 0.4033337777777778 0.07125000000000001 0.3444439999999999
0 0.765625 0.5933337777777777 0.14125000000000001 0.671111
0 0.146875 0.6433337777777778 0.20125 0.6955560000000002
0 0.246875 0.6155557777777778 0.14375000000000002 0.746667
0 0.371875 0.6366667777777779 0.09625 0.6422219999999998
0 0.43062500000000004 0.6888887777777778 0.10125 0.5955559999999999
0 0.53625 0.4833337777777778 0.065 0.43777799999999994
0 0.5693750000000001 0.4699997777777778 0.051250000000000004 0.43777800000000006
0 0.60375 0.45666677777777775 0.05 0.38444400000000006
0 0.63375 0.3699997777777778 0.0425 0.26888900000000004
0 0.73375 0.40222177777777784 0.0575 0.38666700000000004
