0 0.450625 0.45666677777777775 0.08375 0.39777799999999996
0 0.60375 0.37999977777777777 0.065 0.311111
0 0.233125 0.3455557777777778 0.043750000000000004 0.2777780000000001
0 0.296875 0.38444477777777775 0.06625000000000003 0.311111
0 0.1375 0.40666677777777777 0.059999999999999984 0.351111
0 0.20125 0.4677777777777778 0.0775 0.39777799999999996
0 0.08687500000000001 0.5411107777777777 0.07625 0.5
0 0.181875 0.7033337777777778 0.11125 0.5755560000000002
0 0.43062500000000004 0.34222177777777774 0.04625 0.25777799999999995
0 0.39687500000000003 0.38222177777777777 0.051250000000000004 0.28888899999999995
0 0.4925 0.3222217777777778 0.04 0.244444
0 0.5337500000000001 0.31444477777777774 0.0425 0.255556
0 0.57625 0.31444477777777774 0.0375 0.24222199999999997
0 0.65125 0.2911107777777778 0.0325 0.22222199999999995
0 0.6775 0.3611107777777778 0.05 0.291111
0 0.76875 0.33555577777777784 0.055 0.2800000000000001
0 0.761875 0.44111077777777774 0.058750000000000004 0.388889
0 0.7993750000000001 0.5211107777777778 0.06625 0.39333299999999993
0 0.834375 0.4499997777777778 0.04875 0.3311109999999999
0 0.885 0.5011107777777778 0.06 0.384444
0 0.95625 0.5566667777777777 0.0675 0.44222200000000006
