0 0.74375 0.45666677777777775 0.09 0.42888899999999996
0 0.9081250000000001 0.4599997777777778 0.09125 0.435556
0 0.670625 0.47666677777777783 0.08375 0.4022219999999999
0 0.285625 0.5355557777777779 0.13125 0.6266669999999999
0 0.405625 0.6133337777777778 0.11125 0.5333330000000001
0 0.828125 0.6311107777777779 0.14875 0.7066670000000002
0 0.5281250000000001 0.5455557777777778 0.10625 0.5088890000000001
0 0.410625 0.5166667777777778 0.09875 0.522222
0 0.563125 0.46444477777777776 0.04625 0.426667
0 0.5956250000000001 0.39888877777777776 0.05375 0.3088890000000001
0 0.6531250000000001 0.38888877777777775 0.04875 0.29333299999999995
0 0.973125 0.43111077777777773 0.04125 0.4088889999999999
