0 0.50375 0.5308333333333334 0.165 0.6083330000000001
0 0.31625000000000003 0.5266663333333335 0.1875 0.6933330000000001
0 0.170625 0.4450003333333334 0.10125 0.36000000000000004
0 0.793125 0.42916633333333337 0.13625 0.4883329999999999
0 0.074375 0.5783333333333334 0.14875 0.62
0 0.39187500000000003 0.36833333333333335 0.058750000000000004 0.21000000000000002
0 0.4275 0.3850003333333333 0.0525 0.21999999999999997
0 0.595 0.3666663333333334 0.0775 0.30333300000000013
0 0.635625 0.3775003333333333 0.06375 0.258333
0 0.90375 0.5066663333333333 0.1575 0.61
0 0.21125 0.34750033333333336 0.035 0.125
0 0.5643750000000001 0.3358333333333334 0.03875 0.155
0 0.085625 0.34500033333333335 0.03625 0.13
0 0.015 0.34666633333333335 0.025 0.11
