0 0.81375 0.39916633333333335 0.10250000000000001 0.36500000000000005
0 0.936875 0.40166633333333335 0.11875000000000001 0.4233330000000001
0 0.36125 0.5150003333333334 0.1825 0.673333
0 0.031875 0.30833333333333335 0.06375 0.22666700000000004
0 0.304375 0.43333333333333335 0.17625000000000005 0.63
0 0.419375 0.33250033333333334 0.06625 0.23833299999999996
0 0.5675 0.4400003333333334 0.1225 0.44666700000000015
0 0.61375 0.2833333333333333 0.0325 0.136667
0 0.645 0.28500033333333336 0.035 0.12666700000000003
0 0.711875 0.29250033333333336 0.03125 0.108333
0 0.8618750000000001 0.32416633333333333 0.03875 0.14166699999999996
