0 0.75625 0.5344447777777778 0.11750000000000001 0.833333
0 0.46875 0.5111107777777779 0.1375 0.8177779999999999
0 0.874375 0.5233337777777778 0.15625 0.9355560000000002
0 0.075 0.41222177777777774 0.1375 0.7933330000000001
0 0.19125 0.46555577777777774 0.075 0.74
0 0.241875 0.5033337777777778 0.15125 0.9666669999999999
0 0.640625 0.5344447777777778 0.10875 0.895556
0 0.96 0.5277777777777778 0.0625 0.9266670000000001
0 0.6 0.5888887777777778 0.13750000000000007 0.8044440000000002
0 0.125 0.24999977777777777 0.07 0.491111
