0 0.588125 0.43750033333333327 0.08625000000000001 0.308333
0 0.10625 0.5633333333333334 0.09 0.34000000000000014
0 0.17375000000000002 0.5441663333333333 0.1 0.35833299999999996
0 0.20625000000000002 0.5258333333333334 0.06 0.25833300000000003
0 0.259375 0.5200003333333335 0.06125 0.28000000000000014
0 0.405625 0.6175003333333334 0.12875 0.45833299999999993
0 0.610625 0.33083333333333337 0.05625 0.241667
0 0.9075 0.5383333333333333 0.085 0.33333300000000005
0 0.71625 0.4708333333333334 0.025 0.095
0 0.706875 0.47250033333333347 0.02375 0.088333
0 0.6843750000000001 0.4683333333333334 0.02125 0.10666699999999997
