0 0.904375 0.7177777777777777 0.07875 0.39555599999999996
0 0.731875 0.6788887777777778 0.06375 0.371111
0 0.369375 0.6588887777777778 0.051250000000000004 0.24666699999999997
0 0.44625000000000004 0.6933337777777778 0.055 0.3466669999999999
0 0.609375 0.7099997777777778 0.06375 0.39777799999999996
0 0.281875 0.6999997777777779 0.07625 0.448889
0 0.1275 0.6788887777777778 0.0725 0.42444400000000004
0 0.3075 0.6655557777777777 0.044999999999999964 0.35777799999999993
0 0.539375 0.6777777777777778 0.05375 0.33333299999999993
0 0.5750000000000001 0.6066667777777778 0.035 0.21777799999999994
0 0.8225 0.6033337777777777 0.04 0.23777799999999993
