0 0.138125 0.5777777777777777 0.08375 0.6266669999999999
0 0.859375 0.47444477777777777 0.09875 0.6955560000000001
0 0.234375 0.5544447777777778 0.09375 0.6822220000000001
0 0.34 0.5733337777777778 0.0825 0.653333
0 0.438125 0.5644447777777778 0.10625 0.6755560000000002
0 0.5337500000000001 0.5744447777777778 0.08 0.6644439999999998
0 0.6481250000000001 0.5877777777777777 0.10875 0.6733329999999998
0 0.745 0.5811107777777778 0.09 0.7133330000000001
0 0.18 0.48222177777777775 0.085 0.6177780000000002
0 0.27875 0.4711107777777779 0.07999999999999996 0.622222
0 0.385625 0.47444477777777777 0.08875 0.6111109999999998
0 0.498125 0.4677777777777778 0.08375 0.606667
0 0.598125 0.46222177777777784 0.10125 0.648889
0 0.698125 0.47444477777777777 0.09625 0.615556
