0 0.7468750000000001 0.18888877777777777 0.03375 0.22666699999999998
0 0.97375 0.2999997777777777 0.04 0.271111
0 0.936875 0.2822217777777778 0.03625 0.25333300000000003
0 0.71375 0.42666677777777784 0.06 0.35555600000000004
0 0.851875 0.2633337777777778 0.043750000000000004 0.23777799999999993
0 0.8143750000000001 0.25222177777777777 0.04125 0.23777800000000002
0 0.77875 0.2444447777777778 0.035 0.22666699999999998
0 0.665625 0.3999997777777778 0.04875 0.34666700000000006
0 0.788125 0.18111077777777776 0.02625 0.18
0 0.8300000000000001 0.17333377777777775 0.03 0.16
0 0.86875 0.18888877777777774 0.0325 0.19555599999999998
0 0.91 0.21333377777777776 0.0375 0.22666699999999998
