0 0.295625 0.2966667777777779 0.03625 0.22888900000000004
0 0.325625 0.27555577777777784 0.03625 0.20888900000000005
0 0.27375000000000005 0.28444477777777777 0.0325 0.22222199999999995
0 0.368125 0.26777777777777784 0.02625 0.197778
0 0.34375 0.27111077777777776 0.0325 0.19999999999999996
0 0.77625 0.43111077777777773 0.055 0.32888899999999993
0 0.2175 0.30999977777777776 0.0325 0.21555600000000003
0 0.246875 0.2988887777777778 0.03375 0.22444400000000006
0 0.719375 0.4077777777777778 0.04875 0.32222200000000006
0 0.680625 0.48333377777777775 0.05625 0.4022219999999999
0 0.39625 0.2688887777777778 0.025 0.16000000000000003
