0 0.691875 0.2155557777777778 0.03625 0.21333299999999997
0 0.758125 0.22111077777777777 0.03375 0.21111099999999997
0 0.79625 0.22111077777777777 0.04 0.22444400000000006
0 0.828125 0.2244447777777778 0.03625 0.217778
0 0.8981250000000001 0.2455557777777778 0.03375 0.23333299999999998
0 0.94625 0.25333377777777777 0.04 0.244444
0 0.716875 0.3855557777777778 0.058750000000000004 0.32222199999999995
0 0.87125 0.1933337777777778 0.0375 0.21333299999999997
0 0.9575 0.20222177777777775 0.045 0.21333299999999997
0 0.91625 0.19666677777777777 0.0375 0.22444400000000006
0 0.84 0.16999977777777778 0.0225 0.20222200000000007
0 0.796875 0.15888877777777777 0.03375 0.162222
0 0.765 0.1544447777777778 0.0275 0.17111100000000004
0 0.735625 0.15999977777777777 0.03125 0.182222
0 0.735 0.20777777777777778 0.03 0.18
0 0.6531250000000001 0.36999977777777776 0.05375 0.31777800000000006
