0 0.5181250000000001 0.6222217777777778 0.051250000000000004 0.431111
0 0.47125 0.6188887777777778 0.06 0.46
0 0.4175 0.6299997777777777 0.0575 0.46888899999999994
0 0.32375 0.6322217777777778 0.08 0.5266669999999999
0 0.23625000000000002 0.6477777777777778 0.0725 0.531111
0 0.175625 0.6522217777777778 0.07125000000000001 0.5844439999999999
0 0.09 0.6266667777777778 0.0725 0.564444
0 0.0275 0.6599997777777777 0.0525 0.582222
0 0.355625 0.6111107777777778 0.06625 0.46666699999999994
0 0.756875 0.6477777777777778 0.15875 0.6733329999999998
0 0.860625 0.6188887777777778 0.14375000000000002 0.7355559999999999
