0 0.31125 0.41555577777777786 0.105 0.591111
0 0.5800000000000001 0.37222177777777776 0.0425 0.335556
0 0.145625 0.4488887777777777 0.05375 0.43111099999999997
0 0.196875 0.4333337777777778 0.043750000000000004 0.38222200000000006
0 0.096875 0.4933337777777778 0.04875 0.3733330000000001
0 0.03625 0.5255557777777777 0.0575 0.40666700000000006
0 0.405625 0.30555577777777776 0.04875 0.32222199999999995
0 0.3625 0.27444477777777776 0.0475 0.22444399999999998
0 0.45625 0.30444477777777784 0.05 0.284444
0 0.5231250000000001 0.31999977777777777 0.051250000000000004 0.3911109999999999
