0 0.52875 0.45333333333333337 0.0925 0.36666699999999997
0 0.23875000000000002 0.5058333333333331 0.09 0.3449999999999999
0 0.15125 0.4708333333333334 0.065 0.255
0 0.08375 0.44916633333333333 0.0825 0.29500000000000004
0 0.03125 0.47666633333333336 0.0625 0.333333
0 0.356875 0.38916633333333334 0.043750000000000004 0.195
0 0.418125 0.41833333333333333 0.051250000000000004 0.23
0 0.460625 0.41916633333333336 0.05625 0.23166700000000007
0 0.571875 0.41250033333333336 0.04625 0.22833299999999995
0 0.60875 0.4083333333333333 0.0475 0.223333
0 0.623125 0.39333333333333337 0.04875 0.22
0 0.6793750000000001 0.3850003333333333 0.03625 0.12999999999999995
0 0.73875 0.3983333333333334 0.04 0.19666699999999998
0 0.969375 0.39583333333333337 0.04875 0.20833300000000005
0 0.26937500000000003 0.35250033333333336 0.02125 0.07500000000000001
0 0.2925 0.3458333333333333 0.0175 0.07166700000000002
0 0.320625 0.34750033333333336 0.01625 0.085
0 0.7993750000000001 0.38333333333333336 0.03375 0.15666699999999997
0 0.39125 0.36000033333333337 0.0225 0.09666700000000002
