0 0.749375 0.24222177777777776 0.03125 0.204444
0 0.713125 0.44444477777777774 0.05375 0.315556
0 0.946875 0.2877777777777778 0.04125 0.23333300000000004
0 0.665625 0.42666677777777773 0.05375 0.31999999999999995
0 0.7781250000000001 0.29444477777777783 0.03375 0.21111100000000002
0 0.81 0.29777777777777775 0.035 0.22222200000000003
0 0.846875 0.3088887777777778 0.03625 0.21333300000000002
0 0.884375 0.31888877777777774 0.043750000000000004 0.21555600000000003
0 0.921875 0.33222177777777784 0.03875 0.23333299999999998
0 0.894375 0.2688887777777778 0.03875 0.20000000000000004
0 0.85875 0.2477777777777778 0.0325 0.20222200000000007
0 0.791875 0.23333377777777775 0.03125 0.18666699999999997
0 0.715 0.22777777777777777 0.0375 0.18
0 0.71625 0.27555577777777784 0.03 0.16888900000000004
