0 0.56875 0.5155557777777777 0.07 0.5288889999999999
0 0.201875 0.5522217777777778 0.07125000000000001 0.553333
0 0.433125 0.5111107777777778 0.07875 0.5377780000000001
0 0.680625 0.5077777777777778 0.07125000000000001 0.5
0 0.629375 0.5055557777777777 0.06625 0.5266669999999999
0 0.10250000000000001 0.5811107777777776 0.08 0.5622219999999999
0 0.2725 0.5411107777777777 0.075 0.566667
0 0.504375 0.5144447777777778 0.07375 0.535556
0 0.155 0.5288887777777778 0.11 0.6044440000000001
0 0.356875 0.5377777777777778 0.08875 0.586667
