0 0.1775 0.6191663333333334 0.17 0.7516670000000002
0 0.76875 0.48333333333333334 0.1225 0.43666699999999997
0 0.25562500000000005 0.5550003333333334 0.10375000000000001 0.45666700000000016
0 0.15 0.6408333333333334 0.17250000000000001 0.5950000000000001
0 0.00875 0.40000033333333335 0.0175 0.09000000000000001
0 0.031875 0.40500033333333335 0.02125 0.07666699999999997
0 0.51875 0.40916633333333335 0.0375 0.155
0 0.56 0.42250033333333337 0.05 0.18166699999999997
0 0.678125 0.40750033333333335 0.03625 0.14500000000000002
0 0.700625 0.39916633333333335 0.03375 0.12166699999999997
0 0.899375 0.4083333333333334 0.043750000000000004 0.16000000000000006
0 0.94375 0.40916633333333335 0.035 0.12833300000000006
0 0.978125 0.39083333333333337 0.03125 0.11166699999999997
0 0.3975 0.46500033333333335 0.0375 0.13666700000000007
0 0.36125 0.39583333333333337 0.0275 0.09833300000000005
