0 0.291875 0.5591663333333333 0.14874999999999997 0.538333
0 0.573125 0.4450003333333334 0.07125000000000001 0.253333
0 0.7937500000000001 0.42500033333333337 0.0575 0.206667
0 0.02625 0.40666633333333335 0.03 0.11333300000000004
0 0.064375 0.40666633333333335 0.03125 0.1
0 0.098125 0.40166633333333335 0.03875 0.14
0 0.12625 0.4033333333333334 0.025 0.10999999999999996
0 0.136875 0.4008333333333334 0.02375 0.10499999999999995
0 0.15687500000000001 0.39750033333333334 0.02625000000000002 0.10833299999999994
0 0.19 0.40166633333333335 0.0275 0.11
0 0.469375 0.40916633333333335 0.03875 0.171667
0 0.4925 0.41666633333333336 0.035 0.17666699999999996
0 0.52375 0.42000033333333336 0.04 0.18000000000000002
0 0.748125 0.4133333333333334 0.043750000000000004 0.17333300000000004
0 0.765 0.42666633333333337 0.045 0.17666699999999996
0 0.884375 0.39916633333333335 0.03625 0.13833300000000004
