0 0.316875 0.6350003333333333 0.17875 0.7
0 0.79 0.4950003333333334 0.0975 0.34666700000000006
0 0.11812500000000001 0.5600003333333334 0.13125 0.46333299999999994
0 0.210625 0.5833333333333334 0.09625 0.4633330000000001
0 0.239375 0.6316663333333334 0.13375 0.5300000000000001
0 0.469375 0.4341663333333334 0.043750000000000004 0.16166700000000006
0 0.519375 0.45083333333333336 0.04625 0.18166699999999997
0 0.644375 0.43333333333333335 0.04125 0.14666699999999996
0 0.7106250000000001 0.42666633333333337 0.03375 0.12000000000000001
0 0.825625 0.4325003333333334 0.04125 0.15166699999999997
0 0.870625 0.4341663333333334 0.03625 0.13166700000000006
0 0.921875 0.4325003333333334 0.04125 0.15166699999999997
0 0.97 0.41916633333333336 0.0425 0.16166700000000006
