0 0.6118750000000001 0.5044447777777777 0.10875 0.657778
0 0.0325 0.4211107777777778 0.065 0.43333299999999997
0 0.088125 0.4077777777777778 0.05625 0.36666700000000013
0 0.140625 0.3733337777777778 0.05375 0.37777799999999995
0 0.184375 0.35999977777777775 0.05375 0.37777800000000006
0 0.225625 0.3477777777777778 0.051250000000000004 0.35333300000000006
0 0.27625000000000005 0.31999977777777777 0.045 0.38222199999999995
0 0.33187500000000003 0.29444477777777783 0.04625 0.35333300000000006
0 0.448125 0.27888877777777776 0.06375 0.362222
0 0.535 0.2811107777777778 0.07 0.366667
