0 0.184375 0.5644447777777778 0.07875 0.608889
0 0.325625 0.47333377777777774 0.07125000000000001 0.586667
0 0.51625 0.4777777777777778 0.075 0.5866670000000002
0 0.8725 0.4811107777777778 0.10250000000000001 0.664444
0 0.27875 0.5477777777777779 0.09749999999999996 0.633333
0 0.37125 0.5699997777777779 0.075 0.606667
0 0.465 0.5633337777777777 0.0975 0.642222
0 0.56375 0.5711107777777777 0.08 0.6266669999999999
0 0.67 0.5866667777777778 0.105 0.64
0 0.7731250000000001 0.5811107777777778 0.08875 0.677778
0 0.23375 0.4755557777777778 0.075 0.564444
0 0.416875 0.47666677777777783 0.07125000000000001 0.5755560000000001
0 0.623125 0.4711107777777777 0.07125000000000001 0.608889
0 0.716875 0.48777777777777775 0.08375 0.5933329999999998
