0 0.591875 0.5644447777777778 0.09875 0.8
0 0.0375 0.7755557777777777 0.075 0.36
0 0.073125 0.7733337777777778 0.06125 0.36
0 0.13625 0.7533337777777778 0.06749999999999999 0.3333330000000001
0 0.200625 0.7244447777777777 0.06125 0.3422220000000001
0 0.246875 0.713333777777778 0.058750000000000004 0.3377780000000001
0 0.283125 0.7033337777777778 0.05625 0.3
0 0.324375 0.6922217777777777 0.04875 0.30444399999999994
0 0.381875 0.7044447777777778 0.04625 0.2844439999999999
0 0.42625 0.7077777777777777 0.055 0.264444
0 0.47750000000000004 0.7199997777777778 0.0425 0.29777799999999993
0 0.770625 0.6755557777777778 0.051250000000000004 0.28444400000000003
0 0.84 0.7022217777777777 0.0475 0.24888899999999997
