0 0.3675 0.47750033333333336 0.0775 0.275
0 0.451875 0.49583333333333335 0.07875 0.30166699999999996
0 0.535625 0.4975003333333334 0.06875 0.2716670000000001
0 0.66 0.47000033333333346 0.075 0.28000000000000014
0 0.15812500000000002 0.41000033333333336 0.023750000000000018 0.12333299999999994
0 0.19187500000000002 0.41166633333333336 0.02625 0.13333300000000003
0 0.201875 0.41750033333333336 0.02625 0.115
0 0.254375 0.44083333333333335 0.04125 0.171667
0 0.295 0.43333333333333335 0.0425 0.17666699999999996
0 0.32125 0.4341663333333334 0.0375 0.165
0 0.5 0.47416633333333336 0.0525 0.225
0 0.6206249999999999 0.49083333333333334 0.07124999999999992 0.281667
