0 0.5800000000000001 0.4975003333333334 0.07 0.26833299999999993
0 0.500625 0.4850003333333335 0.07125000000000001 0.25666700000000003
0 0.291875 0.46916633333333335 0.06374999999999996 0.22833299999999995
0 0.383125 0.4500003333333334 0.06125 0.22
0 0.639375 0.44333333333333336 0.01875 0.06666699999999996
0 0.6587500000000001 0.46666633333333335 0.0325 0.11666700000000006
0 0.680625 0.47000033333333335 0.03125 0.11333300000000004
0 0.708125 0.4550003333333334 0.01625 0.07
0 0.731875 0.45666633333333334 0.01625 0.07
0 0.745 0.4575003333333334 0.02 0.07500000000000001
0 0.76375 0.46750033333333335 0.015 0.055
0 0.780625 0.45583333333333337 0.02125 0.085
0 0.7937500000000001 0.4758333333333334 0.015 0.055
0 0.810625 0.4658333333333334 0.02125 0.07500000000000001
0 0.8512500000000001 0.48166633333333336 0.035 0.14333299999999996
0 0.88 0.5000003333333334 0.04 0.16333300000000003
0 0.931875 0.4941663333333334 0.04875 0.18833299999999994
0 0.9868750000000001 0.5000003333333334 0.01875 0.206667
