0 0.65 0.44333377777777777 0.08 0.6555560000000001
0 0.76875 0.4811107777777778 0.0975 0.855556
0 0.524375 0.40222177777777784 0.06875 0.5777780000000001
0 0.9087500000000001 0.5011107777777777 0.13 0.9933330000000001
0 0.398125 0.46555577777777785 0.10625 0.726667
0 0.480625 0.41333377777777774 0.06875 0.49777800000000005
0 0.70625 0.4633337777777778 0.0725 0.7622219999999998
0 0.5775 0.41555577777777775 0.075 0.582222
0 0.84875 0.4888887777777778 0.105 0.9777779999999999
0 0.619375 0.4233337777777778 0.058750000000000004 0.6422219999999998
