0 0.184375 0.4522217777777778 0.09875 0.633333
0 0.26937500000000003 0.5288887777777778 0.12375 0.6844440000000002
0 0.383125 0.5588887777777778 0.10125 0.677778
0 0.508125 0.5644447777777778 0.12375 0.6933330000000001
0 0.581875 0.4333337777777778 0.11375 0.711111
0 0.655 0.5622217777777777 0.1075 0.711111
0 0.78 0.5688887777777778 0.125 0.7066670000000002
0 0.883125 0.44666677777777775 0.10875 0.7644440000000001
0 0.7075 0.44111077777777774 0.105 0.7622219999999998
0 0.45937500000000003 0.45999977777777784 0.07875 0.68
0 0.325625 0.4444447777777778 0.08625000000000001 0.688889
