0 0.238125 0.41222177777777774 0.07875 0.5755560000000002
0 0.3175 0.5055557777777777 0.10250000000000004 0.5933329999999998
0 0.379375 0.3955557777777778 0.09375 0.617778
0 0.44125000000000003 0.4999997777777777 0.08750000000000001 0.6266669999999999
0 0.49625 0.40555577777777774 0.08 0.5933329999999998
0 0.555 0.5111107777777779 0.1125 0.622222
0 0.6625 0.5155557777777777 0.08750000000000001 0.6622220000000001
0 0.735625 0.39666677777777776 0.11125 0.6466670000000002
0 0.8025 0.5199997777777777 0.12 0.688889
0 0.87375 0.40666677777777777 0.1 0.6933329999999999
0 0.598125 0.3855557777777778 0.10625 0.664444
