0 0.346875 0.5366667777777777 0.15375 0.891111
0 0.128125 0.6833337777777778 0.09875000000000002 0.46
0 0.21 0.6944447777777778 0.085 0.45555600000000007
0 0.551875 0.7177777777777777 0.06125 0.39555599999999996
0 0.66125 0.6166667777777778 0.11750000000000001 0.7044440000000001
0 0.73 0.7088887777777778 0.075 0.39555599999999996
0 0.47250000000000003 0.7322217777777777 0.0625 0.34888899999999995
0 0.8356250000000001 0.6655557777777777 0.08625000000000001 0.5
0 0.034999999999999996 0.6611107777777777 0.07 0.517778
0 0.41375 0.6777777777777778 0.08 0.502222
