0 0.375625 0.5066667777777779 0.17375000000000002 0.911111
0 0.124375 0.6899997777777779 0.10125000000000002 0.48222200000000004
0 0.209375 0.6833337777777777 0.07625 0.44222199999999995
0 0.5575 0.7244447777777777 0.07 0.40444400000000014
0 0.6587500000000001 0.6122217777777778 0.1225 0.722222
0 0.7325 0.7066667777777778 0.075 0.3911109999999999
0 0.474375 0.7388887777777778 0.05375 0.3577780000000001
0 0.82625 0.6744447777777778 0.0925 0.5
0 0.035625000000000004 0.6633337777777778 0.06125 0.5044439999999999
0 0.425 0.6822217777777779 0.0575 0.47555599999999987
0 0.61625 0.7366667777777778 0.05249999999999993 0.35333299999999995
