0 0.1875 0.46666677777777776 0.0925 0.5866670000000002
0 0.350625 0.5544447777777778 0.08875 0.6288889999999999
0 0.460625 0.5666667777777777 0.10375000000000001 0.631111
0 0.54 0.4455557777777778 0.095 0.6111109999999998
0 0.598125 0.5599997777777778 0.08625000000000001 0.662222
0 0.709375 0.5799997777777778 0.10625 0.6488890000000003
0 0.796875 0.4688887777777778 0.09125 0.7155559999999999
0 0.243125 0.5511107777777777 0.10375000000000001 0.631111
0 0.639375 0.4555557777777778 0.07625 0.6977780000000001
0 0.4325 0.47333377777777774 0.065 0.604444
0 0.316875 0.4633337777777778 0.07875 0.6288889999999999
