0 0.325 0.5111107777777777 0.11 0.631111
0 0.36562500000000003 0.42222177777777775 0.09125 0.5955560000000001
0 0.436875 0.5133337777777778 0.08375 0.6355560000000001
0 0.49562500000000004 0.37666677777777774 0.10625 0.691111
0 0.56375 0.5299997777777777 0.1075 0.642222
0 0.60875 0.40555577777777774 0.105 0.66
0 0.6843750000000001 0.5277777777777778 0.09875 0.6733329999999998
0 0.75 0.4022217777777779 0.12 0.68
0 0.820625 0.5277777777777778 0.12625 0.726667
0 0.87875 0.4155557777777778 0.1 0.666667
