0 0.59375 0.35444477777777783 0.0575 0.32666699999999993
0 0.623125 0.30777777777777776 0.051250000000000004 0.3
0 0.645625 0.3533337777777778 0.051250000000000004 0.3422220000000001
0 0.315 0.44333377777777777 0.10250000000000004 0.6644439999999998
0 0.696875 0.36777777777777776 0.058750000000000004 0.35777799999999993
0 0.7475 0.30444477777777784 0.055 0.36
0 0.770625 0.36999977777777776 0.051250000000000004 0.366667
0 0.8143750000000001 0.2988887777777778 0.058750000000000004 0.371111
0 0.844375 0.3688887777777778 0.06125 0.40444400000000014
0 0.88125 0.31333377777777777 0.055 0.38222200000000006
