0 0.6275000000000001 0.4299997777777778 0.0525 0.3400000000000001
0 0.588125 0.43666677777777774 0.04125 0.32222200000000006
0 0.8456250000000001 0.43999977777777777 0.06125 0.37333299999999997
0 0.8 0.42555577777777787 0.065 0.3711110000000001
0 0.916875 0.4299997777777777 0.07875 0.41111099999999995
0 0.42312500000000003 0.43999977777777777 0.04875 0.35555600000000004
0 0.70625 0.4211107777777777 0.06 0.37111099999999997
0 0.8775000000000001 0.4333337777777778 0.045 0.42666699999999996
0 0.664375 0.4233337777777778 0.04625 0.37555600000000006
0 0.51125 0.45666677777777775 0.0425 0.3133329999999999
0 0.46875 0.4522217777777778 0.04 0.33111100000000004
0 0.174375 0.6155557777777778 0.13875 0.742222
0 0.33437500000000003 0.6088887777777777 0.19875 0.76
