0 0.74125 0.3733337777777778 0.075 0.471111
0 0.8175 0.38666677777777775 0.0975 0.5466670000000001
0 0.6587500000000001 0.3355557777777778 0.0675 0.44
0 0.514375 0.3233337777777778 0.05375 0.388889
0 0.468125 0.33222177777777784 0.05625 0.39333299999999993
0 0.555625 0.3388887777777778 0.05375 0.388889
0 0.87875 0.3744447777777778 0.11 0.5311110000000001
0 0.6118750000000001 0.3477777777777778 0.04625 0.42888899999999996
0 0.58625 0.3355557777777778 0.0425 0.38666700000000004
0 0.20125 0.5666667777777777 0.2125 0.862222
