0 0.41750033333333336 0.36625 0.14500000000000002 0.3075
0 0.5066663333333333 0.3075 0.05 0.14249999999999996
0 0.5350003333333333 0.30375 0.073333 0.1575
0 0.5816663333333333 0.335 0.093333 0.1875
0 0.6225003333333334 0.2925 0.045000000000000005 0.09
0 0.6950003333333334 0.309375 0.056667000000000016 0.12375
0 0.7658333333333334 0.301875 0.055 0.12875000000000003
0 0.7691663333333335 0.3275 0.061667000000000013 0.155
0 0.7158333333333334 0.305625 0.041667000000000017 0.12125
0 0.9533333333333334 0.3275 0.07666699999999992 0.1675
0 0.9091663333333335 0.31125 0.048333000000000084 0.11
