0 0.46875 0.35666677777777783 0.07 0.504444
0 0.524375 0.3533337777777778 0.058750000000000004 0.47555599999999987
0 0.5856250000000001 0.3611107777777778 0.06375 0.45111099999999993
0 0.66 0.3477777777777778 0.075 0.46
0 0.7525000000000001 0.34444477777777777 0.0775 0.46666700000000005
0 0.81125 0.36777777777777776 0.08 0.46
0 0.86875 0.38222177777777777 0.0975 0.48888899999999996
0 0.688125 0.3488887777777778 0.07625 0.47555599999999987
0 0.6218750000000001 0.3477777777777778 0.06374999999999993 0.45555599999999996
0 0.22062500000000002 0.5677777777777778 0.14625 0.842222
