0 0.634375 0.5822217777777777 0.08375 0.511111
0 0.5625 0.5766667777777778 0.0775 0.45111099999999993
0 0.52375 0.5899997777777778 0.0775 0.45111099999999993
0 0.7312500000000001 0.5655557777777779 0.0725 0.571111
0 0.796875 0.5499997777777778 0.08875 0.615556
0 0.87 0.5355557777777777 0.1 0.666667
0 0.928125 0.5444447777777778 0.08875 0.6666669999999999
0 0.666875 0.6611107777777777 0.04625 0.3
0 0.45687500000000003 0.6611107777777777 0.04125 0.277778
0 0.41250000000000003 0.6577777777777778 0.0425 0.28444400000000003
0 0.380625 0.6611107777777777 0.03875 0.26444400000000007
0 0.348125 0.6022217777777777 0.05375 0.431111
0 0.28 0.6055557777777778 0.0625 0.42
0 0.214375 0.5866667777777778 0.058750000000000004 0.431111
0 0.14 0.5655557777777778 0.07000000000000002 0.44222199999999995
0 0.045625 0.6177777777777778 0.04625 0.311111
0 0.018125 0.6177777777777778 0.03375 0.31555599999999995
0 0.979375 0.7066667777777778 0.02875 0.23555600000000002
