0 0.45916633333333334 0.3375 0.19833300000000004 0.3975
0 0.8858333333333334 0.27875 0.11833300000000009 0.23749999999999996
0 0.6016663333333333 0.23875000000000002 0.05333299999999999 0.12
0 0.6258333333333332 0.23625000000000002 0.065 0.14250000000000002
0 0.6666663333333332 0.24375 0.06333299999999999 0.145
0 0.7508333333333332 0.22625 0.03833299999999999 0.0775
0 0.7183333333333334 0.21875 0.030000000000000002 0.06
0 0.7700003333333333 0.224375 0.03333299999999999 0.07875
0 0.7991663333333334 0.290625 0.1150000000000001 0.23125
0 0.9600003333333335 0.291875 0.07 0.23124999999999996
