0 0.27187500000000003 0.5455557777777778 0.14875 0.877778
0 0.18125 0.5555557777777778 0.13 0.813333
0 0.06875 0.5288887777777778 0.1325 0.791111
0 0.390625 0.5622217777777777 0.13375 0.853333
0 0.525625 0.5311107777777777 0.14375000000000002 0.92
0 0.775625 0.5211107777777778 0.15125 0.9222219999999999
0 0.889375 0.5688887777777778 0.13875 0.8266670000000002
0 0.578125 0.4933337777777778 0.04125 0.39111100000000004
0 0.64875 0.46444477777777776 0.075 0.484444
0 0.96375 0.5177777777777778 0.045 0.37777799999999995
