0 0.276875 0.5455557777777778 0.09375 0.5088890000000001
0 0.418125 0.5655557777777778 0.11625 0.655556
0 0.703125 0.5433337777777778 0.16875 0.8955560000000001
0 0.509375 0.5888887777777778 0.04625 0.29777799999999993
0 0.77875 0.5977777777777777 0.0775 0.4
0 0.969375 0.5844447777777777 0.03125 0.14222199999999993
0 0.9393750000000001 0.5788887777777778 0.03125 0.15333300000000002
0 0.6006250000000001 0.5911107777777777 0.02625 0.14222199999999993
0 0.555 0.5788887777777778 0.025 0.14
0 0.229375 0.5633337777777778 0.02875 0.1933330000000001
0 0.199375 0.5599997777777779 0.03625 0.20000000000000007
0 0.1625 0.5588887777777779 0.0325 0.20666700000000005
0 0.128125 0.5588887777777778 0.03875 0.21111100000000002
0 0.089375 0.5677777777777778 0.03875 0.21111100000000002
0 0.051875000000000004 0.5699997777777779 0.043750000000000004 0.20666700000000005
0 0.34125 0.5699997777777779 0.0275 0.19777799999999995
