0 0.486875 0.6177777777777778 0.09375 0.533333
0 0.5475 0.6377777777777778 0.09 0.5111109999999999
0 0.865 0.6488887777777778 0.1 0.5111109999999999
0 0.10625 0.09555577777777778 0.0425 0.18666700000000006
0 0.800625 0.6622217777777778 0.06875 0.48444399999999993
0 0.685625 0.6433337777777778 0.07125000000000001 0.5
0 0.865 0.3588887777777778 0.05 0.22888899999999998
0 0.839375 0.40555577777777774 0.03875 0.21555599999999994
0 0.800625 0.4044447777777777 0.043750000000000004 0.217778
0 0.39875 0.23888877777777778 0.04 0.21111099999999997
