0 0.14250000000000002 0.5277777777777778 0.09750000000000002 0.5844440000000001
0 0.1825 0.49555577777777776 0.10250000000000001 0.586667
0 0.43625 0.49777777777777776 0.125 0.6488890000000003
0 0.2725 0.5099997777777777 0.08750000000000001 0.5222220000000001
0 0.330625 0.4811107777777778 0.058750000000000004 0.504444
0 0.380625 0.4888887777777778 0.06875 0.4933330000000001
0 0.558125 0.5588887777777778 0.11125 0.637778
0 0.635 0.4888887777777778 0.0625 0.582222
0 0.71125 0.4755557777777778 0.0725 0.49777800000000005
0 0.82375 0.44222177777777777 0.08 0.5244440000000001
0 0.88375 0.42777777777777776 0.0675 0.5
0 0.95375 0.4144447777777778 0.07 0.5577780000000001
0 0.031875 0.39888877777777776 0.058750000000000004 0.39333299999999993
