0 0.29625 0.7666667777777779 0.08750000000000001 0.43555600000000005
0 0.365 0.7922217777777778 0.075 0.388889
0 0.453125 0.7822217777777777 0.07375 0.395556
0 0.75 0.776666777777778 0.065 0.3577780000000001
0 0.8 0.7411107777777779 0.04 0.18888899999999997
0 0.625625 0.7199997777777778 0.02625 0.12444399999999999
0 0.656875 0.7144447777777778 0.02875 0.14
0 0.70875 0.7211107777777777 0.03 0.15333299999999997
0 0.68375 0.725555777777778 0.0225 0.12666700000000003
0 0.598125 0.7288887777777776 0.02625 0.13333299999999995
0 0.568125 0.7099997777777778 0.02625 0.11777799999999994
0 0.481875 0.7655557777777777 0.04625 0.28666700000000006
0 0.21625 0.6933337777777778 0.02 0.08888899999999997
0 0.195625 0.6755557777777778 0.01875 0.062222000000000055
0 0.0525 0.6722217777777776 0.0175 0.06444399999999999
0 0.524375 0.6811107777777777 0.01875 0.06888899999999998
0 0.10375000000000001 0.6977777777777778 0.02 0.08
0 0.0775 0.6933337777777778 0.0175 0.07111100000000002
0 0.5475 0.6711107777777777 0.015 0.07111100000000002
