0 0.12687500000000002 0.5466667777777777 0.10625000000000002 0.5111109999999999
0 0.23125 0.4777777777777778 0.095 0.44
0 0.366875 0.5355557777777777 0.12125 0.622222
0 0.254375 0.44666677777777775 0.05375 0.448889
0 0.43 0.4522217777777778 0.055 0.44222200000000006
0 0.50875 0.48444477777777784 0.06 0.46666699999999994
0 0.576875 0.4155557777777778 0.05625 0.35555600000000004
0 0.63375 0.40666677777777777 0.04 0.3466669999999999
0 0.671875 0.41999977777777775 0.04625 0.33333299999999993
0 0.891875 0.49444477777777784 0.18875 0.962222
0 0.47625 0.42222177777777775 0.05 0.37777799999999995
0 0.74875 0.4088887777777778 0.0675 0.37777799999999995
