0 0.3433333333333333 0.36375 0.12666700000000003 0.255
0 0.14500033333333334 0.34875 0.1 0.215
0 0.5983333333333334 0.386875 0.153333 0.30875
0 0.46500033333333346 0.349375 0.06666700000000002 0.13625
0 0.4300003333333334 0.328125 0.04333300000000004 0.08875
0 0.6483333333333334 0.40625 0.05 0.1
0 0.6741663333333333 0.316875 0.02833299999999999 0.05625
0 0.7025003333333335 0.320625 0.031667000000000015 0.06375
0 0.7283333333333334 0.32125 0.030000000000000002 0.06
0 0.7491663333333335 0.323125 0.031667000000000015 0.06375
0 0.9116663333333332 0.509375 0.030000000000000002 0.07125000000000001
