0 0.46500033333333335 0.359375 0.19666700000000006 0.41375
0 0.6291663333333335 0.32125 0.10166700000000002 0.20500000000000002
0 0.020000333333333335 0.235625 0.036667 0.10125
0 0.06166633333333334 0.245625 0.05 0.11125
0 0.09000033333333335 0.22875 0.030000000000000013 0.07
0 0.10916633333333335 0.23 0.035 0.0775
0 0.13666633333333336 0.235625 0.04 0.09875
0 0.16333333333333333 0.24375 0.05 0.125
0 0.19583333333333336 0.273125 0.065 0.16625000000000004
0 0.23500033333333337 0.26312500000000005 0.05333299999999999 0.13625000000000004
0 0.27666633333333335 0.270625 0.046667000000000014 0.13625000000000004
