0 0.6225003333333334 0.31125 0.23500000000000001 0.55
0 0.40750033333333335 0.421875 0.15166699999999997 0.30375
0 0.34916633333333336 0.29375 0.21500000000000002 0.455
0 0.15583333333333335 0.34125 0.311667 0.6825
0 0.4391663333333333 0.199375 0.10833299999999994 0.25625
0 0.5191663333333334 0.231875 0.10500000000000001 0.24125
0 0.6816663333333333 0.268125 0.163333 0.41875
0 0.7258333333333333 0.23375 0.155 0.31
0 0.8000003333333334 0.32875 0.1433329999999999 0.3125
0 0.9041663333333335 0.274375 0.17166699999999993 0.46625
