0 0.5375003333333332 0.390625 0.188333 0.37875000000000003
0 0.17166633333333334 0.3825 0.18666700000000003 0.385
0 0.03166633333333334 0.22312500000000002 0.04666699999999999 0.09625
0 0.08916633333333333 0.224375 0.041667 0.08375
0 0.20750033333333337 0.22312500000000002 0.025000000000000026 0.05375
0 0.22750033333333336 0.2225 0.021667000000000013 0.055
0 0.24833333333333335 0.22375 0.02333299999999999 0.0575
0 0.31583333333333335 0.225 0.021667000000000013 0.0525
0 0.30833333333333335 0.249375 0.026667000000000014 0.06125
0 0.33166633333333334 0.25125000000000003 0.02333299999999999 0.0575
0 0.28583333333333333 0.335625 0.02833299999999999 0.06125
0 0.30833333333333335 0.33437500000000003 0.026667000000000014 0.05625
0 0.050833333333333335 0.42812500000000003 0.035 0.07375
0 0.09250033333333335 0.431875 0.03500000000000002 0.07375
0 0.24083333333333334 0.44125000000000003 0.031667000000000015 0.0725
0 0.27416633333333335 0.44 0.035 0.07
0 0.26000033333333333 0.406875 0.030000000000000002 0.06625
0 0.22833333333333336 0.37625000000000003 0.026667000000000014 0.0625
0 0.09750033333333336 0.413125 0.031667000000000015 0.07625
0 0.27750033333333335 0.30125 0.021667000000000013 0.0525
0 0.29416633333333336 0.305625 0.021667000000000013 0.05375
0 0.6258333333333334 0.245625 0.031667000000000015 0.06625
0 0.7200003333333332 0.246875 0.02333299999999999 0.051250000000000004
0 0.9341663333333334 0.3 0.07166699999999993 0.145
0 0.38916633333333334 0.368125 0.135 0.31125
