0 0.5616663333333335 0.35375 0.153333 0.3375
0 0.15083333333333335 0.27125 0.041667000000000017 0.10749999999999997
0 0.28000033333333335 0.275 0.05 0.1075
0 0.3150003333333333 0.274375 0.04333299999999999 0.10375000000000001
0 0.45333333333333337 0.33375 0.1 0.2
0 0.6375003333333333 0.28124999999999994 0.02833299999999999 0.065
0 0.6633333333333333 0.27875000000000005 0.030000000000000002 0.0725
0 0.7025003333333335 0.281875 0.031667000000000015 0.06875
0 0.7291663333333332 0.27875000000000005 0.02833299999999999 0.0725
0 0.7550003333333333 0.28125 0.03333299999999999 0.07750000000000004
0 0.7841663333333333 0.315 0.078333 0.16500000000000004
0 0.8150003333333334 0.305 0.056667000000000016 0.18249999999999997
0 0.8808333333333334 0.535 0.2283330000000001 0.725
