0 0.5975003333333333 0.4025 0.19166700000000003 0.42
0 0.7066663333333333 0.441875 0.18666700000000003 0.43125
0 0.030833333333333334 0.28500000000000003 0.061667000000000013 0.185
0 0.09500033333333335 0.296875 0.08000000000000002 0.16625000000000004
0 0.16000033333333336 0.24125 0.02333299999999999 0.0475
0 0.2008333333333334 0.25375000000000003 0.035000000000000024 0.075
0 0.22583333333333336 0.295625 0.055 0.15875
0 0.27000033333333334 0.265 0.03666700000000001 0.0925
0 0.28666633333333336 0.26937500000000003 0.03666700000000001 0.08375
0 0.32333333333333336 0.25562500000000005 0.026667000000000014 0.05375
0 0.38166633333333333 0.289375 0.05 0.12374999999999997
0 0.37833333333333335 0.318125 0.08666700000000002 0.17374999999999996
0 0.4325003333333334 0.325 0.07833300000000004 0.18
0 0.5150003333333335 0.408125 0.026667000000000014 0.05625
0 0.9666663333333335 0.294375 0.04666699999999992 0.09374999999999997
0 0.9058333333333334 0.290625 0.03166699999999992 0.06625
0 0.8850003333333333 0.281875 0.030000000000000002 0.06125
0 0.8516663333333335 0.28375 0.03666700000000001 0.07500000000000004
0 0.7716663333333335 0.27187500000000003 0.02333299999999999 0.06125
0 0.7558333333333332 0.27062499999999995 0.025 0.058750000000000004
0 0.48166633333333325 0.295 0.02333299999999999 0.05
