0 0.41750033333333336 0.48812500000000003 0.11166700000000007 0.25375000000000003
0 0.5083333333333334 0.48875 0.09666700000000002 0.21
0 0.16750033333333336 0.42625 0.188333 0.41250000000000003
0 0.25083333333333335 0.286875 0.058332999999999996 0.11874999999999997
0 0.38250033333333333 0.22062500000000002 0.048332999999999994 0.09875
0 0.35000033333333336 0.40375 0.07 0.14250000000000002
0 0.39666633333333334 0.34 0.060000000000000005 0.12
0 0.44333333333333336 0.260625 0.046666999999999965 0.11624999999999996
0 0.4816663333333335 0.30625 0.046667000000000014 0.1125
0 0.5150003333333333 0.320625 0.04333299999999999 0.10375000000000001
0 0.4866663333333334 0.26562499999999994 0.046667000000000014 0.10125
0 0.5200003333333333 0.248125 0.04333299999999999 0.08875
0 0.5491663333333334 0.26937500000000003 0.031667000000000015 0.06375
0 0.5608333333333334 0.246875 0.041667000000000017 0.08625000000000001
0 0.5733333333333334 0.324375 0.05333299999999999 0.10875
0 0.5791663333333334 0.498125 0.065 0.16375
0 0.6391663333333333 0.50125 0.058332999999999996 0.145
0 0.6716663333333333 0.500625 0.05333299999999999 0.13625
0 0.7400003333333334 0.435 0.07 0.1475
0 0.8050003333333334 0.620625 0.08 0.1612500000000001
0 0.9491663333333334 0.72375 0.09166699999999993 0.1875
0 0.9575003333333333 0.62625 0.06833300000000009 0.15500000000000008
0 0.9558333333333334 0.47750000000000004 0.07500000000000001 0.15
0 0.9291663333333334 0.375 0.065 0.1375
0 0.8741663333333333 0.369375 0.06166699999999992 0.13375
0 0.7191663333333332 0.293125 0.048332999999999994 0.09625
0 0.7408333333333333 0.304375 0.048332999999999994 0.10625000000000004
0 0.6125003333333334 0.154375 0.031667000000000015 0.07374999999999998
0 0.6358333333333334 0.164375 0.02833299999999999 0.07125000000000001
0 0.6675003333333333 0.154375 0.02833299999999999 0.06624999999999999
0 0.7116663333333335 0.17125 0.026667000000000014 0.065
0 0.7425003333333334 0.1475 0.035 0.07
0 0.7891663333333333 0.15375 0.02833299999999999 0.065
0 0.6966663333333333 0.145625 0.03333299999999999 0.07625
0 0.8491663333333335 0.198125 0.031667000000000015 0.06625
0 0.8758333333333334 0.18375 0.035 0.075
0 0.8566663333333334 0.14250000000000002 0.026666999999999916 0.05500000000000002
0 0.9108333333333334 0.15375 0.03166699999999992 0.065
0 0.8858333333333334 0.135 0.025 0.05749999999999998
0 0.9433333333333334 0.233125 0.033333000000000085 0.06375
0 0.9583333333333334 0.174375 0.033333000000000085 0.07125000000000001
