0 0.5091663333333334 0.418125 0.18833299999999994 0.41375
0 0.29000033333333336 0.265 0.026667000000000014 0.055
0 0.38083333333333336 0.31625000000000003 0.021667000000000013 0.045
0 0.4475003333333334 0.409375 0.025 0.051250000000000004
0 0.4350003333333334 0.416875 0.02 0.043750000000000004
0 0.38750033333333334 0.40750000000000003 0.021667000000000013 0.0475
0 0.07500033333333332 0.398125 0.023333000000000003 0.04875
0 0.18166633333333335 0.403125 0.026667000000000014 0.05625
0 0.12500033333333335 0.380625 0.02333299999999999 0.04875
0 0.14750033333333332 0.380625 0.02166699999999999 0.04875
