0 0.35583333333333333 0.32125 0.135 0.3
0 0.4658333333333334 0.323125 0.14833300000000005 0.31875000000000003
0 0.5983333333333334 0.245625 0.030000000000000002 0.06625
0 0.6308333333333331 0.22062500000000002 0.02833299999999999 0.06625
0 0.6508333333333334 0.2225 0.025 0.0625
0 0.7441663333333335 0.239375 0.041667000000000017 0.09625
0 0.8175003333333333 0.2925 0.09499999999999992 0.20500000000000002
0 0.7733333333333334 0.244375 0.04 0.09375
0 0.8700003333333333 0.261875 0.07 0.15625
0 0.04500033333333334 0.2125 0.036667 0.08
0 0.16583333333333333 0.218125 0.031667000000000015 0.07375
0 0.24416633333333335 0.214375 0.02833299999999999 0.06625
0 0.09916633333333334 0.21625 0.03166699999999999 0.075
0 0.4808333333333334 0.22625 0.02833299999999999 0.06
0 0.48916633333333326 0.215625 0.02833299999999999 0.06375
