0 0.4733333333333334 0.33125 0.15000000000000002 0.3625
0 0.8350003333333335 0.28250000000000003 0.09666700000000002 0.1975
0 0.9250003333333335 0.2975 0.0933330000000001 0.1875
0 0.11583333333333334 0.213125 0.041667000000000017 0.09625
0 0.17916633333333334 0.175625 0.035 0.08125
0 0.21416633333333335 0.178125 0.031667000000000015 0.07875
0 0.24333333333333335 0.18 0.03333299999999999 0.075
0 0.29416633333333336 0.181875 0.035 0.08875
0 0.5541663333333333 0.22 0.03833299999999999 0.085
0 0.39916633333333335 0.293125 0.061666999999999965 0.13625
0 0.5916663333333334 0.235625 0.060000000000000005 0.14125000000000001
0 0.6275003333333334 0.23500000000000001 0.05166700000000001 0.1325
0 0.7091663333333335 0.27 0.065 0.145
0 0.7733333333333334 0.260625 0.08 0.17624999999999996
