0 0.48416633333333337 0.35375 0.225 0.45
0 0.6841663333333334 0.276875 0.12166700000000003 0.26375
0 0.5833333333333334 0.261875 0.09000000000000001 0.24125
0 0.7525003333333334 0.27625 0.08166700000000002 0.21749999999999997
0 0.8975003333333335 0.238125 0.10166699999999992 0.26625
0 0.36416633333333337 0.2275 0.031667000000000015 0.09
0 0.17416633333333334 0.21625 0.031667000000000015 0.0725
0 0.40916633333333335 0.215625 0.03833300000000004 0.10125
0 0.45416633333333345 0.21125 0.031667000000000015 0.08
0 0.36583333333333334 0.239375 0.031667000000000015 0.06375
