0 0.28583333333333333 0.376875 0.171667 0.39125
0 0.4525003333333334 0.34125 0.15166699999999997 0.3275
0 0.08250033333333336 0.28250000000000003 0.09166700000000001 0.20500000000000002
0 0.18250033333333332 0.23625000000000002 0.045000000000000005 0.11750000000000001
0 0.23416633333333334 0.243125 0.05166700000000001 0.11375
0 0.36000033333333337 0.264375 0.05 0.15375
0 0.38916633333333334 0.263125 0.05166700000000001 0.15624999999999997
0 0.42583333333333334 0.2675 0.06833300000000005 0.18
0 0.5266663333333335 0.24 0.046667000000000014 0.1225
0 0.6800003333333333 0.253125 0.04333299999999999 0.09625
0 0.7508333333333332 0.241875 0.03833299999999999 0.08875
0 0.7916663333333332 0.239375 0.04333299999999999 0.09375
0 0.8325003333333334 0.24625 0.035 0.0825
0 0.8758333333333334 0.245625 0.035 0.08375
0 0.9100003333333333 0.244375 0.03666699999999992 0.07875
0 0.9291663333333334 0.2425 0.028333000000000084 0.08
0 0.9541663333333334 0.24375 0.028333000000000084 0.07
0 0.9733333333333334 0.23875000000000002 0.026666999999999916 0.0725
0 0.7791663333333333 0.47250000000000003 0.02833299999999999 0.0625
0 0.8175003333333333 0.48 0.02833299999999999 0.06
0 0.8583333333333334 0.42875 0.023333000000000086 0.0525
0 0.8766663333333334 0.43125 0.030000000000000002 0.06
0 0.9158333333333334 0.4625 0.025 0.06
0 0.9358333333333334 0.455625 0.025 0.06125
0 0.9766663333333335 0.074375 0.033333000000000085 0.07875
