0 0.43333333333333335 0.41500000000000004 0.206667 0.555
0 0.5425003333333333 0.338125 0.18166700000000002 0.43625
0 0.03833333333333334 0.17 0.053333 0.105
0 0.08333333333333336 0.175625 0.030000000000000002 0.08375
0 0.11333333333333334 0.176875 0.03666700000000001 0.08875
0 0.14583333333333334 0.178125 0.041667000000000017 0.10375000000000001
0 0.19083333333333335 0.181875 0.035 0.09125
0 0.23666633333333334 0.183125 0.04 0.08625000000000001
0 0.26916633333333334 0.180625 0.031667000000000015 0.07875
0 0.3433333333333333 0.17625 0.030000000000000002 0.065
0 0.35666633333333336 0.030625 0.030000000000000002 0.06125
0 0.41000033333333336 0.04 0.030000000000000002 0.0625
0 0.5300003333333334 0.044375 0.030000000000000002 0.06125
0 0.6350003333333334 0.04875 0.030000000000000002 0.0625
0 0.7350003333333333 0.1875 0.03333299999999999 0.0675
0 0.9041663333333335 0.2025 0.03833300000000009 0.08750000000000001
0 0.7983333333333333 0.404375 0.030000000000000002 0.06125
0 0.7733333333333334 0.4025 0.030000000000000002 0.06
0 0.20666633333333334 0.400625 0.030000000000000002 0.06125
0 0.23666633333333334 0.40625 0.030000000000000002 0.06
0 0.28500033333333336 0.18 0.03333299999999999 0.0825
