0 0.38666633333333333 0.358125 0.19333300000000006 0.42875
0 0.8358333333333334 0.395 0.23166699999999993 0.465
0 0.44583333333333336 0.2675 0.04833300000000004 0.11
0 0.49583333333333335 0.26687500000000003 0.061667000000000013 0.13125
0 0.5433333333333333 0.27062499999999995 0.03333299999999999 0.08625000000000001
0 0.5766663333333334 0.26687500000000003 0.04 0.09125
0 0.6375003333333334 0.288125 0.07166700000000002 0.17375000000000002
0 0.6758333333333334 0.280625 0.05166700000000001 0.11875000000000001
0 0.7058333333333334 0.2975 0.065 0.155
0 0.7541663333333335 0.299375 0.061667000000000013 0.15625000000000003
