0 0.45583333333333337 0.450625 0.24833300000000005 0.53625
0 0.25500033333333333 0.15625 0.026667000000000014 0.055
0 0.10750033333333335 0.27875000000000005 0.02833299999999999 0.0675
0 0.08250033333333336 0.27 0.035 0.0825
0 0.060000333333333336 0.275 0.030000000000000002 0.07
0 0.15416633333333332 0.28124999999999994 0.02833299999999999 0.065
0 0.21583333333333335 0.283125 0.02833299999999999 0.058750000000000004
0 0.25666633333333333 0.284375 0.026667000000000014 0.05375
0 0.5850003333333333 0.32 0.04 0.0825
0 0.6508333333333334 0.318125 0.031667000000000015 0.06624999999999996
0 0.6716663333333334 0.32375 0.030000000000000002 0.065
0 0.6975003333333335 0.3275 0.031667000000000015 0.07
0 0.7216663333333333 0.32625 0.03333299999999999 0.0725
0 0.7408333333333333 0.328125 0.03833299999999999 0.08125
0 0.7725003333333333 0.32937500000000003 0.035 0.08375
