0 0.5800003333333333 0.49062500000000003 0.29000000000000004 0.58125
0 0.9633333333333334 0.3025 0.023333000000000086 0.062499999999999965
0 0.9516663333333333 0.301875 0.026666999999999916 0.061250000000000034
0 0.9183333333333334 0.301875 0.030000000000000002 0.07625000000000004
0 0.7733333333333334 0.2975 0.013332999999999989 0.0525
0 0.7641663333333335 0.30125 0.021667000000000013 0.065
0 0.6983333333333334 0.3 0.026667000000000014 0.0725
0 0.6816663333333335 0.30187499999999995 0.026667000000000014 0.07124999999999997
0 0.48000033333333336 0.28874999999999995 0.02 0.045
0 0.8275003333333334 0.304375 0.035 0.09875000000000003
0 0.8175003333333335 0.32375 0.041667000000000017 0.1125
0 0.8883333333333334 0.31625000000000003 0.05333300000000009 0.145
0 0.42250033333333337 0.36062500000000003 0.08166699999999998 0.20625000000000002
0 0.34666633333333335 0.388125 0.11333300000000004 0.35875
