0 0.3091663333333334 0.37125 0.095 0.2025
0 0.12833333333333335 0.35000000000000003 0.06666700000000002 0.1525
0 0.022500333333333334 0.355625 0.045000000000000005 0.13875
0 0.06250033333333334 0.33 0.025 0.055
0 0.08500033333333334 0.325 0.030000000000000002 0.06
0 0.03166633333333334 0.32875 0.023333000000000003 0.05
0 0.36416633333333337 0.333125 0.02833299999999999 0.06125
0 0.38916633333333334 0.339375 0.035 0.09625
0 0.5141663333333333 0.33875 0.048332999999999994 0.0975
0 0.5433333333333333 0.335625 0.04 0.08125
0 0.9391663333333334 0.408125 0.1083330000000001 0.27875
0 0.043333333333333335 0.324375 0.02 0.04625
0 0.7858333333333334 0.336875 0.03833299999999999 0.08625000000000001
