0 0.5108333333333334 0.389375 0.138333 0.29875
0 0.020833333333333336 0.353125 0.041667000000000017 0.11125
0 0.11083333333333334 0.33437500000000003 0.055 0.11125
0 0.19083333333333335 0.335 0.035 0.085
0 0.22750033333333336 0.33875 0.07166700000000002 0.145
0 0.31750033333333333 0.324375 0.03833299999999999 0.08625000000000001
0 0.33250033333333334 0.33125 0.031667000000000015 0.0725
0 0.36583333333333334 0.3375 0.048332999999999994 0.0975
0 0.4300003333333334 0.32625 0.030000000000000002 0.0625
0 0.6025003333333333 0.324375 0.048332999999999994 0.09875
0 0.6866663333333333 0.318125 0.03333299999999999 0.06624999999999996
0 0.6433333333333334 0.3075 0.02 0.039999999999999966
0 0.6583333333333333 0.309375 0.02 0.04125
0 0.7166663333333334 0.30875 0.02 0.04
0 0.7383333333333334 0.3075 0.02 0.04249999999999997
0 0.7558333333333332 0.3075 0.025 0.05249999999999996
0 0.7716663333333335 0.311875 0.02333299999999999 0.058750000000000004
0 0.8091663333333334 0.313125 0.021667000000000013 0.05375
0 0.8275003333333333 0.3125 0.02833299999999999 0.06750000000000003
0 0.8491663333333332 0.311875 0.01833299999999999 0.03875
0 0.8666663333333334 0.305625 0.023333000000000086 0.04875
0 0.8933333333333334 0.305625 0.026666999999999916 0.05375
0 0.9183333333333334 0.31125 0.026666999999999916 0.06
0 0.9400003333333335 0.3125 0.026666999999999916 0.07000000000000003
0 0.7816663333333334 0.308125 0.02 0.04875
