0 0.47000033333333335 0.374375 0.09333300000000004 0.18625
0 0.11833333333333335 0.463125 0.23666700000000002 0.47375
0 0.3741663333333333 0.33187500000000003 0.02833299999999999 0.08375
0 0.4108333333333334 0.3325 0.02833299999999999 0.0625
0 0.43083333333333335 0.32875 0.035 0.07
0 0.5016663333333333 0.335625 0.030000000000000002 0.06125
0 0.5350003333333334 0.335625 0.030000000000000002 0.06625
0 0.5641663333333334 0.3625 0.061667000000000013 0.125
0 0.6308333333333334 0.335625 0.021667000000000013 0.05625
0 0.6416663333333334 0.343125 0.02333299999999999 0.05375
0 0.6866663333333335 0.343125 0.046667000000000014 0.09625
0 0.7066663333333335 0.34750000000000003 0.03666700000000001 0.08750000000000001
0 0.7450003333333334 0.449375 0.16 0.32125
0 0.8400003333333333 0.339375 0.02999999999999991 0.07375
0 0.8633333333333334 0.346875 0.030000000000000002 0.07625
0 0.8991663333333335 0.36875 0.05166699999999992 0.1225
0 0.9400003333333335 0.39125 0.09000000000000001 0.2225
