0 0.41750033333333336 0.398125 0.11166700000000007 0.25125000000000003
0 0.6091663333333335 0.4 0.12166700000000003 0.2425
0 0.09583333333333334 0.37875000000000003 0.08166700000000002 0.185
0 0.16083333333333336 0.388125 0.095 0.21625
0 0.2516663333333333 0.378125 0.07666700000000001 0.17125
0 0.39333333333333337 0.390625 0.07333300000000004 0.16375
0 0.4633333333333334 0.403125 0.056667000000000016 0.12375
0 0.7425003333333334 0.39625 0.07500000000000001 0.165
0 0.6716663333333335 0.39187500000000003 0.07666700000000001 0.15375
0 0.8366663333333333 0.378125 0.06333299999999999 0.14125000000000001
0 0.9191663333333335 0.3875 0.065 0.1375
