0 0.45166633333333334 0.3775 0.1 0.2
0 0.20750033333333337 0.34875 0.06500000000000003 0.13
0 0.025833333333333337 0.340625 0.041667000000000017 0.10625
0 0.05666633333333334 0.34 0.05 0.1225
0 0.12500033333333335 0.354375 0.04 0.09625
0 0.16166633333333338 0.36125 0.05333300000000002 0.1275
0 0.27500033333333335 0.3525 0.05333299999999999 0.11750000000000001
0 0.32833333333333337 0.3525 0.056667000000000016 0.1275
0 0.38416633333333333 0.35875 0.05166700000000001 0.11750000000000001
0 0.5166663333333334 0.350625 0.04 0.09375
0 0.5408333333333334 0.34875 0.045000000000000005 0.1075
0 0.9275003333333333 0.404375 0.1083330000000001 0.27375
