0 0.5033333333333334 0.32375 0.16666699999999998 0.38
0 0.06000033333333335 0.285625 0.11666700000000002 0.31375000000000003
0 0.12833333333333335 0.28500000000000003 0.07 0.16
0 0.22833333333333336 0.27625 0.08666700000000002 0.17499999999999996
0 0.32333333333333336 0.279375 0.08 0.17625
0 0.41416633333333336 0.255 0.08166699999999998 0.18500000000000003
0 0.6941663333333333 0.311875 0.125 0.28125
0 0.5058333333333332 0.295 0.165 0.37
0 0.8258333333333334 0.316875 0.11833300000000009 0.29125
0 0.44916633333333333 0.2525 0.08833299999999995 0.21000000000000005
