0 0.34250033333333335 0.4 0.10500000000000001 0.225
0 0.5216663333333335 0.398125 0.10666700000000001 0.21375
0 0.41166633333333336 0.39187500000000003 0.08333300000000005 0.18625
0 0.45833333333333337 0.378125 0.06333299999999999 0.14375000000000002
0 0.7058333333333334 0.51375 0.24166700000000002 0.485
0 0.9183333333333334 0.40625 0.0933330000000001 0.1975
0 0.07416633333333333 0.389375 0.07833300000000001 0.17125
0 0.13166633333333336 0.374375 0.060000000000000005 0.13625
0 0.29833333333333334 0.39625 0.04 0.0925
0 0.16750033333333336 0.395 0.041667000000000017 0.095
