0 0.4575003333333334 0.375 0.06833300000000005 0.14250000000000002
0 0.2325003333333333 0.3825 0.09833299999999999 0.1975
0 0.05500033333333334 0.381875 0.09000000000000001 0.18125
0 0.3358333333333334 0.38125000000000003 0.045000000000000005 0.0925
0 0.35666633333333336 0.34500000000000003 0.046667000000000014 0.10250000000000001
0 0.38250033333333333 0.356875 0.05166700000000001 0.10375000000000001
0 0.2733333333333334 0.3525 0.06333299999999999 0.1375
0 0.10166633333333333 0.36875 0.08 0.16
0 0.12166633333333333 0.351875 0.056667000000000016 0.11375
0 0.18750033333333335 0.3575 0.05166700000000001 0.11750000000000001
0 0.30250033333333337 0.34750000000000003 0.03833299999999999 0.09
