0 0.41000033333333336 0.42562500000000003 0.08666699999999997 0.17375000000000002
0 0.059166333333333335 0.41125 0.065 0.145
0 0.16333333333333333 0.4275 0.06333299999999999 0.1475
0 0.23916633333333334 0.45375 0.088333 0.2275
0 0.2758333333333334 0.434375 0.05166700000000001 0.10625
0 0.32416633333333333 0.45125 0.09833299999999999 0.21
0 0.34500033333333335 0.42125 0.06666700000000002 0.14250000000000002
0 0.4300003333333334 0.42375 0.060000000000000005 0.1325
0 0.5233333333333333 0.435625 0.06666700000000002 0.13375
0 0.6208333333333335 0.42562500000000003 0.085 0.17125
0 0.7466663333333333 0.439375 0.05 0.11125
0 0.8141663333333334 0.52 0.1783330000000001 0.4025
0 0.8783333333333334 0.66 0.23 0.66
