0 0.3716663333333334 0.43375 0.24666700000000003 0.495
0 0.5366663333333335 0.374375 0.09666700000000002 0.22375
0 0.18000033333333332 0.3275 0.076667 0.155
0 0.5691663333333333 0.3425 0.085 0.17250000000000001
0 0.6708333333333334 0.354375 0.078333 0.18125
0 0.7091663333333335 0.3375 0.085 0.17
0 0.7400003333333334 0.325625 0.060000000000000005 0.12875
0 0.7933333333333333 0.365 0.103333 0.21
0 0.8558333333333333 0.319375 0.04166699999999992 0.09375
0 0.8833333333333334 0.321875 0.033333000000000085 0.09625
