0 0.37833333333333335 0.405625 0.11666699999999997 0.23375
0 0.5483333333333333 0.405625 0.1 0.20125
0 0.06500033333333335 0.481875 0.13 0.40125
0 0.2783333333333334 0.373125 0.056667000000000016 0.11375
0 0.41000033333333336 0.364375 0.060000000000000005 0.12375
0 0.45916633333333323 0.358125 0.048332999999999994 0.09875
0 0.4891663333333334 0.3725 0.061667000000000013 0.14250000000000002
0 0.5833333333333334 0.36 0.060000000000000005 0.13
0 0.6491663333333335 0.388125 0.09166700000000001 0.18375
0 0.7125003333333333 0.378125 0.078333 0.17375000000000002
0 0.9358333333333334 0.511875 0.1083330000000001 0.39124999999999993
