0 0.33416633333333334 0.278125 0.115 0.24875
0 0.47666633333333347 0.27187500000000003 0.09666700000000002 0.19375
0 0.5233333333333333 0.238125 0.05 0.10125
0 0.5858333333333333 0.27187500000000003 0.088333 0.17875
0 0.6533333333333333 0.28375 0.073333 0.17500000000000004
0 0.6841663333333333 0.27625000000000005 0.03833299999999999 0.0775
0 0.7225003333333333 0.259375 0.058332999999999996 0.11625
0 0.9375003333333333 0.276875 0.06833300000000009 0.16125
0 0.8916663333333334 0.263125 0.04666699999999992 0.12374999999999997
0 0.7758333333333334 0.260625 0.05166700000000001 0.12874999999999998
