0 0.5758333333333334 0.59375 0.135 0.265
0 0.9841663333333333 0.40125 0.015000000000000001 0.05
0 0.9725003333333333 0.400625 0.015000000000000001 0.04875
0 0.9783333333333334 0.411875 0.016666999999999918 0.04625
0 0.9050003333333333 0.400625 0.02 0.043750000000000004
0 0.9308333333333334 0.413125 0.018333000000000085 0.05625
0 0.9166663333333332 0.410625 0.02 0.058750000000000004
0 0.8825003333333334 0.405625 0.018333000000000085 0.043750000000000004
0 0.8625003333333335 0.410625 0.015000000000000001 0.043750000000000004
0 0.8300003333333335 0.414375 0.02 0.04625
0 0.8066663333333334 0.41125 0.02 0.0475
0 0.7800003333333334 0.40875 0.02 0.0525
0 0.7533333333333334 0.41375 0.02 0.0525
0 0.7375003333333333 0.41125 0.01833299999999999 0.055
0 0.6950003333333334 0.410625 0.02 0.051250000000000004
0 0.6641663333333333 0.406875 0.01833299999999999 0.051250000000000004
0 0.6400003333333334 0.40375 0.02 0.0475
0 0.6116663333333333 0.404375 0.02 0.051250000000000004
0 0.6200003333333333 0.42125 0.02333299999999999 0.06
0 0.5783333333333334 0.41000000000000003 0.01666700000000001 0.045
0 0.5566663333333334 0.406875 0.02 0.051250000000000004
0 0.5333333333333333 0.41000000000000003 0.02 0.05
0 0.49166633333333337 0.4025 0.02 0.0475
0 0.4800003333333335 0.405625 0.01666700000000001 0.04875
0 0.4450003333333334 0.39875 0.02 0.0475
0 0.34833333333333333 0.403125 0.01666700000000001 0.051250000000000004
0 0.3766663333333333 0.403125 0.01666700000000001 0.04875
0 0.32000033333333333 0.41500000000000004 0.02 0.0675
0 0.20583333333333334 0.403125 0.01833299999999999 0.04625
0 0.14583333333333334 0.40375 0.015000000000000001 0.0475
0 0.10250033333333335 0.400625 0.018333000000000002 0.05375
0 0.051666333333333335 0.409375 0.016667000000000005 0.04625
0 0.06250033333333335 0.41125 0.018333000000000002 0.0475
0 0.020000333333333335 0.43125 0.030000000000000002 0.0725
0 0.07833333333333334 0.43062500000000004 0.030000000000000002 0.07125000000000001
0 0.025000333333333333 0.50625 0.05 0.1125
0 0.9691663333333332 0.53625 0.048333000000000084 0.20500000000000002
