0 0.5875003333333335 0.49062500000000003 0.14166700000000002 0.28375
0 0.9883333333333334 0.28250000000000003 0.016666999999999918 0.0625
0 0.9241663333333334 0.28750000000000003 0.018333000000000085 0.055
0 0.8900003333333333 0.288125 0.02 0.06125
0 0.8008333333333334 0.28687500000000005 0.01833299999999999 0.051250000000000004
0 0.7833333333333334 0.28750000000000003 0.02 0.055
0 0.7450003333333333 0.29125 0.02333299999999999 0.0625
0 0.6941663333333334 0.3 0.021667000000000013 0.07
0 0.5816663333333334 0.2925 0.02 0.0675
0 0.5283333333333333 0.29375 0.02 0.0575
0 0.5400003333333333 0.3025 0.02333299999999999 0.06749999999999996
0 0.6616663333333332 0.365 0.04333299999999999 0.1125
0 0.09083333333333334 0.38125000000000003 0.061667000000000013 0.16
