0 0.09166633333333332 0.36375 0.136667 0.275
0 0.7008333333333334 0.349375 0.08166700000000002 0.16375
0 0.4683333333333334 0.341875 0.08666699999999997 0.18625
0 0.936666333333333 0.6275000000000001 0.1233329999999999 0.2625
0 0.34166633333333335 0.32 0.056667000000000016 0.1225
0 0.30416633333333337 0.3175 0.041667000000000017 0.10750000000000004
0 0.27416633333333335 0.32125 0.05166700000000001 0.125
0 0.23333333333333334 0.3225 0.05333299999999999 0.1225
0 0.19000033333333335 0.310625 0.05 0.11875000000000001
0 0.8783333333333334 0.47000000000000003 0.22666699999999992 0.4525
0 0.43333333333333335 0.323125 0.046666999999999965 0.10875
