0 0.41750033333333336 0.36375 0.33833299999999994 0.6725
0 0.05333333333333334 0.245625 0.07 0.14125000000000001
0 0.21083333333333334 0.224375 0.041667000000000017 0.09875
0 0.24083333333333334 0.233125 0.05166700000000001 0.10625
0 0.4783333333333334 0.22312500000000002 0.06333299999999999 0.14875
0 0.5516663333333335 0.230625 0.06666700000000002 0.15375
0 0.5800003333333333 0.2425 0.08 0.1825
0 0.6375003333333334 0.26 0.108333 0.255
0 0.6766663333333333 0.216875 0.05333299999999999 0.13625
0 0.7133333333333334 0.21875 0.05333299999999999 0.135
