0 0.6158333333333335 0.436875 0.095 0.19125
0 0.45833333333333337 0.425 0.09333300000000004 0.1875
0 0.9841663333333333 0.28624999999999995 0.018333000000000085 0.0425
0 0.9600003333333335 0.28687500000000005 0.02 0.04875
0 0.9125003333333334 0.308125 0.018333000000000085 0.06125
0 0.8991663333333335 0.305 0.018333000000000085 0.062499999999999965
0 0.8891663333333333 0.311875 0.025 0.06125
0 0.8275003333333334 0.325 0.025 0.0675
0 0.8000003333333334 0.30312500000000003 0.02 0.07375
0 0.7858333333333334 0.301875 0.025 0.06625000000000003
0 0.7775003333333333 0.325 0.025 0.0775
0 0.7533333333333334 0.28624999999999995 0.01666700000000001 0.05
0 0.7258333333333333 0.290625 0.015000000000000001 0.051250000000000004
0 0.7150003333333333 0.281875 0.02 0.04625
0 0.7183333333333334 0.316875 0.026667000000000014 0.06625
0 0.6883333333333334 0.32125 0.026667000000000014 0.075
0 0.6341663333333334 0.28374999999999995 0.015000000000000001 0.045
0 0.6216663333333334 0.28 0.01666700000000001 0.04
0 0.6325003333333333 0.30312500000000003 0.025 0.06375
0 0.6650003333333335 0.314375 0.026667000000000014 0.08125
0 0.5733333333333334 0.30375 0.026667000000000014 0.0625
0 0.5783333333333334 0.315625 0.026667000000000014 0.06875
0 0.5941663333333332 0.315 0.02833299999999999 0.07000000000000003
0 0.5150003333333335 0.274375 0.01666700000000001 0.04125
0 0.5033333333333334 0.275625 0.013332999999999989 0.03625
0 0.48583333333333334 0.29625 0.01833299999999999 0.0575
0 0.4466663333333333 0.279375 0.013332999999999989 0.04125
0 0.41916633333333336 0.27875000000000005 0.018333000000000037 0.045
0 0.46666633333333346 0.29437500000000005 0.01666700000000001 0.043750000000000004
0 0.37333333333333335 0.26812499999999995 0.02 0.03875
0 0.38666633333333333 0.27625000000000005 0.01666700000000001 0.0425
0 0.37833333333333335 0.29125 0.01666700000000001 0.045
0 0.34916633333333336 0.2925 0.021667000000000013 0.0575
0 0.3150003333333333 0.294375 0.02 0.05874999999999997
0 0.29583333333333334 0.29625 0.01833299999999999 0.0475
0 0.12083333333333333 0.299375 0.021667000000000013 0.05875000000000004
0 0.07916633333333334 0.30125 0.025 0.065
