0 0.6408333333333334 0.313125 0.17166700000000001 0.34375
0 0.33750033333333335 0.369375 0.225 0.45125
0 0.7108333333333334 0.250625 0.09833299999999999 0.22375
0 0.7883333333333333 0.250625 0.08666700000000002 0.20875
0 0.8475003333333335 0.25375000000000003 0.10166700000000002 0.2475
0 0.7766663333333335 0.44625000000000004 0.16666699999999993 0.335
0 0.07333333333333333 0.20500000000000002 0.073333 0.15
0 0.12750033333333335 0.19 0.06833299999999999 0.15
0 0.16166633333333338 0.16625 0.05333300000000002 0.1075
0 0.2050003333333333 0.199375 0.06666699999999999 0.13375
0 0.24166633333333334 0.18875 0.060000000000000005 0.1225
0 0.10416633333333335 0.1275 0.03500000000000002 0.0725
0 0.07666633333333332 0.140625 0.033333 0.07125000000000001
0 0.059166333333333335 0.126875 0.025 0.058750000000000004
0 0.02416633333333333 0.10250000000000001 0.021667 0.0475
0 0.030000333333333334 0.13875000000000004 0.030000000000000002 0.07000000000000002
