0 0.38666633333333333 0.4325 0.12000000000000001 0.2575
0 0.49583333333333335 0.41375 0.08166700000000002 0.1925
0 0.15333333333333335 0.398125 0.06666700000000002 0.15625
0 0.18583333333333335 0.433125 0.10500000000000001 0.21125
0 0.29000033333333336 0.455 0.07666700000000001 0.155
0 0.30250033333333337 0.4225 0.08166700000000002 0.17250000000000001
0 0.26666633333333334 0.4025 0.07 0.15
0 0.4366663333333333 0.404375 0.06333300000000004 0.16125
0 0.5758333333333334 0.40125 0.061667000000000013 0.14
0 0.6383333333333334 0.421875 0.06666700000000002 0.14625
0 0.6691663333333334 0.421875 0.08166700000000002 0.19625
0 0.7191663333333334 0.44625000000000004 0.10500000000000001 0.24
0 0.8633333333333334 0.530625 0.2566669999999999 0.56125
