0 0.4325003333333334 0.43875000000000003 0.19833300000000004 0.455
0 0.7233333333333334 0.36312500000000003 0.08333299999999999 0.16625
0 0.03916633333333334 0.356875 0.07833300000000001 0.20625000000000002
0 0.07333333333333333 0.365 0.08333299999999999 0.1675
0 0.12333333333333334 0.33187500000000003 0.05 0.10125
0 0.15916633333333333 0.348125 0.08166699999999999 0.18875
0 0.19416633333333333 0.348125 0.06166699999999999 0.15125
0 0.23000033333333336 0.319375 0.03333299999999999 0.07375
0 0.30833333333333335 0.325 0.030000000000000002 0.07
0 0.36166633333333337 0.36312500000000003 0.06666700000000002 0.15625
0 0.5216663333333335 0.34500000000000003 0.04333299999999999 0.08750000000000001
0 0.5858333333333333 0.35125 0.06833299999999999 0.1375
0 0.6091663333333334 0.35125 0.045000000000000005 0.105
0 0.6333333333333334 0.3675 0.03666700000000001 0.075
0 0.6541663333333333 0.34125 0.03833299999999999 0.08
0 0.6875003333333335 0.34625 0.041667000000000017 0.0925
0 0.7875003333333332 0.39125 0.078333 0.1825
0 0.8358333333333334 0.38 0.095 0.215
0 0.8866663333333334 0.351875 0.04 0.10375000000000001
0 0.9383333333333334 0.36375 0.05 0.1125
0 0.9566663333333335 0.378125 0.07 0.14875
