0 0.4708333333333334 0.26937500000000003 0.088333 0.19125
0 0.43083333333333335 0.26125 0.08833300000000004 0.21
0 0.5850003333333332 0.133125 0.02333299999999999 0.058750000000000004
0 0.6083333333333334 0.13375 0.026667000000000014 0.0675
0 0.6508333333333334 0.13875000000000004 0.02833299999999999 0.07000000000000002
0 0.7641663333333333 0.1325 0.02833299999999999 0.07
0 0.9216663333333333 0.120625 0.02 0.058750000000000004
0 0.8191663333333333 0.125 0.02833299999999999 0.0675
0 0.8841663333333333 0.129375 0.02166699999999992 0.06375
0 0.38916633333333334 0.15125 0.031667000000000015 0.08750000000000001
