0 0.5866663333333333 0.3025 0.11666700000000002 0.24499999999999997
0 0.3983333333333334 0.3025 0.09333300000000004 0.20249999999999996
0 0.26750033333333334 0.338125 0.14166699999999996 0.29875
0 0.042500333333333334 0.30625 0.07833300000000001 0.17
0 0.15083333333333335 0.3 0.078333 0.17500000000000002
0 0.45583333333333337 0.279375 0.055 0.11875000000000001
0 0.48416633333333337 0.26687500000000003 0.035 0.07625
0 0.5208333333333334 0.27187500000000003 0.05166700000000001 0.11625
0 0.6775003333333333 0.2725 0.048332999999999994 0.135
0 0.8058333333333334 0.27125000000000005 0.035 0.085
