0 0.5133333333333334 0.256875 0.07 0.14125000000000001
0 0.45166633333333334 0.24875 0.07333300000000004 0.1475
0 0.050000333333333334 0.176875 0.023333000000000007 0.06625
0 0.07750033333333332 0.176875 0.028333000000000004 0.07125000000000001
0 0.23583333333333334 0.173125 0.031667000000000015 0.07375
0 0.39416633333333334 0.1625 0.021667000000000013 0.0475
0 0.4241663333333334 0.16625 0.021667000000000013 0.0525
0 0.45583333333333337 0.165 0.021667000000000013 0.055
0 0.34416633333333335 0.19187500000000002 0.031667000000000015 0.08625000000000001
0 0.5991663333333332 0.183125 0.03833299999999999 0.08375
0 0.6066663333333334 0.18875 0.03666700000000001 0.08
0 0.6891663333333333 0.169375 0.01833299999999999 0.04625
0 0.7283333333333334 0.16375 0.02333299999999999 0.0575
0 0.8050003333333333 0.166875 0.02333299999999999 0.051250000000000004
0 0.8491663333333332 0.18375 0.02833299999999999 0.0775
0 0.8841663333333333 0.18125 0.028333000000000084 0.08
0 0.6858333333333334 0.3775 0.125 0.315
0 0.7016663333333335 0.41000000000000003 0.10666700000000001 0.3225
