0 0.6366663333333334 0.31375000000000003 0.14 0.3175
0 0.3791663333333333 0.31875000000000003 0.10833299999999994 0.2475
0 0.22000033333333335 0.34375 0.14 0.32
0 0.7650003333333334 0.26625 0.030000000000000002 0.085
0 0.5766663333333334 0.27375 0.05 0.12499999999999997
0 0.5416663333333332 0.27187500000000003 0.04333299999999999 0.09875
0 0.4966663333333334 0.279375 0.060000000000000005 0.13125
0 0.41750033333333336 0.278125 0.05166699999999997 0.12125
0 0.44333333333333336 0.26375 0.03333299999999999 0.075
0 0.10583333333333333 0.30312500000000003 0.08166700000000002 0.17875
