0 0.5233333333333333 0.5375 0.163333 0.32750000000000007
0 0.9191663333333335 0.45687500000000003 0.07833300000000008 0.17875
0 0.8775003333333335 0.424375 0.045000000000000005 0.11375
0 0.8041663333333333 0.445 0.058332999999999996 0.165
0 0.7258333333333333 0.439375 0.085 0.19125
0 0.6308333333333332 0.450625 0.055 0.16125
0 0.5933333333333334 0.445625 0.056667000000000016 0.14125000000000001
0 0.4758333333333334 0.42812500000000003 0.041667000000000017 0.12125
0 0.44916633333333345 0.43125 0.041667000000000017 0.11
0 0.30083333333333334 0.435 0.045000000000000005 0.1075
0 0.24333333333333335 0.419375 0.04333299999999999 0.10875
0 0.21250033333333335 0.435625 0.055 0.13625
0 0.17000033333333334 0.40875 0.030000000000000002 0.0775
0 0.18833333333333335 0.431875 0.03666700000000001 0.10125
0 0.14583333333333334 0.418125 0.041667000000000017 0.08875
0 0.08583333333333334 0.42375 0.048332999999999994 0.0975
0 0.025833333333333337 0.433125 0.05166700000000001 0.14125000000000001
0 0.3725003333333334 0.5075000000000001 0.135 0.3425
