0 0.7758333333333334 0.43625 0.088333 0.23
0 0.47250033333333336 0.48875 0.14833299999999996 0.3
0 0.5950003333333332 0.476875 0.133333 0.26625
0 0.7108333333333334 0.46187500000000004 0.088333 0.21125
0 0.9558333333333334 0.42562500000000003 0.07166699999999993 0.21875
0 0.4008333333333334 0.40750000000000003 0.05499999999999996 0.1325
0 0.22500033333333336 0.38125000000000003 0.030000000000000002 0.09
0 0.25666633333333333 0.384375 0.05 0.10125
0 0.3141663333333333 0.3625 0.031667000000000015 0.065
0 0.1175003333333333 0.371875 0.03166699999999999 0.06625
0 0.34833333333333333 0.353125 0.030000000000000002 0.06375
