0 0.24916633333333335 0.483125 0.12833300000000006 0.25875
0 0.8625003333333335 0.32937500000000003 0.02166699999999992 0.05625
0 0.8425003333333335 0.328125 0.021667000000000013 0.05625
0 0.7450003333333334 0.341875 0.02 0.06125
0 0.6866663333333334 0.34 0.030000000000000002 0.0675
0 0.5950003333333332 0.34125 0.02 0.055
0 0.5816663333333334 0.32937500000000003 0.02 0.04875
0 0.5541663333333334 0.3275 0.021667000000000013 0.0525
0 0.5333333333333333 0.330625 0.02 0.051250000000000004
0 0.5183333333333333 0.330625 0.02 0.05625
0 0.47666633333333336 0.336875 0.02 0.04625
0 0.43833333333333335 0.34500000000000003 0.030000000000000002 0.0725
0 0.42333333333333334 0.34 0.023333000000000038 0.06
0 0.40750033333333335 0.34500000000000003 0.03833300000000004 0.0725
0 0.49583333333333335 0.38375000000000004 0.035 0.0925
0 0.46250033333333346 0.384375 0.031667000000000015 0.09375
0 0.30000033333333337 0.341875 0.030000000000000002 0.07125000000000001
0 0.28750033333333336 0.344375 0.021667000000000013 0.06625
0 0.24666633333333335 0.341875 0.030000000000000002 0.07125000000000001
0 0.11000033333333335 0.344375 0.026667000000000014 0.07125000000000001
0 0.8291663333333334 0.474375 0.085 0.20125
