0 0.32500033333333334 0.42 0.12000000000000001 0.24
0 0.9316663333333333 0.310625 0.026666999999999916 0.06625
0 0.8166663333333333 0.308125 0.02333299999999999 0.06625
0 0.8500003333333334 0.325 0.023333000000000086 0.0775
0 0.7466663333333334 0.3025 0.026667000000000014 0.07749999999999997
0 0.7233333333333334 0.31125 0.03333299999999999 0.0775
0 0.8633333333333334 0.46 0.10333300000000009 0.24
0 0.14750033333333334 0.293125 0.028333000000000014 0.06875
0 0.17333333333333334 0.31125 0.01666700000000001 0.0375
0 0.19333333333333336 0.29875 0.026667000000000014 0.0675
0 0.45250033333333345 0.340625 0.031667000000000015 0.09125
0 0.43333333333333335 0.340625 0.04 0.10625
0 0.38166633333333333 0.383125 0.056667000000000016 0.14375000000000002
0 0.30333333333333334 0.28250000000000003 0.02333299999999999 0.0525
0 0.27250033333333334 0.28 0.021667000000000013 0.0575
0 0.25916633333333333 0.28 0.021667000000000013 0.055
