0 0.7916663333333332 0.460625 0.093333 0.18875
0 0.41000033333333336 0.468125 0.13333300000000003 0.26625
0 0.6475003333333333 0.424375 0.065 0.13125
0 0.7450003333333334 0.42812500000000003 0.060000000000000005 0.12125
0 0.5816663333333334 0.408125 0.030000000000000002 0.06125
0 0.6875003333333334 0.395 0.025 0.05
0 0.7091663333333335 0.39625 0.02833299999999999 0.0575
0 0.8333333333333334 0.404375 0.030000000000000002 0.06375
0 0.8741663333333333 0.3975 0.025 0.0525
0 0.8908333333333334 0.403125 0.03166699999999992 0.06625
0 0.9158333333333334 0.4 0.035 0.0775
0 0.7775003333333333 0.425 0.055 0.1225
