0 0.47416633333333336 0.4175 0.125 0.3
0 0.7850003333333335 0.368125 0.10666700000000001 0.21625
0 0.07333333333333333 0.47875 0.14666700000000002 0.3975
0 0.07833333333333334 0.348125 0.06333299999999999 0.13625
0 0.12750033333333335 0.45625 0.125 0.265
0 0.15750033333333335 0.40625 0.115 0.28500000000000003
0 0.19166633333333333 0.38125000000000003 0.08999999999999998 0.1975
0 0.26500033333333334 0.375625 0.07666700000000001 0.16125
0 0.28916633333333336 0.37875000000000003 0.095 0.1975
0 0.35333333333333333 0.383125 0.1 0.21375
0 0.41750033333333336 0.380625 0.07500000000000001 0.20375000000000001
0 0.37333333333333335 0.36125 0.05 0.1225
0 0.5491663333333334 0.355625 0.05166700000000001 0.11375
0 0.5700003333333333 0.350625 0.05333299999999999 0.11625
0 0.5950003333333332 0.338125 0.03666700000000001 0.07625
0 0.6275003333333333 0.335 0.03833299999999999 0.0775
0 0.6766663333333333 0.324375 0.04333299999999999 0.08875
0 0.8875003333333334 0.33437500000000003 0.06166699999999992 0.12625
0 0.9366663333333333 0.35875 0.08666699999999992 0.215
