0 0.48000033333333336 0.364375 0.12333299999999994 0.29375
0 0.6083333333333334 0.375 0.12666700000000003 0.2725
0 0.7341663333333335 0.345625 0.09166700000000001 0.18375
0 0.029166333333333336 0.276875 0.05833300000000002 0.14875
0 0.07916633333333334 0.274375 0.06166699999999999 0.14625
0 0.11500033333333336 0.25875 0.02333299999999999 0.05
0 0.17750033333333334 0.286875 0.055 0.13374999999999998
0 0.23833333333333334 0.314375 0.1 0.22375
0 0.28833333333333333 0.280625 0.04333299999999999 0.10625
0 0.32083333333333336 0.28500000000000003 0.06833299999999999 0.1575
0 0.32833333333333337 0.29375 0.093333 0.1875
0 0.39416633333333334 0.289375 0.048332999999999994 0.10624999999999997
0 0.41000033333333336 0.291875 0.05666699999999997 0.12374999999999997
0 0.5558333333333334 0.3025 0.05166700000000001 0.11999999999999997
0 0.6641663333333334 0.313125 0.061667000000000013 0.13625
0 0.8141663333333334 0.34875 0.09166700000000001 0.20500000000000002
0 0.8541663333333332 0.330625 0.07166699999999993 0.16875
0 0.9291663333333334 0.38375000000000004 0.125 0.2925
0 0.7766663333333335 0.291875 0.046667000000000014 0.10624999999999997
