0 0.4783333333333334 0.395625 0.1 0.20125
0 0.38666633333333333 0.375 0.08333300000000005 0.1925
0 0.3050003333333334 0.33875 0.06666700000000002 0.19
0 0.33666633333333335 0.310625 0.05 0.13875
0 0.5158333333333334 0.328125 0.058332999999999996 0.14375000000000002
0 0.5733333333333334 0.321875 0.06333299999999999 0.15875
0 0.6100003333333333 0.3375 0.06333299999999999 0.1525
0 0.7091663333333335 0.35375 0.078333 0.1825
0 0.7433333333333334 0.310625 0.046667000000000014 0.12375
0 0.7658333333333334 0.31625000000000003 0.061667000000000013 0.1525
0 0.8158333333333334 0.33437500000000003 0.07166699999999993 0.16875
0 0.8833333333333334 0.310625 0.06666699999999992 0.15375
0 0.9075003333333334 0.33 0.065 0.155
0 0.9141663333333335 0.61375 0.155 0.37
0 0.9441663333333334 0.27375 0.048333000000000084 0.11999999999999997
0 0.9691663333333332 0.31125 0.05166699999999992 0.1375
0 0.7158333333333334 0.259375 0.048332999999999994 0.09875
0 0.8141663333333333 0.26687500000000003 0.048332999999999994 0.10625
0 0.8016663333333333 0.2325 0.03333299999999999 0.07
0 0.8300003333333333 0.24875 0.03333299999999999 0.0725
0 0.8983333333333334 0.24125 0.03666699999999992 0.095
