0 0.6000003333333332 0.474375 0.27 0.5437500000000001
0 0.34750033333333336 0.39687500000000003 0.225 0.50375
0 0.8841663333333333 0.455 0.085 0.1525
0 0.6858333333333334 0.375 0.158333 0.34750000000000003
0 0.8075003333333333 0.356875 0.058332999999999996 0.11875000000000001
0 0.8491663333333335 0.3325 0.045000000000000095 0.0925
0 0.7950003333333333 0.333125 0.04333299999999999 0.08875
0 0.7458333333333335 0.344375 0.045000000000000005 0.10125
0 0.8950003333333333 0.344375 0.04666699999999992 0.09875
0 0.9391663333333334 0.41125 0.08166699999999992 0.1675
0 0.5616663333333333 0.370625 0.133333 0.28375
0 0.8841663333333333 0.30375 0.035 0.0725
0 0.8525003333333333 0.30437499999999995 0.035 0.07124999999999997
0 0.9583333333333334 0.310625 0.033333000000000085 0.06375
