0 0.48750033333333337 0.434375 0.095 0.19125
0 0.6191663333333334 0.33437500000000003 0.025 0.06125
0 0.22416633333333333 0.355 0.02833299999999999 0.075
0 0.27000033333333334 0.35625 0.030000000000000002 0.08
0 0.29583333333333334 0.3575 0.02833299999999999 0.08
0 0.38583333333333336 0.373125 0.041667000000000017 0.10625
0 0.8883333333333334 0.365 0.03666699999999992 0.0925
0 0.8358333333333334 0.35875 0.03166699999999992 0.09
0 0.8041663333333333 0.3675 0.03833299999999999 0.09
0 0.7825003333333334 0.369375 0.035 0.08875
0 0.7158333333333334 0.365 0.048332999999999994 0.1075
0 0.5950003333333332 0.380625 0.04 0.08375
0 0.7375003333333333 0.376875 0.058332999999999996 0.14625
0 0.23500033333333337 0.58375 0.15000000000000002 0.3025
0 0.37583333333333335 0.6843750000000001 0.20833300000000005 0.45625
0 0.6666663333333334 0.756875 0.18000000000000002 0.47125
0 0.13666633333333336 0.319375 0.02 0.04625
0 0.15333333333333335 0.3175 0.02333299999999999 0.06000000000000004
0 0.36333333333333334 0.326875 0.01666700000000001 0.051250000000000004
0 0.34666633333333335 0.323125 0.02 0.05625
0 0.42666633333333337 0.326875 0.026666999999999965 0.05375
