0 0.5600003333333334 0.314375 0.08666700000000002 0.14125000000000001
0 0.13000033333333336 0.34750000000000003 0.11 0.24
0 0.29833333333333334 0.31 0.08333299999999999 0.19249999999999998
0 0.33333333333333337 0.263125 0.06666700000000002 0.18124999999999997
0 0.36166633333333337 0.23750000000000002 0.060000000000000005 0.14
0 0.33500033333333334 0.39875 0.13 0.28
0 0.6725003333333333 0.27375 0.08166700000000002 0.16499999999999998
0 0.7291663333333334 0.353125 0.125 0.25125000000000003
0 0.9266663333333335 0.354375 0.13666700000000012 0.27375
0 0.7108333333333334 0.20625000000000002 0.048332999999999994 0.135
0 0.6308333333333334 0.184375 0.041667000000000017 0.10875
0 0.6891663333333334 0.19 0.041667000000000017 0.105
0 0.7658333333333334 0.21 0.058332999999999996 0.135
0 0.7858333333333334 0.193125 0.055 0.12625
0 0.8266663333333335 0.195 0.056667000000000016 0.1275
0 0.8925003333333335 0.224375 0.055 0.12375
0 0.9208333333333334 0.19625 0.058333000000000086 0.125
0 0.9575003333333333 0.234375 0.07166699999999993 0.15375
0 0.8733333333333334 0.20500000000000002 0.04666699999999992 0.11
