0 0.47750033333333336 0.375 0.10833299999999994 0.2425
0 0.7050003333333333 0.39 0.16 0.365
0 0.15333333333333335 0.43875000000000003 0.15666700000000003 0.35000000000000003
0 0.27500033333333335 0.46625 0.18666700000000003 0.4475
0 0.37500033333333327 0.506875 0.19999999999999996 0.45624999999999993
0 0.5616663333333334 0.36875 0.09000000000000001 0.21
0 0.6025003333333333 0.32937500000000003 0.06833299999999999 0.15375
0 0.8058333333333334 0.424375 0.19166699999999992 0.38625
0 0.8991663333333335 0.305625 0.045000000000000005 0.09125
0 0.9516663333333333 0.39875 0.08333300000000009 0.3125
