0 0.5525003333333334 0.32875 0.14500000000000002 0.34750000000000003
0 0.05916633333333333 0.328125 0.105 0.25875
0 0.11333333333333334 0.301875 0.08 0.18875000000000003
0 0.18333333333333335 0.27375000000000005 0.03666700000000001 0.0825
0 0.21416633333333335 0.261875 0.03833299999999999 0.09625
0 0.23833333333333334 0.27625 0.06333299999999999 0.12749999999999997
0 0.2808333333333333 0.278125 0.061667000000000013 0.14625
0 0.31750033333333333 0.28875 0.058332999999999996 0.13000000000000003
0 0.36083333333333334 0.270625 0.048332999999999994 0.10625000000000004
0 0.40750033333333335 0.2775 0.05833300000000004 0.1325
0 0.8775003333333335 0.295 0.095 0.2025
0 0.9158333333333334 0.30625 0.14166699999999993 0.3275
