0 0.31916633333333333 0.3975 0.088333 0.215
0 0.4400003333333334 0.400625 0.08666699999999997 0.20875
0 0.5750003333333334 0.516875 0.243333 0.56625
0 0.7508333333333334 0.33 0.021667000000000013 0.045
0 0.7708333333333334 0.32937500000000003 0.021667000000000013 0.043750000000000004
0 0.7866663333333334 0.33187500000000003 0.02 0.043750000000000004
0 0.6450003333333334 0.39625 0.11 0.2575
0 0.3675003333333334 0.3325 0.03833299999999999 0.095
0 0.23750033333333337 0.321875 0.021667000000000013 0.04625
0 0.7225003333333335 0.33125 0.021667000000000013 0.055
