0 0.48166633333333325 0.36875 0.06333299999999999 0.1525
0 0.4350003333333334 0.374375 0.05666699999999997 0.13875
0 0.10666633333333334 0.330625 0.026667000000000014 0.07875
0 0.5700003333333333 0.340625 0.030000000000000002 0.09375
0 0.6225003333333333 0.33625 0.02833299999999999 0.11
0 0.6066663333333334 0.36 0.046667000000000014 0.125
0 0.8550003333333333 0.346875 0.04 0.11125
0 0.8100003333333334 0.3825 0.05 0.1225
0 0.7433333333333334 0.373125 0.056667000000000016 0.13125
0 0.9550003333333335 0.321875 0.033333000000000085 0.07625
