0 0.41833333333333333 0.626875 0.2566669999999999 0.63125
0 0.04083333333333334 0.359375 0.078333 0.19875
0 0.08500033333333334 0.35000000000000003 0.056667000000000016 0.135
0 0.17583333333333334 0.36062500000000003 0.07166700000000002 0.17625
0 0.19583333333333336 0.336875 0.03833299999999999 0.10875
0 0.2516663333333333 0.3825 0.073333 0.19
0 0.33250033333333334 0.4225 0.061667000000000013 0.1275
0 0.32083333333333336 0.36625 0.058332999999999996 0.1225
0 0.3675003333333334 0.3575 0.05166700000000001 0.12
0 0.5966663333333333 0.5593750000000001 0.23666700000000002 0.6087499999999999
0 0.8758333333333334 0.545625 0.23166699999999993 0.67125
0 0.6641663333333334 0.43 0.108333 0.2625
