0 0.4991663333333334 0.49375 0.18500000000000003 0.37
0 0.7783333333333334 0.43125 0.15666699999999992 0.3575
0 0.5741663333333334 0.381875 0.138333 0.27875
0 0.9433333333333334 0.25625 0.05666699999999992 0.125
0 0.8300003333333335 0.24125 0.030000000000000002 0.0775
0 0.7850003333333334 0.236875 0.04 0.09375
0 0.4900003333333335 0.25125000000000003 0.056667000000000016 0.1275
0 0.21666633333333335 0.210625 0.03333299999999999 0.07375
0 0.09916633333333333 0.22062500000000002 0.02833299999999999 0.07125000000000001
0 0.14000033333333334 0.22062500000000002 0.030000000000000002 0.07125000000000001
0 0.8716663333333334 0.319375 0.08666699999999992 0.18875
0 0.9166663333333332 0.42125 0.12000000000000001 0.3375
0 0.7150003333333333 0.18937500000000002 0.02333299999999999 0.051250000000000004
0 0.5650003333333333 0.195625 0.02333299999999999 0.051250000000000004
