0 0.5125000000000001 0.48500033333333337 0.08750000000000001 0.3366670000000001
0 0.333125 0.40250033333333335 0.043750000000000004 0.18166699999999997
0 0.39687500000000003 0.3925003333333334 0.043750000000000004 0.155
0 0.143125 0.3675003333333334 0.03625 0.13166700000000006
0 0.259375 0.3900003333333334 0.04125 0.16333300000000003
0 0.28750000000000003 0.38500033333333333 0.0375 0.153333
0 0.45625 0.42000033333333336 0.045 0.18333299999999994
0 0.473125 0.41166633333333336 0.04125 0.16
0 0.42375 0.38583333333333336 0.035 0.14166699999999996
0 0.36125 0.3741663333333333 0.0275 0.09833299999999999
0 0.316875 0.3700003333333334 0.03625 0.16
