0 0.8958333333333334 0.52 0.195 0.425
0 0.6925003333333333 0.47250000000000003 0.158333 0.3175
0 0.5675003333333335 0.356875 0.021667000000000013 0.06125
0 0.16750033333333336 0.37125 0.031667000000000015 0.08
0 0.22416633333333333 0.276875 0.021667000000000013 0.051250000000000004
0 0.24166633333333334 0.281875 0.02 0.051250000000000004
0 0.24500033333333335 0.29 0.02 0.05
0 0.23916633333333334 0.30312500000000003 0.025 0.05625
0 0.23750033333333337 0.324375 0.025 0.058750000000000004
0 0.25916633333333333 0.32625 0.015000000000000001 0.035
0 0.28583333333333333 0.34625 0.025 0.06
