0 0.4108333333333334 0.42812500000000003 0.2516669999999999 0.56375
0 0.2050003333333333 0.309375 0.11666699999999999 0.23375
0 0.04083333333333334 0.37375 0.078333 0.1575
0 0.07916633333333332 0.23500000000000001 0.041667 0.085
0 0.8625003333333335 0.513125 0.2616669999999999 0.74125
0 0.7133333333333334 0.44375000000000003 0.030000000000000002 0.0675
0 0.7133333333333334 0.39687500000000003 0.02333299999999999 0.05375
0 0.7391663333333333 0.398125 0.02833299999999999 0.058750000000000004
0 0.5758333333333334 0.415625 0.021667000000000013 0.05625
0 0.6066663333333333 0.389375 0.02333299999999999 0.051250000000000004
