0 0.36250033333333337 0.34625 0.16166700000000006 0.34
0 0.5350003333333333 0.30125 0.073333 0.1575
0 0.22416633333333333 0.30312500000000003 0.061667000000000013 0.14375000000000002
0 0.26583333333333337 0.314375 0.061667000000000013 0.16125
0 0.6141663333333334 0.28875 0.045000000000000005 0.09250000000000004
0 0.6550003333333333 0.264375 0.03333299999999999 0.07625
0 0.6816663333333333 0.3125 0.073333 0.18750000000000003
0 0.7391663333333334 0.319375 0.07500000000000001 0.17375000000000002
0 0.8041663333333334 0.25812500000000005 0.025 0.05375
0 0.8275003333333334 0.26812499999999995 0.025 0.058750000000000004
0 0.8591663333333333 0.2675 0.025 0.0625
0 0.8850003333333333 0.275625 0.033333000000000085 0.08125
0 0.9383333333333334 0.26875 0.026666999999999916 0.0725
0 0.5566663333333335 0.27625 0.03666700000000001 0.08749999999999997
