0 0.10916633333333338 0.43875000000000003 0.218333 0.4375
0 0.34833333333333333 0.4225 0.17333300000000004 0.35000000000000003
0 0.24333333333333335 0.29625 0.04 0.0825
0 0.6333333333333334 0.218125 0.03333299999999999 0.08875
0 0.6683333333333333 0.248125 0.03333299999999999 0.08375
0 0.7266663333333334 0.2725 0.03666700000000001 0.08750000000000001
0 0.8975003333333335 0.308125 0.03833300000000009 0.07875
0 0.9366663333333333 0.30875 0.03666699999999992 0.0825
0 0.7708333333333334 0.308125 0.035 0.08125
0 0.49250033333333326 0.5225000000000001 0.03833299999999999 0.0775
0 0.5766663333333335 0.529375 0.03666700000000001 0.07625
0 0.6150003333333335 0.54 0.03666700000000001 0.08
0 0.7091663333333335 0.545 0.041667000000000017 0.085
0 0.8133333333333334 0.5431250000000001 0.03666700000000001 0.08375
0 0.9058333333333334 0.534375 0.04166699999999992 0.08375
0 0.8000003333333335 0.508125 0.03666700000000001 0.07375
0 0.7616663333333334 0.481875 0.030000000000000002 0.06125
0 0.6008333333333333 0.440625 0.02833299999999999 0.05625
0 0.5250003333333334 0.45125 0.030000000000000002 0.06
0 0.48833333333333334 0.445 0.02333299999999999 0.05
0 0.6875003333333333 0.5875 0.03833299999999999 0.085
0 0.5600003333333334 0.4525 0.026667000000000014 0.055
0 0.8050003333333333 0.67875 0.05333299999999999 0.115
