0 0.38333333333333336 0.40750000000000003 0.10333300000000005 0.20750000000000002
0 0.19083333333333335 0.388125 0.085 0.17125
0 0.27000033333333334 0.39125 0.08 0.17
0 0.08083333333333334 0.3675 0.088333 0.1775
0 0.23083333333333333 0.376875 0.06833299999999999 0.15625
0 0.29666633333333337 0.375 0.05333299999999999 0.1275
0 0.6866663333333335 0.323125 0.03666700000000001 0.09125
0 0.7083333333333334 0.32125 0.03333299999999999 0.0825
0 0.8666663333333334 0.88 0.08 0.165
0 0.8466663333333335 0.9237500000000001 0.0700000000000001 0.14250000000000002
0 0.8383333333333334 0.671875 0.060000000000000005 0.12125
0 0.9175003333333334 0.696875 0.05166699999999992 0.12625
0 0.9108333333333334 0.5125000000000001 0.028333000000000084 0.0575
0 0.9683333333333334 0.545 0.04 0.08
0 0.9525003333333333 0.51375 0.03166699999999992 0.065
0 0.9416663333333333 0.6687500000000001 0.033333000000000085 0.1
0 0.9633333333333334 0.65125 0.04 0.095
0 0.8933333333333334 0.666875 0.04 0.09875
0 0.7100003333333335 0.688125 0.056667000000000016 0.11375
0 0.6541663333333334 0.685 0.05166700000000001 0.1125
0 0.8733333333333334 0.545 0.03666699999999992 0.075
0 0.3408333333333334 0.346875 0.035 0.08875
