0 0.28250033333333335 0.326875 0.10166700000000002 0.23375
0 0.6991663333333334 0.35875 0.18166700000000002 0.38
0 0.19083333333333335 0.32125 0.07500000000000001 0.155
0 0.23750033333333337 0.29375 0.055 0.125
0 0.33750033333333335 0.295 0.061667000000000013 0.15
0 0.36000033333333337 0.2675 0.05 0.1
0 0.3925003333333334 0.3075 0.065 0.15999999999999998
0 0.41500033333333336 0.27312499999999995 0.04 0.09125
0 0.45583333333333337 0.26875 0.048332999999999994 0.115
0 0.4991663333333334 0.275625 0.045000000000000005 0.10375000000000001
0 0.5441663333333334 0.325 0.108333 0.2625
