0 0.42833333333333334 0.27875 0.15000000000000002 0.3525
0 0.32083333333333336 0.273125 0.13833300000000004 0.32125
0 0.08000033333333335 0.31875000000000003 0.15666700000000003 0.3825
0 0.17833333333333334 0.28625 0.15000000000000002 0.33
0 0.5150003333333334 0.21875 0.060000000000000005 0.13
0 0.6025003333333335 0.23500000000000001 0.07166700000000002 0.1775
0 0.6400003333333334 0.215625 0.04 0.10625
0 0.6833333333333336 0.244375 0.06666700000000002 0.16375
0 0.7200003333333332 0.206875 0.04333299999999999 0.10125
0 0.9316663333333332 0.259375 0.1233329999999999 0.23875000000000002
0 0.7850003333333334 0.21 0.04 0.09
0 0.8283333333333334 0.201875 0.03333299999999999 0.08375
