0 0.4633333333333334 0.35375 0.14333300000000004 0.3175
0 0.22250033333333336 0.328125 0.14166699999999996 0.31875000000000003
0 0.10583333333333333 0.3125 0.14500000000000002 0.34500000000000003
0 0.26583333333333337 0.295625 0.10500000000000001 0.22875
0 0.32166633333333333 0.255625 0.06333299999999999 0.12874999999999998
0 0.3925003333333334 0.2625 0.061667000000000013 0.1375
0 0.6250003333333333 0.249375 0.04333299999999999 0.08875
0 0.6566663333333335 0.254375 0.03666700000000001 0.09125
0 0.5708333333333334 0.240625 0.025 0.06375
0 0.6916663333333335 0.25749999999999995 0.046667000000000014 0.11750000000000001
