0 0.49583333333333335 0.38875 0.17833300000000005 0.3425
0 0.9083333333333334 0.28 0.04 0.135
0 0.8375003333333333 0.275 0.048332999999999994 0.1325
0 0.7808333333333334 0.278125 0.045000000000000005 0.12625
0 0.5266663333333335 0.276875 0.03666700000000001 0.11125
0 0.5958333333333333 0.27875 0.03833299999999999 0.10999999999999997
0 0.6916663333333335 0.31625000000000003 0.103333 0.2325
0 0.16083333333333336 0.33437500000000003 0.10500000000000001 0.24125
0 0.5550003333333334 0.281875 0.03666700000000001 0.10125
0 0.6183333333333334 0.275625 0.03666700000000001 0.09875
0 0.6600003333333333 0.273125 0.04333299999999999 0.11875000000000004
0 0.060833333333333336 0.280625 0.041667000000000017 0.08625000000000001
