0 0.6058333333333333 0.34625 0.18166700000000002 0.455
0 0.21166633333333335 0.3375 0.123333 0.2625
0 0.7866663333333334 0.405 0.09000000000000001 0.18
0 0.35083333333333333 0.306875 0.085 0.22625
0 0.4216663333333334 0.34125 0.07000000000000005 0.1675
0 0.48583333333333334 0.324375 0.10166700000000002 0.26375
0 0.5566663333333335 0.2725 0.07666700000000001 0.17250000000000001
0 0.6700003333333334 0.333125 0.12000000000000001 0.32125
0 0.7216663333333334 0.293125 0.08 0.19375
0 0.8050003333333333 0.306875 0.11666699999999992 0.28125
0 0.8441663333333335 0.268125 0.0950000000000001 0.22125000000000003
