0 0.26416633333333334 0.28375 0.16833300000000004 0.36
0 0.13083333333333333 0.34375 0.21166700000000002 0.4575
0 0.35416633333333336 0.28624999999999995 0.115 0.2750000000000001
0 0.4133333333333334 0.275 0.11666699999999997 0.2625
0 0.5166663333333334 0.254375 0.1 0.26875
0 0.5616663333333335 0.248125 0.143333 0.37125
0 0.6366663333333334 0.23875000000000002 0.123333 0.3175
0 0.7283333333333334 0.235625 0.09666700000000002 0.25625
0 0.9266663333333333 0.275625 0.1333330000000001 0.39125
0 0.8058333333333334 0.17250000000000001 0.045000000000000005 0.09
0 0.9000003333333333 0.168125 0.030000000000000002 0.06625
