0 0.5758333333333334 0.416875 0.07166700000000002 0.15625
0 0.40750033333333335 0.465 0.12166699999999997 0.245
0 0.9358333333333334 0.41375 0.045000000000000005 0.095
0 0.7900003333333335 0.40875 0.03666700000000001 0.0825
0 0.7491663333333334 0.4 0.035 0.08
0 0.7150003333333335 0.39437500000000003 0.026667000000000014 0.08125
0 0.7000003333333333 0.393125 0.02333299999999999 0.07125000000000001
0 0.6700003333333333 0.385625 0.02333299999999999 0.058750000000000004
0 0.6450003333333333 0.38625 0.02333299999999999 0.06
0 0.6266663333333334 0.39625 0.03666700000000001 0.09
0 0.5333333333333333 0.4 0.03666700000000001 0.09
0 0.4950003333333335 0.3925 0.03666700000000001 0.1
0 0.4758333333333334 0.408125 0.041667000000000017 0.10375000000000001
0 0.16666633333333333 0.40875 0.04666699999999999 0.1075
0 0.13666633333333336 0.39 0.04 0.0825
0 0.07833333333333334 0.37875000000000003 0.030000000000000002 0.07
