0 0.4316663333333334 0.3725 0.19666700000000006 0.42
0 0.5783333333333334 0.393125 0.166667 0.39875
0 0.030833333333333334 0.279375 0.061667000000000013 0.13875
0 0.07250033333333333 0.274375 0.051667 0.12375
0 0.24000033333333337 0.38875 0.21000000000000002 0.445
0 0.3433333333333333 0.29875 0.073333 0.1675
0 0.6858333333333334 0.35875 0.128333 0.31
0 0.7950003333333333 0.32375 0.08333299999999999 0.1975
0 0.9116663333333332 0.36 0.16 0.34
0 0.7175003333333335 0.29625 0.08166700000000002 0.1925
