0 0.36500033333333337 0.304375 0.21333299999999997 0.42875
0 0.47416633333333347 0.23500000000000001 0.07166700000000002 0.1575
0 0.5316663333333335 0.265625 0.10666700000000001 0.23625000000000004
0 0.5700003333333333 0.25625 0.08333299999999999 0.1875
0 0.6166663333333333 0.260625 0.07 0.16874999999999996
0 0.6916663333333335 0.268125 0.09666700000000002 0.23375000000000004
0 0.7141663333333335 0.2475 0.09166700000000001 0.22
0 0.7758333333333334 0.27375000000000005 0.09833299999999999 0.2725000000000001
0 0.15916633333333333 0.2125 0.03166699999999999 0.0675
0 0.030000333333333334 0.228125 0.036667 0.08125
0 0.23583333333333334 0.20625000000000002 0.02833299999999999 0.0575
0 0.3050003333333334 0.33875 0.08 0.1775
