0 0.595625 0.38083333333333336 0.09374999999999993 0.34833300000000006
0 0.06375 0.39916633333333335 0.1125 0.5016670000000001
0 0.129375 0.28666633333333336 0.07125000000000001 0.2566669999999999
0 0.2625 0.3691663333333334 0.07 0.25166700000000003
0 0.23750000000000002 0.26916633333333334 0.05 0.195
0 0.25499999999999995 0.26583333333333337 0.0425 0.17500000000000002
0 0.31875000000000003 0.3091663333333334 0.0725 0.27166700000000005
0 0.36312500000000003 0.25666633333333333 0.04125 0.17666699999999996
0 0.395625 0.27500033333333335 0.043750000000000004 0.18000000000000002
0 0.42375 0.28583333333333333 0.0575 0.20500000000000002
0 0.445625 0.25583333333333336 0.03875 0.148333
0 0.514375 0.26333333333333336 0.03125 0.136667
0 0.5437500000000001 0.2500003333333333 0.0325 0.12666700000000003
0 0.56 0.24666633333333335 0.03 0.11333300000000004
