0 0.384375 0.32833333333333337 0.09125 0.32666699999999993
0 0.29 0.35416633333333336 0.1 0.36833300000000013
0 0.52875 0.35500033333333336 0.1 0.41666700000000007
0 0.7175 0.3766663333333333 0.0925 0.3666670000000001
0 0.609375 0.40916633333333335 0.14625 0.558333
0 0.01375 0.14833333333333334 0.0275 0.153333
0 0.02625 0.22000033333333335 0.0375 0.15666700000000003
0 0.18875 0.23500033333333337 0.0425 0.153333
0 0.2275 0.23666633333333334 0.0425 0.153333
0 0.436875 0.2500003333333334 0.03125 0.14000000000000007
