0 0.37625000000000003 0.5408333333333334 0.135 0.48166699999999996
0 0.5700000000000001 0.7166663333333335 0.135 0.48000000000000015
0 0.7681250000000001 0.5016663333333333 0.11875000000000001 0.46
0 0.629375 0.5225003333333333 0.11375 0.42166700000000007
0 0.040625 0.5183333333333333 0.06875 0.26
0 0.12625 0.5050003333333334 0.075 0.28333299999999995
0 0.194375 0.49083333333333334 0.04875 0.18500000000000003
0 0.225625 0.4783333333333334 0.043750000000000004 0.19
0 0.26125 0.4975003333333334 0.045 0.23500000000000001
0 0.30375 0.5341663333333334 0.0675 0.315
0 0.460625 0.49083333333333334 0.058750000000000004 0.21833300000000005
0 0.49375 0.46750033333333335 0.0525 0.21166699999999997
0 0.539375 0.5125003333333333 0.08375 0.34166700000000005
0 0.9237500000000001 0.5150003333333333 0.105 0.423333
0 0.71875 0.4975003333333334 0.065 0.265
0 0.0375 0.5741663333333334 0.075 0.36500000000000005
