0 0.31875000000000003 0.4708333333333334 0.215 0.8316669999999999
0 0.048125 0.36583333333333334 0.09625 0.4583330000000001
0 0.11625 0.36416633333333337 0.06 0.301667
0 0.15125 0.36250033333333337 0.075 0.29166700000000007
0 0.18 0.3125003333333333 0.06 0.228333
0 0.35875 0.36416633333333337 0.065 0.288333
0 0.39375 0.35416633333333336 0.06 0.2716670000000001
0 0.45125 0.29083333333333333 0.0325 0.135
0 0.419375 0.29083333333333333 0.03375 0.12833300000000006
0 0.5018750000000001 0.39333333333333337 0.11875000000000001 0.4233330000000001
0 0.56625 0.3766663333333333 0.085 0.323333
0 0.588125 0.3050003333333334 0.03625 0.14
0 0.6218750000000001 0.29916633333333337 0.03624999999999993 0.14500000000000002
0 0.639375 0.3116663333333333 0.04125 0.16333300000000003
0 0.753125 0.3150003333333333 0.04875 0.17666700000000002
0 0.90375 0.34166633333333335 0.0725 0.27333299999999994
0 0.945625 0.35083333333333333 0.09125 0.3216669999999999
