0 0.26375 0.44916633333333333 0.1825 0.6850000000000003
0 0.821875 0.5408333333333334 0.10375000000000001 0.37166699999999997
0 0.925625 0.41416633333333336 0.11125 0.41166700000000006
0 0.770625 0.42833333333333334 0.11625 0.416667
0 0.055 0.3150003333333333 0.0525 0.19
0 0.11375 0.3141663333333333 0.055 0.21166699999999997
0 0.168125 0.38000033333333333 0.08375 0.32333300000000004
0 0.304375 0.33416633333333334 0.053750000000000034 0.24833299999999997
0 0.348125 0.32666633333333334 0.04875 0.19666700000000004
0 0.446875 0.3358333333333334 0.03375 0.13833300000000004
0 0.49062500000000003 0.3725003333333334 0.06625 0.23833299999999996
0 0.551875 0.3691663333333334 0.06375 0.228333
0 0.6062500000000001 0.34916633333333336 0.05 0.20500000000000002
0 0.615625 0.38750033333333334 0.04875000000000007 0.23166700000000004
0 0.66 0.38833333333333336 0.0625 0.29000000000000004
0 0.678125 0.32583333333333336 0.04625 0.171667
0 0.85375 0.3700003333333334 0.07 0.27
0 0.879375 0.3900003333333334 0.06875 0.28666700000000006
0 0.711875 0.33333333333333337 0.02375 0.11333300000000004
0 0.731875 0.34000033333333335 0.02375 0.08333299999999999
