0 0.45 0.49166633333333337 0.13 0.4766670000000001
0 0.0775 0.4966663333333334 0.1325 0.47333299999999995
0 0.04875 0.5416663333333334 0.0975 0.5066670000000001
0 0.313125 0.40000033333333335 0.03375 0.13
0 0.34125 0.39416633333333334 0.0425 0.15166699999999997
0 0.5 0.3925003333333334 0.0425 0.15166699999999997
0 0.524375 0.40250033333333335 0.03125 0.12833300000000006
0 0.59375 0.40666633333333335 0.05 0.18000000000000002
0 0.6481250000000001 0.42500033333333337 0.06375 0.22666700000000006
0 0.6825 0.47000033333333346 0.08750000000000001 0.34000000000000014
0 0.7368750000000001 0.5708333333333334 0.15125 0.6816669999999999
