0 0.515 0.5866663333333334 0.1675 0.6500000000000001
0 0.033125 0.4325003333333334 0.06125 0.21833299999999994
0 0.150625 0.4083333333333333 0.04874999999999998 0.173333
0 0.218125 0.5583333333333335 0.13375 0.5699999999999998
0 0.38125000000000003 0.38916633333333334 0.035 0.125
0 0.431875 0.39333333333333337 0.03375 0.12333300000000004
0 0.44875 0.38250033333333333 0.035 0.128333
0 0.6275000000000001 0.38500033333333333 0.03 0.10666700000000001
0 0.72875 0.39916633333333335 0.0325 0.11833299999999995
0 0.82375 0.48000033333333336 0.08 0.28666700000000006
0 0.96375 0.5216663333333335 0.065 0.33
0 0.764375 0.39416633333333334 0.03125 0.11166700000000007
0 0.27125000000000005 0.40916633333333335 0.0425 0.18500000000000003
