0 0.32625 0.5366663333333335 0.2125 0.7633330000000003
0 0.084375 0.47666633333333336 0.13625 0.4866670000000001
0 0.25812500000000005 0.3408333333333334 0.06125 0.23166700000000004
0 0.43125 0.36833333333333335 0.07 0.25
0 0.45625 0.3166663333333333 0.0475 0.21666700000000003
0 0.48875 0.34666633333333335 0.05 0.22
0 0.5275000000000001 0.3050003333333334 0.0375 0.153333
0 0.556875 0.32250033333333333 0.04625 0.18500000000000003
0 0.6062500000000001 0.35250033333333336 0.0325 0.118333
0 0.6431250000000001 0.29583333333333334 0.03625 0.16166700000000003
0 0.669375 0.29833333333333334 0.03125 0.136667
0 0.695625 0.3116663333333333 0.04625 0.17666699999999996
0 0.72375 0.32166633333333333 0.075 0.2666670000000001
0 0.7425 0.30583333333333335 0.0525 0.188333
0 0.7875 0.31833333333333336 0.0625 0.22333300000000006
0 0.813125 0.28750033333333336 0.03375 0.14500000000000002
0 0.845 0.28166633333333335 0.0425 0.15000000000000002
0 0.9025 0.29583333333333334 0.0375 0.14166699999999996
0 0.946875 0.31083333333333335 0.06375 0.228333
0 0.12687500000000002 0.42666633333333337 0.09875000000000002 0.41333299999999995
0 0.385625 0.28250033333333335 0.01875 0.06833299999999999
