0 0.358125 0.47250033333333336 0.058750000000000004 0.23166700000000007
0 0.67 0.42083333333333334 0.0625 0.25833300000000003
0 0.6062500000000001 0.42583333333333334 0.06749999999999994 0.26833300000000004
0 0.28 0.34166633333333335 0.0325 0.11666700000000002
0 0.323125 0.36666633333333337 0.043750000000000004 0.15666700000000003
0 0.36375 0.36666633333333337 0.0375 0.143333
0 0.41125 0.42916633333333337 0.085 0.328333
0 0.460625 0.36000033333333337 0.02875 0.103333
0 0.48562500000000003 0.35916633333333337 0.02875 0.10166700000000002
0 0.20750000000000002 0.29083333333333333 0.02 0.07166700000000002
0 0.51 0.35250033333333336 0.0225 0.095
0 0.800625 0.35416633333333336 0.03125 0.115
0 0.856875 0.35500033333333336 0.03125 0.12666700000000003
