0 0.44125000000000003 0.46750033333333335 0.12 0.4816670000000001
0 0.55 0.49833333333333335 0.125 0.4466669999999999
0 0.111875 0.5258333333333334 0.14625 0.5483330000000001
0 0.1875 0.38583333333333336 0.06 0.21166699999999997
0 0.228125 0.38916633333333334 0.051250000000000004 0.20166700000000007
0 0.25875 0.3875003333333333 0.0425 0.17499999999999996
0 0.31 0.42250033333333337 0.07749999999999997 0.28166700000000006
0 0.341875 0.38666633333333333 0.03875 0.17333299999999996
0 0.373125 0.42083333333333334 0.07375 0.281667
0 0.666875 0.3941663333333334 0.06375 0.26166700000000004
0 0.76125 0.40000033333333335 0.0575 0.23
0 0.93625 0.4341663333333334 0.0775 0.29500000000000004
