0 0.545 0.35416633333333336 0.105 0.4283329999999999
0 0.406875 0.4300003333333335 0.09125 0.32666700000000004
0 0.7262500000000001 0.44083333333333335 0.15 0.6283330000000001
0 0.09875 0.36000033333333337 0.1125 0.40333299999999994
0 0.1925 0.28833333333333333 0.075 0.27
0 0.25875 0.29166633333333336 0.0525 0.233333
0 0.306875 0.38000033333333333 0.08875 0.363333
0 0.34750000000000003 0.3066663333333334 0.055 0.243333
0 0.665 0.31333333333333335 0.0575 0.24666699999999997
0 0.8150000000000001 0.29000033333333336 0.0425 0.153333
0 0.8625 0.29583333333333334 0.06 0.228333
0 0.88625 0.5483333333333333 0.2125 0.756667
0 0.9706250000000001 0.29583333333333334 0.04875 0.19833300000000004
