0 0.19375 0.5258333333333334 0.1125 0.47166699999999995
0 0.314375 0.5291663333333334 0.12125 0.4783329999999999
0 0.041875 0.49166633333333326 0.08375 0.373333
0 0.146875 0.42833333333333334 0.05625 0.25333300000000003
0 0.27312499999999995 0.47500033333333336 0.07375 0.34333299999999994
0 0.39687500000000003 0.48833333333333334 0.10875 0.43666699999999997
0 0.568125 0.5300003333333334 0.14875 0.53
0 0.074375 0.39666633333333334 0.043750000000000004 0.15000000000000002
0 0.114375 0.40166633333333335 0.03125 0.14
0 0.655 0.48000033333333336 0.08750000000000001 0.333333
0 0.81 0.40000033333333335 0.0775 0.323333
0 0.92625 0.32833333333333337 0.07 0.29000000000000004
