0 0.446875 0.6416663333333334 0.08125 0.31
0 0.105625 0.6275003333333334 0.12375 0.44166700000000014
0 0.25875 0.6208333333333335 0.11750000000000001 0.42166700000000007
0 0.356875 0.48666633333333337 0.04875 0.18666700000000008
0 0.4025 0.5583333333333333 0.095 0.363333
0 0.45437500000000003 0.4808333333333334 0.03625 0.14500000000000002
0 0.5181250000000001 0.5500003333333334 0.07625 0.31666700000000003
0 0.56375 0.5000003333333334 0.045 0.20333300000000004
0 0.605625 0.5066663333333333 0.06624999999999993 0.27666700000000005
0 0.678125 0.46416633333333335 0.04125 0.17500000000000002
0 0.80375 0.49833333333333335 0.07 0.286667
0 0.85375 0.49000033333333337 0.075 0.323333
0 0.913125 0.5125003333333333 0.06375 0.3116670000000001
0 0.971875 0.5091663333333334 0.043750000000000004 0.318333
0 0.22062500000000002 0.49000033333333337 0.03625 0.14666699999999996
