0 0.446875 0.49583333333333335 0.17375000000000002 0.675
0 0.069375 0.28666633333333336 0.05375000000000001 0.21000000000000002
0 0.115625 0.29500033333333336 0.051250000000000004 0.22
0 0.154375 0.3075003333333334 0.04374999999999998 0.178333
0 0.201875 0.35250033333333336 0.07875 0.305
0 0.236875 0.29750033333333337 0.04125 0.16166700000000003
0 0.29625 0.3100003333333334 0.055 0.19666700000000004
0 0.5800000000000001 0.35916633333333337 0.055 0.208333
0 0.605 0.32750033333333334 0.045 0.188333
0 0.62625 0.32833333333333337 0.030000000000000072 0.11666700000000002
0 0.688125 0.33333333333333337 0.04125 0.16
