0 0.385 0.4108333333333334 0.08750000000000001 0.33833300000000005
0 0.325625 0.47666633333333336 0.07625 0.27333299999999994
0 0.0275 0.35166633333333336 0.0275 0.11
0 0.078125 0.44583333333333336 0.11375 0.405
0 0.25812500000000005 0.38166633333333333 0.05625 0.206667
0 0.541875 0.38166633333333333 0.07375 0.28333299999999995
0 0.6925 0.39083333333333337 0.065 0.2616669999999999
0 0.788125 0.38833333333333336 0.08625000000000001 0.30666699999999997
0 0.89875 0.39750033333333334 0.065 0.258333
0 0.95375 0.3700003333333334 0.08 0.3066670000000001
0 0.87 0.28666633333333336 0.0575 0.2566669999999999
0 0.933125 0.26500033333333334 0.05625 0.22666700000000004
