0 0.333125 0.5625003333333334 0.15375 0.578333
0 0.19187500000000002 0.35250033333333336 0.04625 0.16833300000000004
0 0.380625 0.34750033333333336 0.03875 0.165
0 0.41000000000000003 0.35666633333333336 0.0375 0.16
0 0.44 0.40250033333333335 0.07 0.2849999999999999
0 0.45875 0.33916633333333335 0.035 0.14166699999999996
0 0.4975 0.35750033333333336 0.0425 0.165
0 0.5331250000000001 0.33916633333333335 0.03125 0.125
0 0.565625 0.35500033333333336 0.03375 0.18333299999999994
0 0.59875 0.35750033333333336 0.0375 0.17500000000000002
0 0.6481250000000001 0.36000033333333337 0.05375 0.206667
0 0.7000000000000001 0.35416633333333336 0.05 0.21833299999999994
0 0.75125 0.36833333333333335 0.0425 0.18666699999999997
0 0.8 0.33083333333333337 0.0225 0.108333
