0 0.4975 0.5083333333333334 0.07 0.27
0 0.0975 0.5175003333333333 0.0525 0.21500000000000002
0 0.146875 0.5341663333333333 0.043750000000000004 0.158333
0 0.28250000000000003 0.5408333333333334 0.085 0.30166699999999996
0 0.37125 0.48583333333333334 0.025 0.09833299999999999
0 0.3725 0.4633333333333334 0.03 0.12333300000000004
0 0.409375 0.46416633333333335 0.03375 0.13833300000000004
0 0.438125 0.4683333333333334 0.03375 0.13333300000000003
0 0.63375 0.5483333333333333 0.0975 0.35000000000000003
0 0.635 0.4975003333333334 0.0625 0.28833299999999995
0 0.703125 0.5133333333333334 0.06625 0.286667
0 0.738125 0.43583333333333335 0.02125 0.09166699999999997
0 0.7725 0.42583333333333334 0.0225 0.10166699999999997
0 0.8150000000000001 0.43083333333333335 0.0275 0.11833300000000005
0 0.969375 0.4808333333333334 0.04875 0.3083330000000001
0 0.775625 0.44333333333333336 0.01875 0.07
