0 0.36125 0.45666633333333345 0.22 0.8733330000000001
0 0.443125 0.33000033333333334 0.10625 0.48000000000000004
0 0.038125 0.25333333333333335 0.07625 0.333333
0 0.105625 0.21000033333333332 0.04125 0.166667
0 0.17125 0.28666633333333336 0.065 0.243333
0 0.18875 0.2500003333333333 0.055 0.223333
0 0.240625 0.21250033333333335 0.03125 0.13833300000000004
0 0.27375000000000005 0.19833333333333333 0.025 0.11
0 0.31 0.2058333333333333 0.029999999999999964 0.12166699999999997
0 0.540625 0.2758333333333334 0.04125 0.23500000000000001
0 0.5856250000000001 0.28583333333333333 0.08125 0.3216669999999999
0 0.619375 0.2783333333333334 0.05375 0.28000000000000014
0 0.89375 0.36333333333333334 0.1675 0.596667
0 0.49312500000000004 0.29166633333333336 0.06375 0.3066670000000001
