0 0.5387500000000001 0.36583333333333334 0.11 0.391667
0 0.1 0.4341663333333334 0.1675 0.5950000000000001
0 0.23 0.33166633333333334 0.055 0.22333299999999995
0 0.28 0.31083333333333335 0.05 0.201667
0 0.313125 0.3050003333333334 0.04125 0.18000000000000002
0 0.38125000000000003 0.29166633333333336 0.0325 0.136667
0 0.4175 0.2833333333333333 0.0225 0.103333
0 0.440625 0.27083333333333337 0.02125 0.09833299999999999
0 0.47000000000000003 0.2808333333333333 0.025 0.10500000000000001
0 0.4975 0.28000033333333335 0.0275 0.11333300000000004
0 0.610625 0.29250033333333336 0.03375 0.14500000000000002
0 0.655 0.34000033333333335 0.065 0.23333299999999996
0 0.870625 0.5433333333333333 0.22375 0.8933330000000002
0 0.185 0.27000033333333334 0.0275 0.1
0 0.199375 0.2783333333333334 0.02625 0.1
0 0.16125 0.26833333333333337 0.025 0.1
