0 0.76875 0.5183333333333333 0.115 0.41333300000000006
0 0.444375 0.46666633333333335 0.07875 0.33
0 0.885 0.4575003333333334 0.06 0.21500000000000002
0 0.144375 0.45416633333333334 0.07125000000000001 0.28833299999999995
0 0.35625 0.41583333333333333 0.0375 0.165
0 0.496875 0.4325003333333334 0.04875 0.17500000000000002
0 0.536875 0.4350003333333334 0.07625 0.27333299999999994
0 0.81 0.41666633333333336 0.0575 0.206667
0 0.915625 0.41416633333333336 0.03625 0.16166700000000006
0 0.755 0.45333333333333337 0.065 0.2566669999999999
0 0.941875 0.41416633333333336 0.03375 0.14833299999999996
0 0.9762500000000001 0.41750033333333336 0.035 0.14500000000000002
