0 0.88375 0.5216663333333335 0.115 0.46666699999999994
0 0.540625 0.40416633333333335 0.07375 0.29500000000000004
0 0.3175 0.35000033333333336 0.04250000000000004 0.15333299999999994
0 0.235625 0.31833333333333336 0.02375 0.11
0 0.37875000000000003 0.3383333333333334 0.0225 0.103333
0 0.390625 0.33333333333333337 0.02125 0.09666700000000002
0 0.42812500000000003 0.33166633333333334 0.02375 0.11
0 0.46375 0.35916633333333337 0.0325 0.12166700000000003
0 0.491875 0.35916633333333337 0.03875 0.168333
0 0.593125 0.35750033333333336 0.02875 0.12166699999999997
0 0.56125 0.4058333333333334 0.0525 0.21500000000000005
0 0.6225 0.3716663333333334 0.0225 0.103333
0 0.6475 0.35250033333333336 0.02 0.08166700000000002
0 0.69625 0.45416633333333334 0.0675 0.29166700000000007
0 0.711875 0.43083333333333335 0.06125 0.26833300000000004
0 0.78125 0.45083333333333336 0.065 0.315
0 0.85375 0.4475003333333333 0.0725 0.308333
0 0.9475 0.44083333333333335 0.07 0.31166699999999997
