0 0.285625 0.35500033333333336 0.12125 0.45
0 0.82125 0.32083333333333336 0.0825 0.29500000000000004
0 0.039375 0.23750033333333337 0.05625 0.23166700000000004
0 0.07375 0.24666633333333335 0.0625 0.24666700000000003
0 0.1225 0.23166633333333334 0.0675 0.24666700000000003
0 0.174375 0.23833333333333334 0.05375 0.22
0 0.3725 0.23750033333333337 0.05 0.178333
0 0.42375 0.24583333333333335 0.0375 0.165
0 0.47375 0.26333333333333336 0.06 0.23666700000000002
0 0.5175000000000001 0.33166633333333334 0.105 0.4333329999999999
0 0.5975 0.25750033333333333 0.04 0.17500000000000002
0 0.62875 0.24416633333333335 0.0325 0.131667
0 0.645 0.26250033333333334 0.03 0.148333
0 0.665625 0.26750033333333334 0.04625 0.178333
0 0.68625 0.24916633333333335 0.03 0.11166700000000002
0 0.708125 0.26083333333333336 0.03625 0.131667
0 0.753125 0.27666633333333335 0.03875 0.15666700000000003
0 0.90125 0.30833333333333335 0.0475 0.24000000000000002
0 0.864375 0.33083333333333337 0.06875 0.24833300000000005
0 0.931875 0.32916633333333334 0.09625 0.335
0 0.9725 0.32416633333333333 0.0425 0.305
