0 0.416875 0.5083333333333334 0.13875 0.596667
0 0.573125 0.5358333333333334 0.15875 0.645
0 0.024375 0.31583333333333335 0.02875 0.10500000000000001
0 0.0825 0.38750033333333334 0.0725 0.258333
0 0.11 0.3150003333333333 0.0225 0.09000000000000001
0 0.16125 0.33166633333333334 0.0325 0.11666700000000002
0 0.22375 0.5258333333333334 0.1775 0.631667
0 0.288125 0.38166633333333333 0.06625 0.253333
0 0.34375 0.35583333333333333 0.0425 0.171667
0 0.50875 0.40250033333333335 0.065 0.23500000000000001
0 0.68375 0.35750033333333336 0.035 0.125
0 0.89375 0.44916633333333345 0.07 0.25166700000000003
0 0.941875 0.46750033333333335 0.10375000000000001 0.4016670000000001
0 0.47000000000000003 0.3408333333333334 0.025 0.108333
