0 0.275 0.4391663333333333 0.185 0.731667
0 0.660625 0.38666633333333333 0.11375 0.41666700000000007
0 0.5381250000000001 0.36333333333333334 0.10625 0.41000000000000003
0 0.750625 0.3141663333333333 0.07125000000000001 0.27833299999999994
0 0.45437500000000003 0.32083333333333336 0.06125 0.24833300000000005
0 0.48875 0.31583333333333335 0.0675 0.281667
0 0.823125 0.3433333333333333 0.09375 0.33666700000000005
0 0.8725 0.3166663333333333 0.0525 0.21666700000000003
0 0.786875 0.27416633333333335 0.03375 0.131667
0 0.930625 0.26000033333333333 0.02625 0.09666700000000002
0 0.953125 0.27166633333333334 0.02375 0.08666700000000002
