0 0.5018750000000001 0.40916633333333335 0.09125 0.325
0 0.28125 0.36833333333333335 0.09000000000000004 0.32
0 0.354375 0.38833333333333336 0.07375 0.28333300000000006
0 0.035625000000000004 0.2783333333333334 0.03125 0.14666700000000002
0 0.096875 0.31833333333333336 0.051250000000000004 0.20333300000000004
0 0.16875 0.28500033333333336 0.0325 0.11666700000000002
0 0.1925 0.28500033333333336 0.03 0.10666699999999997
0 0.241875 0.29250033333333336 0.03125 0.11166700000000002
0 0.401875 0.32750033333333334 0.03375 0.14166699999999996
0 0.59875 0.35166633333333336 0.0375 0.136667
0 0.9525 0.4416663333333333 0.0625 0.23
0 0.91625 0.3900003333333334 0.0325 0.13
