0 0.12875 0.36083333333333334 0.055 0.195
0 0.174375 0.32000033333333333 0.02625 0.09666700000000002
0 0.203125 0.33000033333333334 0.03125 0.11333300000000004
0 0.25499999999999995 0.32250033333333333 0.03 0.108333
0 0.30875 0.32666633333333334 0.025 0.103333
0 0.339375 0.31833333333333336 0.02125 0.09666700000000002
0 0.3625 0.41750033333333336 0.0775 0.27833299999999994
0 0.380625 0.34666633333333335 0.03875 0.16333300000000003
0 0.424375 0.36250033333333337 0.03625 0.14166699999999996
0 0.505625 0.38833333333333336 0.07875 0.28333300000000006
0 0.58625 0.44083333333333335 0.0925 0.32833300000000004
0 0.675 0.4300003333333334 0.07 0.35000000000000003
0 0.7518750000000001 0.42083333333333334 0.07875 0.341667
0 0.8250000000000001 0.5091663333333334 0.1225 0.535
0 0.858125 0.4008333333333334 0.07625 0.33499999999999996
0 0.93375 0.48166633333333336 0.12 0.5266670000000001
0 0.715 0.32583333333333336 0.025 0.09166700000000001
0 0.541875 0.32416633333333333 0.01875 0.06833299999999999
0 0.013125 0.3100003333333334 0.02625 0.136667
0 0.04125 0.32166633333333333 0.025 0.11
0 0.05 0.31583333333333335 0.0225 0.09833299999999999
0 0.455625 0.32250033333333333 0.01625 0.06833299999999999
