0 0.688125 0.4783333333333334 0.13625 0.48666699999999996
0 0.4875 0.49166633333333337 0.11 0.393333
0 0.836875 0.42083333333333334 0.06375 0.271667
0 0.026875 0.39750033333333334 0.051250000000000004 0.21833299999999994
0 0.13625 0.44583333333333336 0.07249999999999998 0.2616669999999999
0 0.32375 0.39500033333333334 0.0425 0.15333299999999994
0 0.5543750000000001 0.41583333333333333 0.05375 0.19166699999999998
0 0.794375 0.3741663333333333 0.03125 0.11166700000000007
0 0.81375 0.3750003333333333 0.03 0.11333299999999999
0 0.9 0.40750033333333335 0.045 0.18500000000000003
