0 0.5225003333333335 0.335625 0.118333 0.23875000000000002
0 0.4366663333333333 0.355 0.07666699999999997 0.1825
0 0.5783333333333334 0.279375 0.03333299999999999 0.07625
0 0.6008333333333333 0.28687500000000005 0.02833299999999999 0.06125
0 0.6458333333333334 0.28875 0.031667000000000015 0.07750000000000004
0 0.6791663333333333 0.29 0.035 0.0775
0 0.08000033333333333 0.1475 0.023333000000000003 0.05
0 0.7041663333333334 0.281875 0.025 0.07125000000000001
0 0.7683333333333334 0.31 0.05333299999999999 0.12499999999999997
0 0.7883333333333333 0.301875 0.07 0.17125000000000004
0 0.8225003333333335 0.319375 0.061667000000000013 0.15125
