0 0.30083333333333334 0.33875 0.10166700000000002 0.20500000000000002
0 0.7150003333333333 0.293125 0.04 0.11125
0 0.6866663333333334 0.29 0.04 0.1
0 0.6200003333333333 0.289375 0.03333299999999999 0.09124999999999997
0 0.5933333333333334 0.28875 0.030000000000000002 0.09000000000000004
0 0.5558333333333334 0.28875 0.025 0.08500000000000003
0 0.4550003333333333 0.299375 0.03333299999999999 0.10125000000000003
0 0.42916633333333337 0.29812500000000003 0.04833300000000004 0.11875000000000001
0 0.027500333333333335 0.29125 0.045000000000000005 0.1075
0 0.07250033333333335 0.30312500000000003 0.031667 0.09125
0 0.13416633333333336 0.3025 0.055 0.12249999999999997
0 0.17750033333333334 0.288125 0.045000000000000005 0.11125
0 0.15916633333333333 0.3050000000000001 0.06166699999999999 0.13750000000000004
0 0.23583333333333334 0.31375000000000003 0.10166700000000002 0.2025
