0 0.46250033333333346 0.355625 0.26166700000000004 0.55375
0 0.018333333333333333 0.17375000000000002 0.036667 0.0925
0 0.044166333333333335 0.1675 0.038333000000000006 0.085
0 0.13000033333333336 0.180625 0.030000000000000002 0.06625
0 0.16916633333333336 0.176875 0.035 0.07625
0 0.3050003333333334 0.21125 0.056667000000000016 0.1325
0 0.3458333333333333 0.185 0.03833299999999999 0.0825
0 0.41250033333333336 0.1875 0.031666999999999966 0.0725
0 0.6133333333333334 0.22875 0.07 0.14250000000000002
0 0.6516663333333335 0.229375 0.08 0.16125
0 0.7566663333333333 0.29625 0.18666700000000003 0.3725
0 0.24916633333333335 0.17250000000000001 0.01833299999999999 0.04
0 0.27666633333333335 0.181875 0.03333299999999999 0.07625
