0 0.6750003333333333 0.21875 0.21666700000000003 0.435
0 0.030000333333333334 0.099375 0.05666699999999999 0.17375000000000002
0 0.13500033333333336 0.12 0.056667000000000016 0.1325
0 0.17333333333333334 0.088125 0.04 0.09875
0 0.20666633333333334 0.1 0.060000000000000005 0.1475
0 0.26000033333333333 0.10625 0.05 0.14
0 0.31333333333333335 0.1075 0.056667000000000016 0.15
0 0.34500033333333335 0.094375 0.030000000000000002 0.06625
0 0.4058333333333333 0.124375 0.061667000000000013 0.15625000000000003
0 0.4325003333333334 0.125625 0.05833300000000004 0.13875000000000004
0 0.5233333333333333 0.128125 0.06666700000000002 0.15375000000000003
0 0.5525003333333335 0.14875 0.10166700000000002 0.29
