0 0.44583333333333336 0.42562500000000003 0.12833300000000006 0.28875
0 0.10500033333333332 0.42312500000000003 0.18666700000000003 0.41875
0 0.21583333333333335 0.364375 0.058332999999999996 0.13875
0 0.17750033333333332 0.37375 0.071667 0.17250000000000001
0 0.29916633333333337 0.404375 0.115 0.28875
0 0.35500033333333336 0.424375 0.103333 0.22625
0 0.4758333333333334 0.413125 0.10833300000000004 0.25125000000000003
0 0.8000003333333334 0.15812500000000002 0.1033329999999999 0.22125
0 0.8408333333333334 0.148125 0.07833300000000008 0.19125
0 0.8933333333333334 0.20875 0.10333300000000009 0.265
0 0.9608333333333334 0.231875 0.065 0.24375
