0 0.5158333333333334 0.33437500000000003 0.118333 0.25375000000000003
0 0.34416633333333335 0.33375 0.115 0.25
0 0.4350003333333334 0.259375 0.046666999999999965 0.09625
0 0.5800003333333335 0.319375 0.09666700000000002 0.23375
0 0.7458333333333333 0.368125 0.058332999999999996 0.12875
0 0.7108333333333334 0.25375000000000003 0.02833299999999999 0.0675
0 0.7550003333333333 0.25812500000000005 0.02333299999999999 0.06625
0 0.7725003333333335 0.24999999999999997 0.021667000000000013 0.05
0 0.9166663333333332 0.25562500000000005 0.026666999999999916 0.05375
0 0.8600003333333333 0.385625 0.02 0.04875
