0 0.57125 0.5383333333333333 0.11750000000000001 0.3766669999999999
0 0.358125 0.5758333333333334 0.09375 0.31166699999999997
0 0.019375 0.08000033333333335 0.03875 0.15666700000000003
0 0.07 0.26500033333333334 0.07500000000000001 0.233333
0 0.12437499999999999 0.24250033333333337 0.05375 0.195
0 0.17500000000000002 0.36333333333333334 0.07 0.2
0 0.18875 0.17833333333333334 0.0625 0.203333
0 0.294375 0.32416633333333333 0.05624999999999997 0.201667
0 0.3875 0.34750033333333336 0.0475 0.20166700000000007
0 0.36312500000000003 0.15333333333333335 0.04875 0.193333
0 0.418125 0.31833333333333336 0.04625 0.19
0 0.4375 0.26666633333333334 0.05 0.21000000000000002
0 0.44375000000000003 0.20833333333333334 0.04 0.173333
0 0.47125 0.20000033333333336 0.0425 0.18000000000000002
0 0.500625 0.24750033333333335 0.04875 0.19166700000000003
0 0.52625 0.18750033333333335 0.0375 0.17166700000000001
0 0.6012500000000001 0.26666633333333334 0.045 0.17666699999999996
0 0.620625 0.32833333333333337 0.05625000000000007 0.17666699999999996
0 0.638125 0.27500033333333335 0.03875 0.15666700000000003
0 0.656875 0.09416633333333332 0.051250000000000004 0.17500000000000002
0 0.68 0.08083333333333334 0.0425 0.16166700000000003
0 0.719375 0.10250033333333335 0.05625 0.19833300000000004
0 0.72875 0.37333333333333335 0.08 0.22
0 0.6475 0.5766663333333334 0.14 0.35000000000000003
0 0.895625 0.5125003333333333 0.19125 0.43500000000000005
0 0.82625 0.3091663333333334 0.08 0.188333
0 0.92625 0.30583333333333335 0.0625 0.16166700000000003
0 0.963125 0.31833333333333336 0.05625 0.15666700000000003
0 0.926875 0.21000033333333334 0.05375 0.15000000000000002
0 0.96375 0.18416633333333332 0.0575 0.168333
0 0.846875 0.08166633333333334 0.05625 0.146667
0 0.8668750000000001 0.11250033333333335 0.04625 0.14500000000000002
0 0.9025 0.08833333333333333 0.0525 0.15666700000000003
0 0.904375 0.11750033333333333 0.05375 0.16166700000000003
0 0.906875 0.13500033333333336 0.05375 0.153333
0 0.9425 0.06250033333333335 0.045 0.125
0 0.9762500000000001 0.11250033333333335 0.04 0.125
