0 0.5575003333333335 0.374375 0.12166700000000003 0.24375
0 0.7883333333333333 0.408125 0.14 0.29125
0 0.08083333333333334 0.335625 0.045000000000000005 0.09625
0 0.13500033333333336 0.315 0.04333299999999999 0.09750000000000003
0 0.27916633333333335 0.36 0.078333 0.17250000000000001
0 0.32750033333333334 0.384375 0.048332999999999994 0.09875
0 0.35833333333333334 0.361875 0.073333 0.16875
0 0.40166633333333335 0.405 0.06333300000000004 0.13
0 0.4425003333333334 0.336875 0.061666999999999965 0.12625
0 0.6675003333333333 0.32 0.041667000000000017 0.105
0 0.6908333333333334 0.321875 0.03833299999999999 0.10375000000000001
