0 0.451875 0.4658333333333334 0.16875 0.7116669999999999
0 0.865625 0.30000033333333337 0.12875 0.48000000000000004
0 0.046875 0.22416633333333333 0.05625 0.21500000000000002
0 0.49875 0.14666633333333334 0.0275 0.11666700000000002
0 0.53 0.15833333333333335 0.03 0.15000000000000002
0 0.5650000000000001 0.16750033333333336 0.0325 0.15166700000000002
0 0.67 0.3150003333333333 0.1 0.46666700000000005
0 0.681875 0.20583333333333334 0.05375 0.2516669999999999
0 0.745625 0.3408333333333334 0.11125 0.525
0 0.9475 0.25083333333333335 0.0925 0.36166699999999996
0 0.47875 0.15000033333333332 0.025 0.11333300000000004
0 0.816875 0.11583333333333334 0.01875 0.085
0 0.8325 0.11083333333333334 0.0225 0.09166700000000001
