0 0.61875 0.48000033333333336 0.105 0.383333
0 0.7375 0.6991663333333334 0.165 0.5683330000000001
0 0.8612500000000001 0.41750033333333336 0.065 0.21166699999999997
0 0.0925 0.48666633333333337 0.0825 0.29666700000000007
0 0.8 0.41500033333333336 0.0475 0.20333300000000004
0 0.905 0.38250033333333333 0.03 0.12166700000000003
0 0.9293750000000001 0.3725003333333334 0.03375 0.14166699999999996
0 0.70875 0.3800003333333333 0.0325 0.12999999999999995
0 0.6687500000000001 0.42500033333333337 0.045 0.19
0 0.6475 0.37750033333333327 0.03 0.13499999999999995
0 0.25749999999999995 0.36333333333333334 0.0225 0.08
0 0.19062500000000002 0.36333333333333334 0.03125 0.09666700000000002
0 0.278125 0.36583333333333334 0.01875 0.08166700000000002
0 0.03125 0.49083333333333334 0.0625 0.31833300000000003
