0 0.39125 0.5558333333333334 0.1525 0.6050000000000001
0 0.941875 0.6200003333333334 0.11125 0.46
0 0.52125 0.48000033333333336 0.0775 0.30000000000000004
0 0.761875 0.44416633333333333 0.06375 0.225
0 0.466875 0.48666633333333337 0.06875 0.32
0 0.911875 0.38833333333333336 0.04125 0.14666699999999996
0 0.63875 0.38583333333333336 0.0275 0.10500000000000001
0 0.30312500000000003 0.34833333333333333 0.02125 0.07666700000000001
0 0.279375 0.35166633333333336 0.01875 0.07666700000000001
0 0.25749999999999995 0.35250033333333336 0.0175 0.07166700000000002
0 0.2225 0.34500033333333335 0.02 0.073333
0 0.23625000000000002 0.34416633333333335 0.02 0.07166700000000002
0 0.359375 0.34750033333333336 0.02375 0.078333
0 0.1225 0.34750033333333336 0.02 0.07500000000000001
0 0.13875 0.35916633333333337 0.02 0.08166700000000002
0 0.82375 0.36416633333333337 0.0275 0.09833299999999999
