0 0.6675 0.41833333333333333 0.0725 0.27333300000000005
0 0.521875 0.44083333333333335 0.08125 0.291667
0 0.02875 0.3458333333333333 0.0225 0.09166700000000001
0 0.045 0.34666633333333335 0.0225 0.08666700000000002
0 0.368125 0.35250033333333336 0.02875 0.118333
0 0.39687500000000003 0.35833333333333334 0.02625 0.10666699999999997
0 0.42812500000000003 0.49333333333333335 0.09375 0.3766669999999999
0 0.443125 0.42666633333333337 0.06125 0.27
0 0.48875 0.39750033333333334 0.04 0.17500000000000002
0 0.5825 0.5200003333333335 0.08750000000000001 0.34000000000000014
0 0.7418750000000001 0.6408333333333334 0.10875 0.5783330000000001
0 0.62875 0.3766663333333333 0.0325 0.14333299999999996
