0 0.49312500000000004 0.45583333333333337 0.13375 0.4783330000000001
0 0.675625 0.36833333333333335 0.07875 0.28
0 0.5962500000000001 0.35583333333333333 0.0775 0.31166699999999997
0 0.526875 0.33000033333333334 0.06375 0.24333299999999997
0 0.884375 0.3358333333333334 0.07625 0.271667
0 0.811875 0.24250033333333337 0.01875 0.07500000000000001
0 0.7825 0.22750033333333336 0.02 0.07166700000000002
0 0.7312500000000001 0.23833333333333334 0.0175 0.07
0 0.7575000000000001 0.23916633333333334 0.015 0.061667000000000013
0 0.80875 0.3725003333333334 0.0275 0.09833299999999999
