0 0.6775 0.33750033333333335 0.0725 0.24166700000000008
0 0.60375 0.34916633333333336 0.07 0.265
0 0.078125 0.48750033333333337 0.15375 0.6716670000000001
0 0.12375 0.26500033333333334 0.0375 0.14
0 0.2425 0.27750033333333335 0.04 0.14500000000000002
0 0.39187500000000003 0.26666633333333334 0.02625 0.11
0 0.450625 0.29083333333333333 0.04125 0.15833300000000006
0 0.51 0.27000033333333334 0.03 0.11
0 0.558125 0.26000033333333333 0.03375 0.11666700000000002
0 0.735 0.31833333333333336 0.05 0.18000000000000002
0 0.793125 0.3116663333333333 0.05625 0.20333300000000004
0 0.84375 0.28583333333333333 0.0375 0.135
0 0.888125 0.2833333333333333 0.03375 0.123333
0 0.918125 0.28916633333333336 0.03625 0.131667
0 0.933125 0.6191663333333335 0.12625 0.7450000000000001
