0 0.4825 0.49000033333333337 0.145 0.573333
0 0.570625 0.49333333333333335 0.10875 0.40333300000000005
0 0.926875 0.33416633333333334 0.08375 0.275
0 0.07625 0.18583333333333335 0.0225 0.085
0 0.058125 0.18083333333333335 0.01875 0.07500000000000001
0 0.033125 0.16916633333333334 0.013749999999999997 0.05166699999999999
0 0.13875 0.20666633333333334 0.0275 0.11
0 0.11375 0.24916633333333335 0.05 0.19833300000000004
0 0.29187500000000005 0.19250033333333336 0.01625 0.07166700000000002
0 0.31125 0.19000033333333335 0.0175 0.073333
0 0.3425 0.19333333333333336 0.02 0.06333299999999999
0 0.393125 0.19750033333333336 0.01625 0.058332999999999996
0 0.5925 0.42000033333333336 0.1225 0.43666700000000014
0 0.5525 0.21750033333333335 0.0225 0.09833299999999999
0 0.6118750000000001 0.21166633333333335 0.01875 0.08
0 0.625625 0.21333333333333335 0.01625 0.073333
0 0.874375 0.25916633333333333 0.03125 0.125
0 0.86375 0.24833333333333335 0.025 0.11
0 0.636875 0.4633333333333334 0.02624999999999993 0.09666699999999998
0 0.67875 0.4800003333333335 0.025 0.103333
