0 0.4575 0.3016663333333334 0.0575 0.26000000000000006
0 0.5750000000000001 0.29500033333333336 0.0675 0.27
0 0.845 0.3825003333333333 0.1075 0.48500000000000004
0 0.92125 0.37833333333333335 0.1 0.43000000000000005
0 0.7056250000000001 0.22750033333333336 0.02375 0.10500000000000001
0 0.64875 0.22583333333333336 0.025 0.11166700000000002
0 0.624375 0.22750033333333336 0.02375 0.11166700000000002
0 0.525 0.21500033333333335 0.0275 0.11666700000000002
0 0.54 0.24083333333333334 0.02 0.08166700000000002
0 0.010625 0.18250033333333335 0.02125 0.09500000000000003
0 0.031875 0.18666633333333332 0.02375 0.093333
0 0.075625 0.18250033333333332 0.01875 0.08833299999999997
0 0.098125 0.19166633333333333 0.02625 0.10999999999999999
0 0.11625 0.18166633333333335 0.0225 0.09666700000000002
0 0.135625 0.18916633333333333 0.02125 0.10499999999999998
0 0.155 0.18750033333333335 0.02 0.09166700000000001
0 0.171875 0.18750033333333335 0.02125 0.09166700000000001
0 0.185625 0.18666633333333332 0.02625 0.09000000000000001
0 0.228125 0.18750033333333335 0.01875 0.085
0 0.25125000000000003 0.18583333333333335 0.02 0.078333
0 0.36562500000000003 0.21250033333333335 0.01875 0.07500000000000001
0 0.355 0.19416633333333333 0.0175 0.07499999999999998
0 0.25812500000000005 0.49166633333333326 0.03125 0.11666700000000002
0 0.25499999999999995 0.3983333333333334 0.0275 0.11
0 0.2775 0.19333333333333336 0.015 0.056667000000000016
