0 0.215625 0.38416633333333333 0.16875 0.6616670000000001
0 0.415625 0.4525003333333333 0.08375 0.298333
0 0.469375 0.31916633333333333 0.11375 0.43500000000000005
0 0.335 0.47666633333333336 0.09 0.32
0 0.06125 0.28250033333333335 0.07 0.28500000000000003
0 0.14125000000000001 0.33916633333333335 0.04250000000000002 0.17500000000000002
0 0.0225 0.29666633333333337 0.045 0.173333
0 0.950625 0.18333333333333335 0.043750000000000004 0.183333
0 0.9812500000000001 0.14333333333333334 0.0275 0.143333
0 0.8931250000000001 0.1366663333333334 0.02375 0.09333300000000001
0 0.5487500000000001 0.16000033333333336 0.0225 0.1
0 0.571875 0.16000033333333336 0.02625 0.09666700000000002
0 0.6725 0.14833333333333334 0.02 0.08
0 0.6175 0.41000033333333336 0.02 0.08333300000000005
0 0.5375 0.4241663333333334 0.02 0.088333
0 0.551875 0.42333333333333334 0.01875 0.08666699999999997
0 0.5693750000000001 0.4216663333333334 0.02375 0.09000000000000005
0 0.793125 0.18000033333333332 0.02375 0.086667
0 0.821875 0.12666633333333338 0.01875 0.07000000000000003
0 0.92625 0.12916633333333336 0.0225 0.088333
