0 0.3983333333333334 0.274375 0.14 0.31125
0 0.08083333333333334 0.244375 0.08166700000000002 0.17875
0 0.13166633333333339 0.2475 0.08333300000000002 0.1975
0 0.23416633333333334 0.214375 0.045000000000000005 0.11125
0 0.4600003333333334 0.274375 0.10333299999999995 0.25625
0 0.5016663333333334 0.248125 0.07666700000000001 0.18375
0 0.6241663333333335 0.265625 0.108333 0.27875000000000005
0 0.7133333333333334 0.26937500000000003 0.10666700000000001 0.28375
0 0.7641663333333333 0.20125 0.06833299999999999 0.14250000000000002
0 0.8200003333333334 0.215625 0.056667000000000016 0.14125000000000001
