0 0.35166633333333336 0.35875 0.15000000000000002 0.3025
0 0.030000333333333334 0.285625 0.04 0.08625000000000001
0 0.10083333333333333 0.29812500000000003 0.05833300000000002 0.12125
0 0.13666633333333333 0.28 0.02666699999999999 0.0625
0 0.16416633333333336 0.283125 0.041667000000000017 0.08375
0 0.21500033333333335 0.299375 0.05333299999999999 0.10875000000000004
0 0.26333333333333336 0.289375 0.04 0.08124999999999996
0 0.39416633333333334 0.3225 0.065 0.15
0 0.5000003333333333 0.35375 0.093333 0.2175
0 0.7350003333333333 0.36125 0.093333 0.2225
0 0.8925003333333337 0.374375 0.16166700000000012 0.38625
