0 0.38833333333333336 0.2775 0.12333300000000004 0.2475
0 0.5083333333333334 0.2775 0.10666700000000001 0.225
0 0.09416633333333334 0.290625 0.151667 0.33375
0 0.19166633333333333 0.265625 0.08999999999999998 0.21625000000000005
0 0.24916633333333335 0.240625 0.07166700000000002 0.15875
0 0.28250033333333335 0.26125 0.06833299999999999 0.1775
0 0.32833333333333337 0.2675 0.09000000000000001 0.1975
0 0.4400003333333334 0.251875 0.09000000000000001 0.21625
0 0.5425003333333333 0.240625 0.061667000000000013 0.14875
0 0.5958333333333333 0.240625 0.061667000000000013 0.14375000000000002
