0 0.6191663333333333 0.311875 0.138333 0.29625
0 0.14916633333333335 0.286875 0.125 0.28124999999999994
0 0.22583333333333336 0.290625 0.11166700000000002 0.24625
0 0.24750033333333335 0.265625 0.135 0.29875
0 0.12166633333333333 0.403125 0.243333 0.80375
0 0.38000033333333333 0.276875 0.09666700000000002 0.23375
0 0.41500033333333336 0.28687500000000005 0.10333299999999995 0.2537499999999999
0 0.46166633333333335 0.2975 0.12333299999999994 0.32
0 0.5533333333333336 0.27875 0.08666700000000002 0.19499999999999998
0 0.6783333333333336 0.28875 0.103333 0.25750000000000006
0 0.7858333333333334 0.33375 0.155 0.3975
0 0.9066663333333332 0.33 0.15000000000000002 0.365
