0 0.4500003333333334 0.429375 0.23 0.68875
0 0.6966663333333335 0.45625 0.31666700000000003 0.67
0 0.09250033333333335 0.3125 0.115 0.28500000000000003
0 0.1691663333333334 0.3125 0.10833300000000003 0.26250000000000007
0 0.18166633333333335 0.281875 0.13333300000000003 0.29375
0 0.3125003333333333 0.293125 0.09166700000000001 0.23625000000000002
0 0.35500033333333336 0.30062500000000003 0.1 0.25375000000000003
0 0.7716663333333335 0.38625 0.17666699999999994 0.455
0 0.8566663333333334 0.341875 0.1233330000000001 0.33125
0 0.9450003333333336 0.270625 0.09666699999999992 0.22625000000000003
