0 0.49166633333333337 0.45437500000000003 0.15333299999999994 0.30875
0 0.5825003333333333 0.483125 0.158333 0.31625000000000003
0 0.5833333333333334 0.15937500000000002 0.01666700000000001 0.03625
0 0.5358333333333334 0.160625 0.01833299999999999 0.03375
0 0.5083333333333334 0.1625 0.01 0.0325
0 0.4925003333333334 0.16 0.015000000000000001 0.0325
0 0.14500033333333334 0.18375 0.01666700000000001 0.03
0 0.18750033333333335 0.17375000000000002 0.01833299999999999 0.0475
0 0.23750033333333337 0.19187500000000002 0.025 0.04125
0 0.2783333333333334 0.17250000000000001 0.013332999999999989 0.045
