0 0.2808333333333333 0.37 0.158333 0.3175
0 0.39333333333333337 0.321875 0.07333300000000004 0.21375
0 0.46250033333333335 0.32875 0.085 0.2175
0 0.5083333333333334 0.3375 0.073333 0.1775
0 0.5400003333333333 0.32 0.06333299999999999 0.1775
0 0.6125003333333333 0.305625 0.048332999999999994 0.11625
0 0.6700003333333335 0.324375 0.07666700000000001 0.19125
0 0.7491663333333334 0.3075 0.055 0.14499999999999996
0 0.7941663333333333 0.325625 0.06833299999999999 0.13625
0 0.8641663333333333 0.308125 0.035 0.09125
0 0.9383333333333334 0.31375000000000003 0.05333300000000009 0.12
0 0.4600003333333334 0.045625 0.030000000000000002 0.06125
0 0.8158333333333334 0.09625 0.025 0.0525
0 0.6558333333333334 0.100625 0.021667000000000013 0.043750000000000004
