0 0.4425003333333334 0.40625 0.18500000000000003 0.3725
0 0.08333333333333334 0.32937500000000003 0.143333 0.32625
0 0.14083333333333334 0.291875 0.05833300000000002 0.13374999999999998
0 0.26166633333333333 0.344375 0.15666700000000003 0.32625
0 0.34666633333333335 0.273125 0.04333299999999999 0.09875000000000003
0 0.38833333333333336 0.275625 0.04333299999999999 0.08875
0 0.5950003333333332 0.37 0.143333 0.365
0 0.7091663333333335 0.356875 0.09166700000000001 0.28875
0 0.8450003333333334 0.405 0.21666699999999994 0.485
0 0.5200003333333335 0.316875 0.07666700000000001 0.19875
