0 0.5675003333333335 0.378125 0.18166700000000002 0.36375
0 0.2525003333333333 0.3825 0.09833299999999999 0.2175
0 0.9300003333333335 0.325625 0.1 0.20125
0 0.8983333333333334 0.294375 0.05 0.11124999999999996
0 0.8325003333333335 0.33187500000000003 0.08166700000000002 0.20875
0 0.7916663333333332 0.320625 0.08333299999999999 0.19875
0 0.7225003333333334 0.3075 0.065 0.16999999999999996
0 0.6633333333333333 0.3 0.056667000000000016 0.135
0 0.46166633333333335 0.30625 0.09333300000000004 0.23500000000000001
0 0.34166633333333335 0.335 0.10666699999999997 0.2625
