0 0.3925003333333334 0.379375 0.14833299999999996 0.34375
0 0.4941663333333334 0.35000000000000003 0.125 0.25
0 0.24000033333333337 0.339375 0.11 0.25125000000000003
0 0.16750033333333336 0.286875 0.061667000000000013 0.14374999999999996
0 0.5391663333333333 0.310625 0.07500000000000001 0.16875
0 0.5800003333333333 0.293125 0.05333299999999999 0.11625
0 0.6066663333333333 0.306875 0.05333299999999999 0.11375
0 0.6550003333333333 0.29437500000000005 0.06333299999999999 0.13875000000000004
0 0.7275003333333333 0.34 0.09833299999999999 0.23500000000000001
0 0.7891663333333334 0.305 0.055 0.12249999999999997
