0 0.45083333333333336 0.384375 0.11166699999999997 0.26125
0 0.19750033333333336 0.354375 0.088333 0.17875
0 0.27083333333333337 0.32937500000000003 0.065 0.13375
0 0.37583333333333335 0.361875 0.088333 0.19875
0 0.5025003333333334 0.35625 0.08166700000000002 0.185
0 0.8333333333333334 0.40125 0.12666699999999992 0.255
0 0.8833333333333334 0.36625 0.08333300000000009 0.1775
0 0.9433333333333334 0.3725 0.07333300000000009 0.16
0 0.25750033333333333 0.268125 0.058332999999999996 0.11875000000000004
0 0.3166663333333333 0.289375 0.046667000000000014 0.09624999999999996
