0 0.44916633333333333 0.330625 0.22833299999999995 0.45875
0 0.09083333333333334 0.20500000000000002 0.06833299999999999 0.1375
0 0.9233333333333333 0.29375 0.12666699999999992 0.35000000000000003
0 0.8958333333333334 0.240625 0.04166699999999992 0.08875
0 0.8600003333333333 0.2275 0.04666699999999992 0.10250000000000001
0 0.8058333333333334 0.24625 0.08166700000000002 0.165
0 0.7700003333333333 0.21625 0.04333299999999999 0.09
0 0.6641663333333334 0.2725 0.07500000000000001 0.17
0 0.6158333333333336 0.239375 0.061667000000000013 0.14625
0 0.5141663333333333 0.218125 0.058332999999999996 0.14875
0 0.8650003333333333 0.378125 0.07666699999999992 0.14875
0 0.5700003333333333 0.2275 0.05 0.125
