0 0.5925003333333335 0.328125 0.148333 0.29875
0 0.23166633333333334 0.335 0.16 0.325
0 0.43583333333333335 0.3375 0.13166699999999998 0.265
0 0.6308333333333331 0.27187500000000003 0.06833299999999999 0.15875
0 0.7150003333333335 0.28750000000000003 0.06666700000000002 0.17
0 0.7775003333333333 0.309375 0.07500000000000001 0.22875
0 0.8208333333333334 0.28125 0.06833300000000009 0.16750000000000004
0 0.8616663333333334 0.28 0.04666699999999992 0.1075
0 0.8983333333333334 0.293125 0.060000000000000005 0.14375000000000002
0 0.9325003333333333 0.346875 0.1083330000000001 0.26125
