0 0.47000033333333335 0.444375 0.10666699999999997 0.22875
0 0.8566663333333334 0.4175 0.08 0.1875
0 0.7908333333333334 0.433125 0.09833299999999999 0.21375
0 0.7433333333333334 0.434375 0.073333 0.16625
0 0.44250033333333344 0.375 0.031667000000000015 0.065
0 0.31083333333333335 0.37125 0.035 0.075
0 0.24416633333333335 0.37125 0.035 0.07
0 0.18750033333333335 0.3725 0.031667000000000015 0.065
0 0.03916633333333334 0.37125 0.035 0.07
0 0.09833333333333334 0.42125 0.09000000000000001 0.1825
0 0.2500003333333333 0.455 0.05 0.10250000000000001
0 0.30000033333333337 0.464375 0.046667000000000014 0.10125
