0 0.7491663333333333 0.288125 0.158333 0.31625000000000003
0 0.4366663333333333 0.27875000000000005 0.13333300000000003 0.2899999999999999
0 0.7900003333333333 0.2775 0.11333299999999999 0.2525
0 0.6491663333333335 0.265 0.09166700000000001 0.2225
0 0.5450003333333334 0.231875 0.056667000000000016 0.14125000000000001
0 0.48583333333333334 0.226875 0.058332999999999996 0.14125000000000001
0 0.32083333333333336 0.24625 0.09833299999999999 0.2275
0 0.25583333333333336 0.235625 0.065 0.18625
0 0.20500033333333337 0.23375 0.07000000000000003 0.1775
0 0.15833333333333335 0.2425 0.08333299999999999 0.1975
0 0.10916633333333332 0.225625 0.08166699999999999 0.19625
0 0.08000033333333334 0.210625 0.06333300000000001 0.14125000000000001
0 0.03750033333333334 0.23625000000000002 0.07500000000000001 0.23500000000000001
