0 0.5241663333333334 0.44125000000000003 0.125 0.25
0 0.5691663333333334 0.094375 0.041667000000000017 0.10625
0 0.6650003333333334 0.17375000000000002 0.07 0.15
0 0.7241663333333334 0.1925 0.07500000000000001 0.16
0 0.7116663333333335 0.10625 0.046667000000000014 0.1125
0 0.7691663333333334 0.14875 0.045000000000000005 0.135
0 0.7691663333333334 0.105625 0.045000000000000005 0.11375
0 0.8050003333333333 0.108125 0.04333299999999999 0.11125
0 0.8241663333333334 0.11750000000000001 0.055 0.125
0 0.8591663333333333 0.401875 0.07166699999999993 0.15625
0 0.9291663333333334 0.38875 0.115 0.2525
0 0.9600003333333335 0.44375000000000003 0.06666699999999992 0.2025
