0 0.6333333333333334 0.536875 0.20666700000000002 0.41625
0 0.12000033333333333 0.35625 0.10666699999999997 0.225
0 0.31333333333333335 0.370625 0.08 0.21125
0 0.40750033333333335 0.3625 0.09166699999999997 0.225
0 0.48333333333333334 0.38625 0.08666700000000002 0.2175
0 0.5741663333333334 0.38625 0.11166700000000002 0.22
0 0.6800003333333333 0.296875 0.03333299999999999 0.09625000000000004
0 0.7066663333333334 0.30125 0.04 0.0925
0 0.7408333333333333 0.296875 0.02833299999999999 0.07375000000000004
0 0.7966663333333333 0.2975 0.04333299999999999 0.08750000000000001
0 0.6733333333333333 0.386875 0.06333299999999999 0.20625000000000002
0 0.7775003333333335 0.38625 0.09166700000000001 0.2275
0 0.8933333333333334 0.37 0.06666699999999992 0.135
0 0.9225003333333333 0.3975 0.10166699999999992 0.2325
0 0.8816663333333334 0.6743750000000001 0.23 0.60375
0 0.8683333333333334 0.29875 0.04333300000000009 0.095
0 0.9008333333333334 0.310625 0.045000000000000005 0.10375000000000001
0 0.9733333333333334 0.3225 0.04 0.11750000000000001
