0 0.308125 0.5600003333333334 0.07625 0.27
0 0.2225 0.5841663333333335 0.08750000000000001 0.311667
0 0.165 0.8325003333333333 0.075 0.298333
0 0.47000000000000003 0.6716663333333334 0.09 0.32
0 0.7325 0.7525003333333334 0.0925 0.32833299999999993
0 0.849375 0.6208333333333333 0.07875 0.2849999999999999
0 0.848125 0.5325003333333332 0.07625 0.271667
0 0.695625 0.6400003333333335 0.07125000000000001 0.25666700000000003
0 0.210625 0.6908333333333334 0.07625 0.27166700000000005
0 0.155 0.7683333333333334 0.07 0.30000000000000004
0 0.380625 0.43083333333333335 0.06375 0.22833300000000006
0 0.615 0.3741663333333333 0.065 0.23166700000000007
0 0.8618750000000001 0.27416633333333335 0.07125000000000001 0.255
0 0.89875 0.23583333333333334 0.0625 0.225
0 0.63125 0.33083333333333337 0.06250000000000007 0.22166699999999998
0 0.484375 0.6341663333333333 0.08625000000000001 0.308333
0 0.024375 0.13666633333333336 0.03875 0.14000000000000007
0 0.0775 0.08500033333333334 0.0475 0.17000000000000004
0 0.5331250000000001 0.14916633333333335 0.06875 0.24500000000000002
0 0.59375 0.11250033333333335 0.0625 0.225
