0 0.25375000000000003 0.5041663333333334 0.0925 0.328333
0 0.336875 0.48750033333333326 0.10375000000000001 0.368333
0 0.034999999999999996 0.38750033333333334 0.07 0.348333
0 0.641875 0.20750033333333331 0.07625 0.33166700000000005
0 0.669375 0.18166633333333335 0.06625 0.296667
0 0.22062500000000002 0.6741663333333333 0.10125 0.3616670000000001
0 0.418125 0.8741663333333335 0.05625 0.20166700000000012
0 0.47750000000000004 0.6333333333333334 0.0975 0.35000000000000003
0 0.765625 0.7766663333333335 0.10125 0.36000000000000004
0 0.92125 0.8300003333333333 0.0925 0.3299999999999999
0 0.9525 0.7850003333333333 0.085 0.33666699999999994
0 0.82125 0.19250033333333336 0.09 0.3216669999999999
0 0.870625 0.17916633333333334 0.08375 0.2983330000000001
0 0.44 0.7850003333333334 0.08750000000000001 0.3233329999999999
0 0.480625 0.12500033333333335 0.06625 0.25
0 0.761875 0.13333333333333333 0.06875 0.26666700000000004
