0 0.33416633333333334 0.543125 0.125 0.2512499999999999
0 0.6575003333333332 0.425 0.125 0.2525
0 0.13416633333333336 0.13 0.10500000000000001 0.2125
0 0.09666633333333334 0.1575 0.086667 0.2
0 0.31083333333333335 0.1275 0.088333 0.1775
0 0.38416633333333333 0.141875 0.06833299999999999 0.17625
0 0.8816663333333334 0.2725 0.09000000000000001 0.18
0 0.8391663333333335 0.30062500000000003 0.06166699999999992 0.12625
0 0.8750003333333333 0.4675 0.11 0.2225
0 0.5408333333333334 0.419375 0.12166700000000003 0.24375
0 0.30250033333333337 0.323125 0.10500000000000001 0.21125
0 0.41666633333333336 0.445625 0.09666699999999998 0.22125
0 0.11500033333333336 0.3725 0.10666700000000001 0.215
0 0.06750033333333334 0.41500000000000004 0.125 0.25
0 0.13916633333333336 0.670625 0.12833300000000006 0.25625
0 0.33250033333333334 0.878125 0.118333 0.23625000000000002
0 0.45833333333333337 0.855 0.13 0.265
