0 0.525 0.4108333333333334 0.0725 0.25833300000000003
0 0.15125 0.41750033333333336 0.075 0.26833299999999993
0 0.164375 0.33166633333333334 0.07375 0.263333
0 0.19125 0.7566663333333334 0.09 0.3200000000000001
0 0.25562500000000005 0.7216663333333334 0.08875 0.31666700000000003
0 0.389375 0.7091663333333335 0.08875 0.315
0 0.47375 0.6758333333333334 0.085 0.301667
0 0.054375 0.29000033333333336 0.07375 0.26
0 0.23375 0.17916633333333334 0.0775 0.255
0 0.89125 0.33916633333333335 0.0775 0.27833299999999994
0 0.9575 0.3433333333333334 0.0775 0.2900000000000001
0 0.9625 0.6566663333333335 0.0675 0.28000000000000014
