0 0.390625 0.5216663333333335 0.10375000000000001 0.37000000000000005
0 0.48625 0.4816663333333335 0.095 0.34000000000000014
0 0.5587500000000001 0.47416633333333336 0.0575 0.20833299999999996
0 0.61375 0.37500033333333327 0.095 0.3166669999999999
0 0.468125 0.8883333333333334 0.06375 0.2133330000000001
0 0.5493750000000001 0.8033333333333333 0.10375000000000001 0.36999999999999994
0 0.86375 0.8275003333333333 0.0925 0.33166699999999993
0 0.79 0.11750033333333335 0.065 0.23500000000000001
0 0.295625 0.17916633333333334 0.08875 0.31833300000000003
0 0.393125 0.12333333333333334 0.07625 0.24666700000000003
