0 0.058750000000000004 0.5975003333333334 0.085 0.305
0 0.673125 0.30833333333333335 0.09875 0.35333300000000006
0 0.54125 0.7775003333333333 0.06 0.2149999999999999
0 0.541875 0.6491663333333333 0.09375 0.2849999999999999
0 0.6325000000000001 0.24583333333333335 0.08 0.288333
0 0.16625 0.15666633333333335 0.085 0.3033330000000001
0 0.130625 0.20416633333333334 0.09125 0.325
0 0.06625 0.8108333333333334 0.105 0.36500000000000005
0 0.058750000000000004 0.33333333333333337 0.0825 0.29333300000000007
0 0.12125 0.33750033333333335 0.0725 0.2616669999999999
0 0.481875 0.11916633333333333 0.07375 0.23500000000000001
