0 0.780625 0.6675003333333333 0.10625 0.3783330000000001
0 0.48625 0.5841663333333335 0.1075 0.385
0 0.6325000000000001 0.5666663333333334 0.1 0.35666700000000007
0 0.5700000000000001 0.5850003333333335 0.0825 0.293333
0 0.411875 0.5850003333333335 0.07625 0.273333
0 0.1625 0.6508333333333334 0.1 0.35500000000000004
0 0.03875 0.7308333333333333 0.0775 0.36500000000000005
0 0.635 0.8116663333333335 0.0925 0.3300000000000001
0 0.721875 0.8375003333333333 0.08625000000000001 0.308333
0 0.945625 0.6250003333333333 0.09875 0.373333
0 0.9 0.3408333333333334 0.085 0.301667
0 0.95125 0.26750033333333334 0.08750000000000001 0.3316670000000001
0 0.170625 0.10166633333333333 0.06375 0.203333
