0 0.5525 0.4758333333333334 0.0825 0.29500000000000004
0 0.805625 0.6041663333333332 0.08625000000000001 0.308333
0 0.376875 0.6450003333333335 0.07625 0.273333
0 0.5018750000000001 0.6041663333333332 0.08625000000000001 0.308333
0 0.565625 0.4733333333333334 0.05375 0.19333300000000006
0 0.11812500000000001 0.3800003333333333 0.08125 0.29
0 0.91125 0.40000033333333335 0.0675 0.24333299999999997
0 0.868125 0.33083333333333337 0.07875 0.281667
0 0.74875 0.26500033333333334 0.0725 0.26
0 0.691875 0.23750033333333337 0.07375 0.28500000000000003
0 0.65125 0.15333333333333335 0.0775 0.27666700000000005
0 0.61625 0.13250033333333336 0.05999999999999993 0.23500000000000001
0 0.8275 0.12583333333333335 0.065 0.2516669999999999
