0 0.4275 0.5291663333333334 0.08750000000000001 0.315
0 0.555625 0.4783333333333334 0.07875 0.28333300000000006
0 0.93625 0.39666633333333334 0.075 0.2666670000000001
0 0.349375 0.7316663333333334 0.07125000000000001 0.2533330000000001
0 0.8175 0.5500003333333334 0.075 0.2666670000000001
0 0.8981250000000001 0.2808333333333333 0.07625 0.275
0 0.860625 0.12833333333333335 0.06125 0.22
0 0.7675000000000001 0.15750033333333335 0.0675 0.24166700000000002
0 0.634375 0.1725003333333333 0.06875 0.248333
0 0.536875 0.33000033333333334 0.06125 0.2566669999999999
0 0.49375 0.2833333333333333 0.07 0.25
0 0.24125 0.8516663333333335 0.075 0.27000000000000013
0 0.096875 0.8525003333333333 0.07625 0.275
0 0.22 0.4058333333333333 0.075 0.268333
0 0.30125 0.25916633333333333 0.06 0.2516669999999999
0 0.251875 0.32083333333333336 0.06375 0.24833300000000005
0 0.18 0.3050003333333334 0.07 0.25
0 0.1 0.2833333333333333 0.0675 0.25333300000000003
0 0.120625 0.4800003333333335 0.07375 0.28000000000000014
0 0.085 0.5258333333333334 0.0675 0.265
0 0.08750000000000001 0.7258333333333333 0.07 0.2616669999999999
