0 0.513125 0.7750003333333333 0.11125 0.39666699999999994
0 0.6843750000000001 0.7291663333333335 0.11375 0.40500000000000014
0 0.8375 0.35166633333333336 0.0975 0.34666700000000006
0 0.276875 0.32166633333333333 0.09375 0.333333
0 0.3125 0.28500033333333336 0.08750000000000004 0.313333
0 0.9625 0.34833333333333333 0.0675 0.346667
0 0.049375 0.6675003333333333 0.09625 0.36833300000000013
0 0.250625 0.7791663333333333 0.10625 0.3449999999999999
0 0.79625 0.7991663333333334 0.10250000000000001 0.3783330000000001
0 0.900625 0.7950003333333335 0.10625 0.38666700000000004
0 0.721875 0.15166633333333332 0.08875 0.30000000000000004
0 0.439375 0.2525003333333333 0.07625 0.311667
0 0.16875 0.23166633333333334 0.0925 0.356667
0 0.10125 0.12916633333333338 0.0725 0.258333
0 0.338125 0.14083333333333328 0.07875 0.28166700000000006
