0 0.42312500000000003 0.3800003333333333 0.08625000000000001 0.31
0 0.27875 0.26500033333333334 0.08749999999999997 0.31333300000000003
0 0.8668750000000001 0.2325003333333333 0.08125 0.288333
0 0.4 0.31333333333333335 0.085 0.30666699999999997
0 0.691875 0.38916633333333334 0.08875 0.318333
0 0.728125 0.4475003333333333 0.08625000000000001 0.308333
0 0.25562500000000005 0.7775003333333333 0.10875 0.4149999999999999
0 0.26812499999999995 0.6908333333333334 0.09875 0.40166699999999994
0 0.226875 0.6158333333333335 0.09875 0.3916670000000001
0 0.045625 0.4216663333333334 0.09125 0.34666700000000006
0 0.115625 0.39333333333333337 0.08875 0.3166669999999999
0 0.09375 0.22333333333333336 0.0825 0.27
0 0.42812500000000003 0.25666633333333333 0.08625000000000001 0.31
0 0.940625 0.10916633333333338 0.06125 0.218333
