0 0.3825 0.6475003333333333 0.105 0.375
0 0.54 0.8291663333333334 0.09 0.3216669999999999
0 0.5650000000000001 0.8650003333333333 0.0775 0.2566669999999999
0 0.808125 0.7116663333333335 0.10375000000000001 0.3700000000000001
0 0.5750000000000001 0.48833333333333334 0.09 0.35333300000000006
0 0.43375 0.4600003333333334 0.09 0.323333
0 0.509375 0.33250033333333334 0.08125 0.29166700000000007
0 0.6625 0.41833333333333333 0.0775 0.34333300000000005
0 0.691875 0.15916633333333338 0.08375 0.31833300000000003
0 0.726875 0.14666633333333334 0.06625 0.293333
0 0.7775 0.12750033333333335 0.0575 0.255
0 0.883125 0.14666633333333334 0.07125000000000001 0.29000000000000004
