0 0.20833333333333334 0.344375 0.12000000000000001 0.24125
0 0.26833333333333337 0.84 0.18000000000000002 0.315
0 0.14500033333333334 0.81875 0.14666699999999996 0.355
0 0.6358333333333334 0.790625 0.201667 0.40375
0 0.9008333333333334 0.735625 0.1783330000000001 0.38375000000000004
0 0.20666633333333334 0.62875 0.15666700000000003 0.3125
0 0.36250033333333337 0.50125 0.16166700000000006 0.30750000000000005
0 0.5041663333333334 0.44125000000000003 0.155 0.2975
0 0.6991663333333334 0.37375 0.115 0.2425
0 0.12250033333333335 0.404375 0.135 0.27375
0 0.9550003333333335 0.619375 0.08 0.38375000000000004
0 0.8308333333333334 0.304375 0.10500000000000001 0.22625000000000003
0 0.8866663333333334 0.321875 0.09000000000000001 0.20875
0 0.9625003333333333 0.33125 0.06166699999999992 0.2275
0 0.6900003333333334 0.281875 0.103333 0.20875
0 0.07000033333333334 0.25125000000000003 0.11 0.23750000000000002
0 0.23166633333333334 0.251875 0.103333 0.21625
0 0.24666633333333335 0.205625 0.1 0.22375
0 0.16416633333333336 0.21 0.095 0.2125
0 0.25583333333333336 0.155625 0.09833299999999999 0.20125
0 0.04666633333333334 0.12125 0.09333300000000001 0.2125
0 0.41833333333333333 0.141875 0.08666699999999997 0.21375
0 0.47416633333333325 0.130625 0.078333 0.19375
0 0.5600003333333334 0.14250000000000002 0.07 0.185
0 0.6258333333333332 0.199375 0.095 0.19375
0 0.7808333333333334 0.199375 0.095 0.19875
0 0.8733333333333334 0.12562500000000001 0.08 0.18625
0 0.8400003333333333 0.08125 0.06333299999999999 0.1525
0 0.7858333333333334 0.079375 0.065 0.15625
0 0.6691663333333334 0.13625 0.08166700000000002 0.1875
0 0.5941663333333334 0.108125 0.085 0.19375
0 0.7066663333333335 0.089375 0.08666700000000002 0.17625
0 0.6491663333333335 0.088125 0.07166700000000002 0.17125
0 0.9741663333333332 0.06937499999999999 0.03833300000000009 0.13875
