0 0.6783333333333335 0.59875 0.16 0.32
0 0.5525003333333333 0.601875 0.128333 0.25875
0 0.9025003333333335 0.626875 0.15833300000000008 0.3212499999999999
0 0.8608333333333333 0.449375 0.11833300000000009 0.23875000000000002
0 0.7325003333333335 0.3675 0.108333 0.20750000000000002
0 0.8583333333333334 0.285625 0.12000000000000001 0.21375
0 0.24583333333333335 0.5543750000000001 0.12166699999999997 0.24625
0 0.39500033333333334 0.46375 0.12000000000000001 0.245
0 0.24583333333333335 0.418125 0.11166700000000002 0.21375
0 0.5425003333333333 0.381875 0.10500000000000001 0.21875
0 0.5383333333333333 0.22312500000000002 0.103333 0.21375
0 0.6541663333333334 0.21 0.095 0.215
0 0.7166663333333334 0.245 0.11 0.1975
0 0.1666663333333334 0.239375 0.10666700000000001 0.21625
0 0.30583333333333335 0.1875 0.10166700000000002 0.2425
0 0.38500033333333333 0.19 0.093333 0.2225
0 0.5308333333333334 0.089375 0.10166700000000002 0.17875
0 0.050833333333333335 0.2475 0.09833299999999999 0.2425
0 0.09500033333333334 0.116875 0.09333300000000001 0.20125
0 0.18416633333333332 0.128125 0.09833299999999999 0.22875
0 0.23083333333333333 0.10250000000000001 0.09833299999999999 0.2025
0 0.9633333333333334 0.15875 0.06666699999999992 0.1875
