0 0.16083333333333336 0.4 0.15166700000000002 0.305
0 0.06416633333333334 0.405625 0.12833300000000003 0.25875
0 0.4608333333333334 0.856875 0.16833300000000004 0.27625
0 0.48916633333333337 0.693125 0.14500000000000002 0.32375
0 0.6050003333333333 0.699375 0.16 0.33375
0 0.8525003333333333 0.761875 0.165 0.33125
0 0.8991663333333335 0.698125 0.10500000000000001 0.30375
0 0.7566663333333333 0.570625 0.166667 0.33875
0 0.9016663333333335 0.5631249999999999 0.15666699999999992 0.3137499999999999
0 0.5416663333333332 0.505 0.12666700000000003 0.2925
0 0.5125003333333333 0.3875 0.128333 0.2725
0 0.7733333333333334 0.3125 0.13 0.26250000000000007
0 0.8716663333333334 0.19875 0.0933330000000001 0.1875
0 0.8650003333333333 0.175625 0.08666699999999992 0.17625
0 0.04083333333333333 0.184375 0.065 0.14375000000000002
0 0.13500033333333336 0.256875 0.093333 0.21375
0 0.04916633333333334 0.111875 0.08166699999999999 0.19875
0 0.19250033333333336 0.09 0.088333 0.1775
0 0.13666633333333336 0.08 0.08 0.16
0 0.38833333333333336 0.0725 0.07 0.14250000000000002
0 0.5250003333333334 0.08125 0.08 0.16
0 0.6716663333333334 0.075625 0.07 0.14875
0 0.8175003333333335 0.07187500000000001 0.07166700000000002 0.13875
