0 0.8866663333333334 0.40125 0.1233330000000001 0.2475
0 0.6266663333333334 0.83875 0.153333 0.3075
0 0.14416633333333334 0.83375 0.158333 0.3175
0 0.5141663333333335 0.671875 0.15166700000000002 0.30625
0 0.04500033333333334 0.730625 0.09000000000000001 0.33375
0 0.36833333333333335 0.473125 0.14333300000000004 0.30625
0 0.07333333333333333 0.473125 0.12666700000000003 0.26875
0 0.06666633333333333 0.341875 0.10333299999999998 0.20875
0 0.6866663333333335 0.4575 0.103333 0.23750000000000002
0 0.5975003333333334 0.43375 0.115 0.275
0 0.7641663333333334 0.301875 0.125 0.25125000000000003
0 0.6491663333333333 0.36062500000000003 0.128333 0.26625
0 0.6716663333333335 0.275625 0.103333 0.20625000000000002
0 0.8550003333333333 0.336875 0.11 0.22125
0 0.9258333333333334 0.305 0.1083330000000001 0.21749999999999997
0 0.8583333333333334 0.259375 0.1 0.20125
0 0.9383333333333334 0.264375 0.10666699999999993 0.23125
0 0.9458333333333334 0.21625 0.07833300000000008 0.2175
0 0.3875003333333333 0.3325 0.11499999999999996 0.245
0 0.24333333333333335 0.31375000000000003 0.103333 0.245
0 0.15583333333333335 0.293125 0.09833299999999999 0.22125
0 0.05750033333333335 0.216875 0.09500000000000001 0.19625
0 0.49000033333333337 0.274375 0.09000000000000001 0.21875
0 0.44916633333333333 0.256875 0.095 0.21125
0 0.16250033333333336 0.23500000000000001 0.10166700000000002 0.20500000000000002
0 0.19500033333333336 0.199375 0.11 0.22125
0 0.46916633333333335 0.130625 0.085 0.19125
