0 0.3675003333333334 0.27 0.10166700000000002 0.20500000000000002
0 0.37166633333333343 0.51 0.15000000000000005 0.3025
0 0.09833333333333334 0.550625 0.16 0.32125
0 0.20750033333333331 0.45937500000000003 0.11166699999999999 0.30125
0 0.35083333333333333 0.448125 0.13833300000000004 0.29375
0 0.3433333333333333 0.429375 0.12666700000000003 0.29625
0 0.5125003333333333 0.43125 0.14500000000000002 0.29
0 0.5516663333333335 0.52125 0.153333 0.3075
0 0.6366663333333334 0.4675 0.136667 0.28250000000000003
0 0.8066663333333335 0.44125000000000003 0.1233330000000001 0.2475
0 0.8400003333333333 0.4575 0.133333 0.2675
0 0.9216663333333335 0.57625 0.13666700000000012 0.28500000000000003
0 0.9458333333333334 0.5162499999999999 0.095 0.2899999999999999
0 0.8050003333333333 0.270625 0.10999999999999992 0.22125000000000003
0 0.7566663333333333 0.31625000000000003 0.060000000000000005 0.1225
0 0.8075003333333333 0.229375 0.09833299999999999 0.21375
0 0.6641663333333334 0.225 0.095 0.19
0 0.6616663333333335 0.19062500000000002 0.103333 0.17875
0 0.6083333333333334 0.128125 0.093333 0.18875
0 0.7875003333333332 0.136875 0.09166700000000001 0.17375000000000002
0 0.9300003333333335 0.133125 0.08333300000000009 0.16875
0 0.7258333333333333 0.0625 0.061667000000000013 0.1225
0 0.17083333333333334 0.140625 0.09500000000000003 0.19125
0 0.27250033333333334 0.100625 0.095 0.19125
0 0.3358333333333334 0.075625 0.055 0.15125
0 0.23750033333333337 0.08 0.07500000000000001 0.16
0 0.3100003333333334 0.07187500000000001 0.04 0.14375000000000002
