0 0.5543750000000001 0.5775003333333334 0.10875 0.42166700000000007
0 0.665 0.42666633333333337 0.11750000000000001 0.42000000000000004
0 0.5806250000000001 0.4991663333333334 0.11125 0.398333
0 0.099375 0.6458333333333334 0.05625 0.17500000000000002
0 0.18125 0.6666663333333332 0.0375 0.136667
0 0.228125 0.6458333333333334 0.04625 0.165
0 0.0825 0.8983333333333334 0.05 0.18000000000000002
0 0.036875 0.5875003333333334 0.03875 0.17500000000000002
0 0.07125000000000001 0.6308333333333331 0.04500000000000001 0.16166700000000003
0 0.21 0.5016663333333333 0.0475 0.17
0 0.261875 0.5408333333333334 0.03125 0.131667
0 0.35625 0.4708333333333334 0.04 0.13833300000000004
0 0.2725 0.48416633333333337 0.04 0.14500000000000002
0 0.2775 0.5108333333333334 0.0325 0.12166700000000003
0 0.075 0.5675003333333335 0.05 0.178333
0 0.41000000000000003 0.06250033333333335 0.035 0.125
