0 0.341875 0.4300003333333334 0.07875 0.28333299999999995
0 0.309375 0.33166633333333334 0.07875 0.28
0 0.3525 0.8375003333333333 0.085 0.30166699999999996
0 0.28374999999999995 0.11250033333333335 0.0625 0.225
0 0.25625 0.10000033333333336 0.04 0.2
0 0.05 0.5850003333333333 0.035 0.11
0 0.48125 0.27666633333333335 0.03 0.12000000000000001
0 0.5175000000000001 0.2783333333333334 0.0225 0.10666700000000001
0 0.555 0.27166633333333334 0.03 0.10666699999999997
0 0.469375 0.28416633333333335 0.02375 0.108333
0 0.44 0.27750033333333335 0.0275 0.115
0 0.8043750000000001 0.28916633333333336 0.03875 0.14166699999999996
0 0.834375 0.28416633333333335 0.03875 0.13833300000000004
0 0.958125 0.28916633333333336 0.03625 0.15833300000000006
0 0.976875 0.2783333333333334 0.02875 0.13
0 0.76875 0.26916633333333334 0.025 0.095
0 0.7887500000000001 0.2525003333333333 0.0225 0.08166700000000002
0 0.931875 0.6258333333333331 0.03375 0.128333
0 0.96375 0.6325003333333333 0.04 0.14500000000000002
0 0.98375 0.6258333333333331 0.025 0.128333
