0 0.7208333333333333 0.450625 0.11166700000000002 0.22375
0 0.5841663333333335 0.45625 0.11166700000000002 0.225
0 0.49333333333333335 0.381875 0.030000000000000002 0.06125
0 0.5308333333333334 0.39375 0.048332999999999994 0.11750000000000001
0 0.6250003333333334 0.41125 0.05 0.12
0 0.08833333333333333 0.38 0.033333 0.08
0 0.060000333333333336 0.378125 0.036667 0.07375
0 0.5500003333333334 0.40625 0.05 0.125
0 0.27500033333333335 0.366875 0.02333299999999999 0.04625
0 0.25083333333333335 0.366875 0.021667000000000013 0.043750000000000004
