0 0.618125 0.7575003333333334 0.08125 0.2883329999999999
0 0.626875 0.6808333333333334 0.08624999999999992 0.3083330000000001
0 0.926875 0.5941663333333334 0.07375 0.265
0 0.789375 0.49833333333333335 0.07125000000000001 0.2566669999999999
0 0.675625 0.4758333333333334 0.07125000000000001 0.28833300000000006
0 0.59875 0.4350003333333334 0.08 0.28666700000000006
0 0.7625000000000001 0.44416633333333333 0.08 0.28833299999999995
0 0.9237500000000001 0.39333333333333337 0.08 0.286667
0 0.9475 0.18000033333333335 0.0725 0.26
0 0.84375 0.13333333333333333 0.065 0.25333300000000003
0 0.7975 0.13333333333333333 0.075 0.26666700000000004
0 0.615 0.16333333333333333 0.0675 0.243333
0 0.6475 0.11750033333333335 0.065 0.23500000000000001
