0 0.419375 0.44916633333333333 0.09875 0.35166700000000006
0 0.32875 0.5608333333333334 0.0525 0.188333
0 0.544375 0.8066663333333335 0.10375000000000001 0.3700000000000001
0 0.36312500000000003 0.5325003333333332 0.09125 0.325
0 0.49062500000000003 0.25916633333333333 0.08375 0.2983330000000001
0 0.5125000000000001 0.19166633333333336 0.085 0.3033330000000001
0 0.27375000000000005 0.15416633333333332 0.075 0.268333
0 0.091875 0.13750033333333336 0.07625 0.275
0 0.77375 0.18166633333333335 0.075 0.26666700000000004
0 0.725625 0.12250033333333335 0.06875 0.24500000000000002
0 0.87375 0.1666663333333334 0.08 0.286667
0 0.92 0.20666633333333334 0.0675 0.32
0 0.9625 0.23916633333333334 0.065 0.29500000000000004
