0 0.044375 0.41000033333333336 0.08875 0.4333329999999999
0 0.280625 0.4375003333333334 0.10875 0.388333
0 0.730625 0.3675003333333334 0.04875 0.17500000000000002
0 0.859375 0.36500033333333337 0.051250000000000004 0.18333299999999994
0 0.39687500000000003 0.28750033333333336 0.01375 0.05166700000000001
0 0.615625 0.30333333333333334 0.01625 0.060000000000000005
0 0.6675 0.29250033333333336 0.0125 0.048332999999999994
0 0.5850000000000001 0.30250033333333337 0.015 0.058332999999999996
0 0.555625 0.30166633333333337 0.01625 0.060000000000000005
0 0.53625 0.29833333333333334 0.015 0.05333299999999999
