0 0.4525003333333334 0.43125 0.21833299999999994 0.4375
0 0.13166633333333336 0.42125 0.153333 0.31
0 0.9491663333333334 0.315 0.04166699999999992 0.10500000000000004
0 0.8425003333333335 0.313125 0.031667000000000015 0.10125
0 0.8208333333333334 0.31875000000000003 0.031667000000000015 0.09
0 0.5216663333333335 0.371875 0.08333299999999999 0.21375
0 0.5491663333333334 0.35625 0.07166700000000002 0.17
0 0.6108333333333333 0.33875 0.07500000000000001 0.1625
0 0.35583333333333333 0.416875 0.135 0.31375000000000003
0 0.28833333333333333 0.39125 0.10666699999999997 0.2725
