0 0.6091663333333335 0.468125 0.218333 0.44875
0 0.8833333333333334 0.520625 0.22 0.44125000000000003
0 0.7200003333333332 0.36562500000000003 0.04333299999999999 0.09875
0 0.7858333333333334 0.395 0.118333 0.2675
0 0.4675003333333333 0.33625 0.02833299999999999 0.0625
0 0.38500033333333333 0.34625 0.03666700000000001 0.08750000000000001
0 0.35916633333333337 0.351875 0.045000000000000005 0.11375
0 0.27083333333333337 0.3425 0.02833299999999999 0.085
0 0.22416633333333333 0.33375 0.041667000000000017 0.1
0 0.19833333333333333 0.32937500000000003 0.03333299999999999 0.06375
0 0.04666633333333334 0.346875 0.07000000000000003 0.16625
0 0.10000033333333336 0.448125 0.2 0.34625
