0 0.67625 0.41666633333333336 0.02 0.07333300000000004
0 0.635 0.41583333333333333 0.0225 0.08166699999999998
0 0.5975 0.48333333333333334 0.0775 0.276667
0 0.50875 0.48916633333333337 0.0775 0.27833299999999994
0 0.450625 0.47500033333333336 0.06375 0.23
0 0.20375000000000001 0.39333333333333337 0.0125 0.046667000000000014
0 0.246875 0.39916633333333335 0.00875 0.035
0 0.183125 0.39166633333333334 0.01125 0.04333299999999999
0 0.14875 0.39416633333333334 0.0125 0.048332999999999994
0 0.16 0.39750033333333334 0.0125 0.048332999999999994
0 0.3325 0.40416633333333335 0.015 0.055
0 0.13625 0.39750033333333334 0.0125 0.048332999999999994
0 0.7225 0.39916633333333335 0.0125 0.045000000000000005
