0 0.36562500000000003 0.6175003333333334 0.11875000000000001 0.42500000000000004
0 0.609375 0.5733333333333334 0.07125000000000001 0.2566669999999999
0 0.719375 0.5875003333333335 0.07375 0.26166700000000004
0 0.4475 0.5833333333333334 0.075 0.26666700000000004
0 0.49 0.5866663333333334 0.0725 0.26
0 0.524375 0.5766663333333333 0.06625 0.23666700000000002
0 0.546875 0.5808333333333334 0.06625 0.23833300000000002
0 0.5850000000000001 0.5708333333333334 0.06 0.21166700000000002
0 0.6431250000000001 0.6300003333333334 0.03875 0.14
0 0.6625 0.5633333333333332 0.0525 0.19
0 0.9656250000000001 0.5650003333333333 0.05625 0.203333
