0 0.318125 0.5541663333333334 0.24874999999999997 0.885
0 0.630625 0.2966663333333334 0.12875 0.46
0 0.886875 0.14250033333333334 0.01875 0.06833300000000002
0 0.673125 0.16250033333333336 0.02125 0.078333
0 0.581875 0.18166633333333335 0.02625 0.09666700000000002
0 0.5587500000000001 0.18250033333333335 0.0275 0.09833300000000002
0 0.5431250000000001 0.19500033333333336 0.01875 0.06666700000000002
0 0.5225000000000001 0.20333333333333334 0.025 0.09000000000000002
0 0.505 0.2025003333333333 0.025 0.08833299999999997
0 0.47875 0.20750033333333331 0.0225 0.08166699999999999
0 0.455625 0.20750033333333337 0.02125 0.07500000000000002
0 0.13375 0.2325003333333333 0.02 0.07166700000000002
