0 0.7156250000000001 0.45416633333333334 0.09875 0.35166700000000006
0 0.114375 0.46166633333333346 0.07875 0.28000000000000014
0 0.42312500000000003 0.41833333333333333 0.04625 0.16333300000000003
0 0.31625000000000003 0.40416633333333335 0.0325 0.11833299999999995
0 0.46 0.37583333333333335 0.0225 0.08166700000000002
0 0.44 0.3900003333333334 0.03 0.11
0 0.205625 0.38166633333333333 0.01875 0.06666700000000002
0 0.24999999999999997 0.3691663333333334 0.0125 0.045000000000000005
0 0.238125 0.3675003333333334 0.01125 0.041667000000000017
0 0.22625 0.3691663333333334 0.01 0.03833299999999999
0 0.5975 0.35000033333333336 0.025 0.09000000000000001
0 0.353125 0.41583333333333333 0.03125 0.115
