0 0.930625 0.4300003333333334 0.06375 0.23
0 0.404375 0.44083333333333335 0.05375 0.19166699999999998
0 0.3675 0.43083333333333335 0.055 0.19833300000000004
0 0.530625 0.41166633333333336 0.03625 0.13
0 0.464375 0.40083333333333343 0.02875 0.10166700000000002
0 0.5743750000000001 0.41500033333333336 0.02625 0.09666699999999998
0 0.5543750000000001 0.4341663333333334 0.02125 0.07833300000000004
0 0.59875 0.40250033333333335 0.02 0.07166699999999997
0 0.641875 0.40916633333333335 0.03125 0.11166700000000007
0 0.6625 0.39333333333333337 0.02 0.07333300000000004
0 0.685625 0.38166633333333333 0.01125 0.04
0 0.6743750000000001 0.38666633333333333 0.01125 0.04333299999999999
0 0.7518750000000001 0.3900003333333334 0.01875 0.06666700000000002
0 0.7937500000000001 0.38750033333333334 0.0125 0.048332999999999994
0 0.724375 0.38500033333333333 0.01125 0.04
0 0.70625 0.38583333333333336 0.01 0.03833299999999999
0 0.701875 0.38416633333333333 0.00875 0.031667000000000015
0 0.17250000000000001 0.41833333333333333 0.0275 0.1
0 0.4875 0.3983333333333334 0.015 0.05333299999999999
0 0.5 0.39750033333333334 0.015 0.055
