0 0.28125 0.35500033333333336 0.08000000000000004 0.28666700000000006
0 0.395625 0.34166633333333335 0.09125 0.32666699999999993
0 0.134375 0.27250033333333334 0.051250000000000004 0.18500000000000003
0 0.184375 0.27666633333333335 0.04625 0.166667
0 0.2225 0.27500033333333335 0.0425 0.153333
0 0.245 0.2516663333333333 0.0175 0.06333299999999999
0 0.15812500000000002 0.25333333333333335 0.016250000000000018 0.060000000000000005
0 0.344375 0.26000033333333333 0.01625 0.060000000000000005
0 0.33625 0.26583333333333337 0.015 0.055
0 0.46 0.30166633333333337 0.0375 0.136667
0 0.754375 0.5225003333333332 0.20625000000000002 0.735
0 0.843125 0.2733333333333334 0.02125 0.07666700000000001
0 0.864375 0.2758333333333334 0.02125 0.078333
0 0.9 0.28500033333333336 0.0275 0.1
0 0.9725 0.28500033333333336 0.0325 0.11666700000000002
