0 0.333125 0.37166633333333343 0.058750000000000004 0.21000000000000005
0 0.27062499999999995 0.3750003333333333 0.05375 0.193333
0 0.65 0.41583333333333333 0.0925 0.32833300000000004
0 0.016875 0.33250033333333334 0.03375 0.12166699999999997
0 0.025 0.30583333333333335 0.025 0.09166700000000001
0 0.11750000000000001 0.30083333333333334 0.0175 0.065
0 0.445 0.3458333333333333 0.0325 0.118333
0 0.42812500000000003 0.3383333333333334 0.03375 0.123333
0 0.4675 0.33333333333333337 0.025 0.09000000000000001
0 0.505625 0.33250033333333334 0.02125 0.078333
0 0.764375 0.33250033333333334 0.02125 0.078333
0 0.8250000000000001 0.32583333333333336 0.0225 0.08166700000000002
0 0.95625 0.32666633333333334 0.02 0.073333
0 0.984375 0.33750033333333335 0.02875 0.131667
0 0.201875 0.41750033333333336 0.09375 0.335
