0 0.609375 0.4925003333333334 0.051250000000000004 0.18500000000000003
0 0.836875 0.47750033333333336 0.058750000000000004 0.21166699999999997
0 0.93375 0.48250033333333336 0.0575 0.20500000000000002
0 0.5643750000000001 0.46666633333333335 0.03375 0.12333299999999994
0 0.548125 0.48000033333333336 0.04625 0.16333300000000003
0 0.770625 0.44416633333333333 0.02875 0.10500000000000001
0 0.7518750000000001 0.4500003333333334 0.02625 0.09333300000000004
0 0.9712500000000001 0.4391663333333333 0.0225 0.08166699999999998
0 0.729375 0.44416633333333333 0.01875 0.06833300000000005
0 0.718125 0.44083333333333335 0.01875 0.06833300000000005
0 0.7106250000000001 0.44583333333333336 0.01625 0.061666999999999965
0 0.645625 0.44666633333333333 0.02125 0.07666699999999997
0 0.628125 0.45583333333333337 0.02375 0.085
0 0.43875000000000003 0.4600003333333333 0.0175 0.06333299999999999
0 0.408125 0.45916633333333334 0.02375 0.085
0 0.344375 0.46500033333333346 0.01875 0.06666700000000002
0 0.348125 0.4375003333333334 0.01625 0.061666999999999965
0 0.31875000000000003 0.4391663333333333 0.0125 0.045000000000000005
0 0.308125 0.43833333333333335 0.01375 0.05
0 0.22875 0.47166633333333335 0.025 0.09000000000000001
0 0.19625 0.4525003333333334 0.015 0.05833300000000004
0 0.8825000000000001 0.4366663333333333 0.025 0.09000000000000001
0 0.90125 0.4366663333333333 0.025 0.09000000000000001
