0 0.204375 0.5408333333333334 0.051250000000000004 0.18166700000000002
0 0.7625000000000001 0.5533333333333335 0.07 0.25
0 0.56125 0.5433333333333333 0.0575 0.20666700000000002
0 0.5331250000000001 0.5800003333333333 0.04125 0.15000000000000002
0 0.464375 0.5483333333333333 0.06125 0.22
0 0.4175 0.5650003333333333 0.055 0.2
0 0.968125 0.5366663333333334 0.058750000000000004 0.21000000000000002
0 0.915625 0.5383333333333333 0.05625 0.203333
0 0.730625 0.5275003333333332 0.05375 0.19166700000000003
0 0.676875 0.5266663333333335 0.04875 0.173333
0 0.295625 0.5083333333333334 0.02375 0.08666700000000002
0 0.25375000000000003 0.5033333333333334 0.0325 0.12000000000000001
0 0.1375 0.5033333333333334 0.035 0.12666700000000003
0 0.109375 0.5075003333333333 0.03125 0.11166700000000002
0 0.07375 0.49833333333333335 0.0325 0.11666700000000002
0 0.035625000000000004 0.48666633333333337 0.01875 0.07
0 0.048125 0.5175003333333332 0.02125 0.078333
0 0.22375 0.5041663333333333 0.0275 0.09833299999999999
