0 0.544375 0.41833333333333333 0.06625 0.24000000000000002
0 0.626875 0.4550003333333334 0.07874999999999993 0.28333299999999995
0 0.32 0.38750033333333334 0.035 0.128333
0 0.464375 0.37833333333333335 0.02375 0.08666700000000002
0 0.51125 0.38083333333333336 0.0275 0.09833300000000005
0 0.899375 0.35250033333333336 0.02125 0.07500000000000001
0 0.2275 0.36500033333333337 0.015 0.056667000000000016
0 0.21375 0.3791663333333333 0.0125 0.048332999999999994
0 0.198125 0.36666633333333337 0.01125 0.04333299999999999
0 0.18125 0.35916633333333337 0.0125 0.048332999999999994
0 0.18625 0.3766663333333333 0.01 0.03666700000000001
0 0.846875 0.37833333333333335 0.02375 0.08666700000000002
0 0.161875 0.3750003333333334 0.03875 0.14000000000000007
