0 0.555625 0.4575003333333334 0.15875 0.5649999999999998
0 0.471875 0.4475003333333334 0.15125 0.538333
0 0.33 0.41666633333333336 0.1325 0.47333299999999995
0 0.224375 0.29250033333333336 0.03125 0.115
0 0.27875000000000005 0.29333333333333333 0.0325 0.11666700000000002
0 0.26 0.29166633333333336 0.035 0.12666700000000003
0 0.4025 0.30583333333333335 0.035 0.125
0 0.6431250000000001 0.3358333333333334 0.02125 0.078333
0 0.63375 0.32416633333333333 0.03 0.108333
0 0.654375 0.32333333333333336 0.03125 0.11333300000000004
0 0.09375 0.23500033333333337 0.0225 0.08333299999999999
