0 0.2425 0.26666633333333334 0.0675 0.24000000000000002
0 0.36625 0.27000033333333334 0.0625 0.223333
0 0.15562499999999996 0.19416633333333339 0.036249999999999984 0.13166700000000003
0 0.26812499999999995 0.20666633333333334 0.01125 0.04333299999999999
0 0.290625 0.22166633333333333 0.03125 0.11333300000000004
0 0.311875 0.24250033333333337 0.02125 0.07500000000000001
0 0.33125 0.23166633333333334 0.03 0.11
0 0.43125 0.23416633333333334 0.025 0.09166700000000001
0 0.494375 0.24333333333333335 0.02875 0.103333
0 0.516875 0.24750033333333335 0.02625 0.095
0 0.646875 0.3691663333333334 0.12875 0.45833300000000005
0 0.215 0.22666633333333333 0.0525 0.18666700000000003
