0 0.470625 0.40416633333333335 0.08375 0.3016670000000001
0 0.2625 0.4083333333333333 0.055 0.19666700000000004
0 0.7325 0.36833333333333335 0.0325 0.11666699999999997
0 0.718125 0.36416633333333337 0.03125 0.11166700000000002
0 0.661875 0.3691663333333334 0.02875 0.10166700000000002
0 0.319375 0.34750033333333336 0.03625 0.131667
0 0.2925 0.30833333333333335 0.02 0.073333
0 0.30312500000000003 0.3100003333333334 0.01875 0.07
0 0.265 0.30083333333333334 0.015 0.058332999999999996
0 0.96 0.32833333333333337 0.0175 0.06333299999999999
0 0.84125 0.33333333333333337 0.015 0.05333299999999999
