0 0.735 0.5108333333333334 0.0775 0.27833300000000005
0 0.20125 0.41833333333333333 0.1675 0.596667
0 0.29375 0.3925003333333334 0.075 0.26833299999999993
0 0.84 0.5233333333333333 0.0775 0.276667
0 0.061875 0.4050003333333334 0.07875 0.28000000000000014
0 0.93 0.5483333333333333 0.0775 0.276667
0 0.566875 0.5208333333333334 0.02875 0.10500000000000001
0 0.505625 0.5308333333333334 0.02875 0.10500000000000001
0 0.473125 0.5400003333333335 0.051250000000000004 0.183333
0 0.438125 0.4108333333333334 0.07625 0.271667
