0 0.51125 0.4083333333333333 0.1875 0.666667
0 0.295625 0.44083333333333335 0.17875 0.6383330000000002
0 0.03375 0.36666633333333337 0.0575 0.20666700000000002
0 0.1225 0.4375003333333334 0.06 0.21500000000000002
0 0.085625 0.4216663333333334 0.058750000000000004 0.21000000000000005
0 0.1575 0.38416633333333333 0.0775 0.27833299999999994
0 0.214375 0.36833333333333335 0.08125 0.29000000000000004
0 0.370625 0.33750033333333335 0.06375 0.22833299999999995
0 0.4025 0.34666633333333335 0.0675 0.24000000000000002
0 0.738125 0.29583333333333334 0.058750000000000004 0.23500000000000001
