0 0.46875 0.5150003333333334 0.075 0.2666670000000001
0 0.6687500000000001 0.5166663333333334 0.105 0.3733330000000001
0 0.5850000000000001 0.5141663333333334 0.095 0.34166700000000005
0 0.8875000000000001 0.4966663333333334 0.075 0.2666670000000001
0 0.9475 0.5250003333333335 0.0425 0.153333
0 0.51875 0.47666633333333336 0.055 0.19666700000000006
0 0.42625 0.5600003333333334 0.0575 0.20666700000000002
0 0.373125 0.48416633333333337 0.051250000000000004 0.18500000000000003
0 0.26937500000000003 0.45583333333333337 0.03375 0.12166699999999997
0 0.25375000000000003 0.24166633333333334 0.0225 0.08333299999999999
0 0.1875 0.28833333333333333 0.025 0.09000000000000001
0 0.21 0.42500033333333337 0.03 0.11
0 0.178125 0.41750033333333336 0.02875 0.10500000000000001
0 0.19375 0.22416633333333333 0.0175 0.065
