0 0.8150000000000001 0.42666633333333337 0.135 0.48000000000000004
0 0.7418750000000001 0.4491663333333333 0.10375000000000001 0.368333
0 0.41250000000000003 0.40500033333333335 0.075 0.27
0 0.466875 0.39333333333333337 0.08875 0.3166669999999999
0 0.61875 0.3675003333333334 0.0425 0.15166699999999997
0 0.656875 0.36000033333333337 0.051250000000000004 0.18333299999999994
0 0.910625 0.35250033333333336 0.03125 0.115
0 0.885625 0.36666633333333337 0.03625 0.133333
0 0.949375 0.33083333333333337 0.02125 0.07500000000000001
0 0.9725 0.34250033333333335 0.0225 0.08166700000000002
0 0.9825 0.33166633333333334 0.0225 0.08333299999999999
