0 0.16375 0.43333333333333335 0.16 0.5700000000000001
0 0.41000000000000003 0.4425003333333334 0.125 0.445
0 0.5643750000000001 0.5058333333333331 0.08625000000000001 0.308333
0 0.555625 0.41666633333333336 0.10125 0.36000000000000004
0 0.57875 0.3741663333333333 0.0925 0.328333
0 0.639375 0.31583333333333335 0.02125 0.07500000000000001
0 0.669375 0.31833333333333336 0.03125 0.11333300000000004
0 0.6875 0.32416633333333333 0.03 0.108333
0 0.748125 0.31833333333333336 0.02875 0.103333
0 0.7775 0.32500033333333334 0.03 0.10666700000000001
0 0.958125 0.5408333333333334 0.01625 0.061667000000000013
0 0.93875 0.5341663333333334 0.0175 0.061667000000000013
0 0.9081250000000001 0.5366663333333335 0.01875 0.06666700000000002
0 0.894375 0.5975003333333334 0.02375 0.085
0 0.933125 0.6066663333333333 0.01625 0.060000000000000005
