0 0.326875 0.4941663333333334 0.09375 0.315
0 0.589375 0.7350003333333333 0.07625 0.27
0 0.74 0.7883333333333333 0.0675 0.2433330000000001
0 0.7056250000000001 0.7908333333333334 0.06875 0.2483330000000001
0 0.48562500000000003 0.6641663333333334 0.06625 0.23833300000000002
0 0.55 0.6358333333333334 0.0675 0.24166700000000002
0 0.313125 0.5758333333333334 0.04875 0.17500000000000002
0 0.4675 0.4708333333333334 0.0725 0.2616669999999999
0 0.540625 0.5583333333333335 0.06125 0.22
0 0.20750000000000002 0.25083333333333335 0.075 0.268333
0 0.183125 0.2758333333333334 0.07875 0.2849999999999999
0 0.11812500000000001 0.18166633333333335 0.07125000000000001 0.25333300000000003
0 0.08375 0.2033333333333333 0.0775 0.2800000000000001
