0 0.529375 0.38083333333333336 0.08375 0.2983330000000001
0 0.735 0.49083333333333334 0.1 0.35833300000000007
0 0.134375 0.43916633333333327 0.08375 0.298333
0 0.311875 0.38416633333333333 0.03625 0.13166700000000006
0 0.3625 0.36166633333333337 0.0425 0.153333
0 0.43 0.3408333333333334 0.035 0.128333
0 0.6168750000000001 0.33416633333333334 0.03125 0.11166700000000002
0 0.465625 0.4525003333333334 0.04875 0.17500000000000002
0 0.663125 0.4450003333333334 0.09625 0.34333299999999994
0 0.769375 0.45666633333333334 0.11375 0.4066670000000001
0 0.82875 0.6425003333333333 0.13 0.4649999999999999
0 0.95375 0.6833333333333333 0.09 0.39666699999999994
0 0.979375 0.32416633333333333 0.03875 0.195
0 0.97375 0.33666633333333335 0.045 0.16
0 0.8462500000000001 0.33333333333333337 0.0425 0.153333
0 0.87375 0.3675003333333334 0.025 0.088333
