0 0.265625 0.38333333333333336 0.15875000000000003 0.5666669999999999
0 0.6112500000000002 0.40666633333333335 0.13750000000000007 0.49000000000000005
0 0.5675 0.5091663333333334 0.10250000000000001 0.36500000000000005
0 0.090625 0.28916633333333336 0.06625 0.23833300000000002
0 0.371875 0.37083333333333335 0.12875 0.4583330000000001
0 0.73625 0.3150003333333333 0.0425 0.153333
0 0.7831250000000001 0.3725003333333334 0.09875 0.35166700000000006
0 0.8150000000000001 0.36416633333333337 0.1075 0.38166700000000003
0 0.845 0.42333333333333334 0.125 0.4466669999999999
0 0.904375 0.42250033333333337 0.12125 0.43500000000000005
0 0.930625 0.37833333333333335 0.12625 0.48666699999999996
0 0.70375 0.29833333333333334 0.045 0.16
