0 0.603125 0.40500033333333335 0.09875 0.35333299999999995
0 0.706875 0.41583333333333333 0.10375000000000001 0.37166699999999997
0 0.8150000000000001 0.42833333333333334 0.105 0.3733330000000001
0 0.315 0.40916633333333335 0.09750000000000003 0.34833299999999995
0 0.0625 0.3408333333333334 0.035 0.128333
0 0.3975 0.41666633333333336 0.075 0.2666670000000001
0 0.44875 0.40500033333333335 0.0675 0.24333299999999997
0 0.48125 0.39500033333333334 0.0675 0.24000000000000002
0 0.5231250000000001 0.26416633333333334 0.043750000000000004 0.15833300000000006
0 0.5693750000000001 0.19583333333333336 0.058750000000000004 0.208333
0 0.951875 0.36333333333333334 0.058750000000000004 0.21000000000000002
