0 0.355625 0.33333333333333337 0.05375 0.19333300000000006
0 0.32125 0.3358333333333334 0.055 0.195
0 0.68125 0.3666663333333334 0.155 0.55
0 0.571875 0.41250033333333336 0.14375000000000002 0.515
0 0.170625 0.31583333333333335 0.051250000000000004 0.18500000000000003
0 0.0975 0.31333333333333335 0.03 0.11
0 0.0775 0.3066663333333334 0.0325 0.12000000000000001
0 0.3825 0.30416633333333337 0.0275 0.09833299999999999
0 0.40750000000000003 0.3066663333333334 0.03 0.10666700000000001
0 0.4475 0.30333333333333334 0.03 0.11
0 0.468125 0.3166663333333333 0.01875 0.06666700000000002
0 0.793125 0.3800003333333333 0.10625 0.38
