0 0.5806250000000001 0.45416633333333334 0.051250000000000004 0.20500000000000002
0 0.475625 0.4216663333333334 0.05375 0.193333
0 0.445 0.4350003333333334 0.05 0.18000000000000002
0 0.3775 0.43583333333333335 0.0575 0.20500000000000002
0 0.408125 0.4375003333333334 0.051250000000000004 0.18500000000000003
0 0.333125 0.40750033333333335 0.02375 0.085
0 0.30437499999999995 0.40666633333333335 0.02625 0.09333300000000004
0 0.27875000000000005 0.40750033333333335 0.0225 0.08166699999999998
0 0.26125 0.39583333333333337 0.025 0.08833300000000004
0 0.20750000000000002 0.39666633333333334 0.0175 0.06333300000000004
0 0.18375 0.39583333333333337 0.02 0.07166699999999997
