0 0.520625 0.42583333333333334 0.06375 0.22833300000000006
0 0.47375 0.4391663333333333 0.0675 0.24166700000000008
0 0.35125 0.4525003333333334 0.0775 0.275
0 0.414375 0.44916633333333333 0.07375 0.265
0 0.27625000000000005 0.42333333333333334 0.055 0.19666699999999998
0 0.29687499999999994 0.41000033333333336 0.03375 0.12333299999999994
0 0.24999999999999997 0.38583333333333336 0.0175 0.061667000000000013
0 0.234375 0.4058333333333334 0.02625 0.09500000000000006
0 0.206875 0.39500033333333334 0.02375 0.08666699999999997
0 0.019375 0.5766663333333334 0.03875 0.14
