0 0.571875 0.36583333333333334 0.13375 0.4783330000000001
0 0.389375 0.08250033333333336 0.03625 0.131667
0 0.365 0.08916633333333333 0.035 0.125
0 0.413125 0.16750033333333336 0.04125 0.148333
0 0.38 0.16583333333333333 0.0425 0.15166700000000002
0 0.19 0.28416633333333335 0.055 0.19833300000000004
0 0.146875 0.26333333333333336 0.03625 0.13
0 0.105 0.26250033333333334 0.035 0.125
0 0.899375 0.33166633333333334 0.04625 0.166667
0 0.8718750000000001 0.3066663333333334 0.02875 0.103333
0 0.8125 0.32416633333333333 0.05 0.18166699999999997
0 0.839375 0.3458333333333334 0.051250000000000004 0.18500000000000005
0 0.9756250000000001 0.32500033333333334 0.03625 0.13
