0 0.38875 0.5408333333333334 0.09 0.3216669999999999
0 0.451875 0.5266663333333335 0.09875 0.35333300000000006
0 0.5537500000000001 0.48416633333333337 0.0775 0.29500000000000004
0 0.6175 0.5058333333333334 0.07 0.25166700000000003
0 0.93375 0.4350003333333334 0.03 0.10666699999999997
0 0.91 0.43833333333333335 0.03 0.10666699999999997
0 0.88125 0.4316663333333334 0.035 0.12666700000000006
0 0.8456250000000001 0.4375003333333334 0.03375 0.12166699999999997
0 0.7993750000000001 0.4241663333333334 0.02125 0.078333
0 0.76375 0.4425003333333334 0.04 0.14500000000000002
0 0.720625 0.42083333333333334 0.02125 0.07500000000000001
0 0.690625 0.42333333333333334 0.01625 0.060000000000000005
0 0.673125 0.41750033333333336 0.01625 0.061666999999999965
0 0.608125 0.21166633333333335 0.01375 0.05
0 0.560625 0.22250033333333336 0.00875 0.035
0 0.573125 0.21500033333333335 0.01125 0.04
0 0.59875 0.21416633333333335 0.01 0.03833299999999999
0 0.431875 0.29250033333333336 0.01875 0.06833299999999999
