0 0.315 0.42750033333333337 0.18250000000000005 0.6516670000000001
0 0.609375 0.39333333333333337 0.09875 0.35333300000000006
0 0.436875 0.4216663333333334 0.03875 0.14000000000000007
0 0.49 0.3791663333333333 0.0675 0.24166700000000008
0 0.568125 0.41833333333333333 0.04875 0.17666699999999996
0 0.715 0.33000033333333334 0.02 0.073333
0 0.805625 0.36833333333333335 0.07125000000000001 0.25333300000000003
0 0.980625 0.32666633333333334 0.01625 0.060000000000000005
0 0.96625 0.32750033333333334 0.015 0.055
0 0.69375 0.31833333333333336 0.015 0.05333299999999999
0 0.681875 0.31833333333333336 0.01375 0.05
0 0.6687500000000001 0.3091663333333334 0.0075 0.02833299999999999
0 0.905625 0.23000033333333336 0.01875 0.07
0 0.885625 0.24666633333333335 0.01875 0.06666700000000002
0 0.728125 0.18666633333333332 0.00875 0.03333299999999999
