0 0.2833333333333333 0.239375 0.173333 0.34875
0 0.6375003333333333 0.2175 0.195 0.39
0 0.36333333333333334 0.225 0.16333300000000003 0.3275
0 0.5000003333333335 0.1875 0.08666700000000002 0.255
0 0.45166633333333334 0.201875 0.07 0.14875
0 0.017500333333333333 0.14125000000000001 0.035 0.13000000000000003
0 0.18750033333333335 0.120625 0.035 0.09375
0 0.14916633333333335 0.12375 0.055 0.12
0 0.07166633333333333 0.1475 0.06666699999999999 0.17250000000000001
0 0.12750033333333335 0.145625 0.06833299999999999 0.15875
