0 0.76375 0.47125 0.11750000000000001 0.315
0 0.508125 0.571875 0.16375 0.43625
0 0.8925000000000001 0.47250000000000003 0.0675 0.18
0 0.913125 0.45687500000000003 0.07125000000000001 0.19125
0 0.18125 0.42875 0.03 0.08
0 0.131875 0.4425 0.03875 0.105
0 0.078125 0.44125000000000003 0.03875 0.105
0 0.088125 0.431875 0.03125 0.08625000000000001
0 0.035 0.429375 0.027500000000000004 0.07625
0 0.0125 0.435625 0.025 0.06875
0 0.3225 0.38875 0.025 0.0675
0 0.34125 0.38875 0.03 0.08
0 0.38125000000000003 0.390625 0.0275 0.07375
