0 0.198125 0.52375 0.11875000000000001 0.3175
0 0.3325 0.5018750000000001 0.0975 0.26125
0 0.649375 0.556875 0.16625 0.44375000000000003
0 0.94625 0.499375 0.065 0.17625
0 0.87875 0.4825 0.0375 0.1
0 0.90125 0.47000000000000003 0.03 0.08
0 0.8375 0.47250000000000003 0.03 0.0825
0 0.738125 0.481875 0.03625 0.09875
0 0.12 0.45437500000000003 0.05 0.13625
0 0.06125 0.46625 0.055 0.1475
0 0.016875 0.426875 0.03375 0.09125
0 0.091875 0.46187500000000004 0.05375 0.14375000000000002
0 0.558125 0.444375 0.02375 0.06375
