0 0.16916633333333334 0.26125 0.16499999999999998 0.3325
0 0.41666633333333336 0.27625 0.19 0.3825
0 0.5775003333333335 0.245625 0.148333 0.32125
0 0.04666633333333334 0.183125 0.04 0.08875
0 0.09333333333333334 0.17625 0.03666700000000001 0.0975
0 0.19666633333333333 0.174375 0.04666699999999999 0.11375
0 0.23750033333333337 0.174375 0.03833299999999999 0.09375
0 0.27166633333333334 0.175625 0.04 0.08875
0 0.32750033333333334 0.209375 0.06833299999999999 0.19375
0 0.05333333333333334 0.26937500000000003 0.10666700000000001 0.20625000000000002
