0 0.3975 0.5493750000000001 0.1075 0.28875
0 0.315 0.526875 0.10000000000000003 0.2687500000000001
0 0.6743750000000001 0.485 0.08125 0.2175
0 0.5806250000000001 0.343125 0.00875 0.02375
0 0.491875 0.35875 0.00875 0.025
0 0.478125 0.356875 0.00875 0.02625
0 0.45937500000000003 0.35875 0.00875 0.025
0 0.444375 0.349375 0.00875 0.02375
0 0.42875 0.346875 0.005 0.01375
0 0.429375 0.36562500000000003 0.01125 0.03125
0 0.21125 0.370625 0.0125 0.03625
0 0.229375 0.366875 0.01375 0.03625
0 0.104375 0.356875 0.01125 0.03125
0 0.1825 0.35000000000000003 0.0075 0.0225
0 0.070625 0.36312500000000003 0.01125 0.03125
0 0.05375 0.361875 0.0125 0.03375
0 0.02625 0.34500000000000003 0.01 0.0275
0 0.035625000000000004 0.345625 0.00875 0.02375
