0 0.273125 0.6118750000000001 0.10125000000000003 0.27125
0 0.40625 0.546875 0.0625 0.16875
0 0.376875 0.48875 0.02375 0.065
0 0.335625 0.49062500000000003 0.02375 0.06375
0 0.5431250000000001 0.45 0.01375 0.0375
0 0.5575 0.450625 0.0125 0.03375
0 0.6318750000000001 0.44625000000000004 0.01125 0.0325
0 0.64625 0.449375 0.01 0.02875
0 0.660625 0.445 0.01125 0.0325
0 0.568125 0.5118750000000001 0.03625 0.09875
0 0.544375 0.535625 0.02125 0.058750000000000004
0 0.645 0.495 0.0275 0.075
0 0.48625 0.535 0.0425 0.115
0 0.7875 0.509375 0.0375 0.10125
0 0.75875 0.504375 0.015 0.04125
