0 0.133125 0.5800003333333333 0.13375 0.4766670000000001
0 0.036875 0.5341663333333334 0.07375 0.265
0 0.470625 0.45166633333333334 0.04125 0.14666699999999996
0 0.330625 0.4758333333333334 0.04875 0.17500000000000002
0 0.48375 0.5441663333333334 0.0725 0.26166700000000004
0 0.656875 0.5825003333333334 0.043750000000000004 0.155
0 0.800625 0.5008333333333332 0.051250000000000004 0.18500000000000003
0 0.6056250000000001 0.5000003333333334 0.04875 0.17666699999999996
0 0.53125 0.48500033333333337 0.0525 0.19
0 0.058125 0.45333333333333337 0.04875 0.17666699999999996
