0 0.75375 0.4316663333333334 0.1275 0.45333299999999993
0 0.8356250000000001 0.42833333333333334 0.07375 0.26333300000000004
0 0.4875 0.6066663333333333 0.1125 0.40333299999999994
0 0.47000000000000003 0.32666633333333334 0.0425 0.15000000000000002
0 0.43125 0.27750033333333335 0.0325 0.118333
0 0.5775 0.33000033333333334 0.0425 0.15000000000000002
0 0.61 0.35583333333333333 0.0425 0.15166699999999997
0 0.64625 0.3700003333333334 0.0375 0.13666700000000007
0 0.68 0.36416633333333337 0.0525 0.188333
0 0.505 0.28000033333333335 0.0275 0.1
