0 0.34250033333333335 0.259375 0.19833300000000004 0.39875
0 0.19166633333333333 0.25125000000000003 0.15 0.3175
0 0.44083333333333335 0.13125 0.021667000000000013 0.0625
0 0.42666633333333337 0.1275 0.023333000000000038 0.0675
0 0.5666663333333334 0.125625 0.02 0.05625
0 0.5458333333333334 0.12437499999999999 0.021667000000000013 0.05625
0 0.5216663333333335 0.12437499999999999 0.02 0.051250000000000004
0 0.5058333333333331 0.126875 0.01833299999999999 0.04875
0 0.49000033333333337 0.121875 0.02 0.05375
0 0.47916633333333325 0.1225 0.01833299999999999 0.05
0 0.45166633333333334 0.125 0.02 0.05
0 0.7441663333333333 0.236875 0.01833299999999999 0.04125
0 0.7100003333333333 0.23750000000000002 0.02 0.04
0 0.7166663333333334 0.27625000000000005 0.02 0.05
