0 0.47250033333333336 0.408125 0.335 0.79625
0 0.6233333333333334 0.601875 0.27 0.6687500000000001
0 0.23666633333333334 0.26375 0.093333 0.23750000000000002
0 0.15416633333333332 0.26062500000000005 0.138333 0.3087500000000001
0 0.09000033333333335 0.434375 0.18000000000000002 0.53625
0 0.8600003333333333 0.39875 0.26666699999999993 0.7175
0 0.32333333333333336 0.178125 0.030000000000000002 0.07375
0 0.34833333333333333 0.18812500000000001 0.04 0.09375
0 0.27500033333333335 0.17 0.026667000000000014 0.0625
0 0.29166633333333336 0.170625 0.02 0.06125
