0 0.40625 0.49583333333333335 0.06 0.21500000000000002
0 0.339375 0.5041663333333334 0.07125000000000001 0.255
0 0.446875 0.42666633333333337 0.01625 0.060000000000000005
0 0.45687500000000003 0.41583333333333333 0.01375 0.05166699999999997
0 0.47625 0.41833333333333333 0.015 0.05666699999999997
0 0.5643750000000001 0.41750033333333336 0.01375 0.05166699999999997
0 0.57875 0.4241663333333334 0.015 0.058332999999999996
0 0.6062500000000001 0.42333333333333334 0.015 0.05333300000000004
0 0.831875 0.42833333333333334 0.01875 0.07
0 0.8725 0.4316663333333334 0.015 0.05666699999999997
0 0.35000000000000003 0.4241663333333334 0.0175 0.061667000000000013
