0 0.069375 0.48166633333333336 0.06375000000000001 0.23
0 0.145625 0.47416633333333336 0.06875 0.24500000000000002
0 0.77375 0.6325003333333333 0.17 0.6183329999999999
0 0.9175 0.6683333333333333 0.1475 0.636667
0 0.626875 0.5216663333333335 0.09374999999999993 0.336667
0 0.5850000000000001 0.49583333333333335 0.05 0.18166699999999997
0 0.52625 0.5400003333333335 0.095 0.34000000000000014
0 0.46 0.4808333333333334 0.0575 0.20833300000000005
0 0.42812500000000003 0.5100003333333335 0.03375 0.123333
0 0.245 0.46166633333333335 0.05 0.18000000000000002
0 0.015 0.40666633333333335 0.03 0.11
0 0.0325 0.4008333333333334 0.02 0.07499999999999996
0 0.17625 0.42583333333333334 0.0275 0.10166699999999997
