0 0.19333333333333336 0.304375 0.213333 0.46875
0 0.47416633333333347 0.06875 0.061667000000000013 0.1375
0 0.5408333333333334 0.093125 0.07500000000000001 0.18625
0 0.042500333333333334 0.1975 0.08500000000000003 0.1875
0 0.8200003333333334 0.120625 0.02 0.04625
0 0.7983333333333333 0.12437499999999999 0.02333299999999999 0.05625
0 0.7691663333333333 0.125 0.02833299999999999 0.055
0 0.7225003333333333 0.123125 0.01833299999999999 0.04625
0 0.6650003333333333 0.13125 0.02333299999999999 0.055
0 0.6841663333333333 0.125625 0.025 0.06125
0 0.7391663333333334 0.126875 0.025 0.05625
