0 0.275625 0.48250033333333325 0.27125 0.9650000000000001
0 0.453125 0.29250033333333336 0.03875 0.13833300000000004
0 0.48375 0.28416633333333335 0.035 0.125
0 0.601875 0.25333333333333335 0.02625 0.093333
0 0.62375 0.27916633333333335 0.035 0.12833300000000006
0 0.975 0.25750033333333333 0.0325 0.118333
0 0.7125 0.22083333333333335 0.015 0.055
0 0.83375 0.24500033333333335 0.0175 0.06333299999999999
0 0.825625 0.23583333333333334 0.01375 0.048332999999999994
0 0.848125 0.23583333333333334 0.01375 0.048332999999999994
