0 0.203125 0.33500033333333334 0.13375 0.4766670000000001
0 0.6175 0.5325003333333332 0.0925 0.32833300000000004
0 0.758125 0.34833333333333333 0.03625 0.13333300000000003
0 0.5700000000000001 0.3125003333333333 0.02 0.07166700000000002
0 0.6325000000000001 0.3100003333333334 0.0125 0.046667000000000014
0 0.536875 0.3116663333333333 0.00875 0.03333299999999999
0 0.525625 0.30833333333333335 0.01125 0.04
0 0.95375 0.28250033333333335 0.01 0.03833299999999999
0 0.97375 0.28416633333333335 0.01 0.03833299999999999
0 0.933125 0.2833333333333333 0.00875 0.03333299999999999
0 0.9125 0.28583333333333333 0.01 0.035
