0 0.309375 0.4058333333333333 0.08375 0.301667
0 0.45 0.45333333333333337 0.0975 0.35000000000000003
0 0.355 0.46500033333333335 0.065 0.23333299999999996
0 0.450625 0.4500003333333334 0.09875 0.35333299999999995
0 0.605 0.4133333333333334 0.0575 0.206667
0 0.649375 0.43333333333333335 0.05625 0.20333300000000004
0 0.725625 0.42000033333333336 0.06375 0.22666700000000006
0 0.76 0.41000033333333336 0.0375 0.13666700000000007
0 0.650625 0.40250033333333335 0.051250000000000004 0.18500000000000003
0 0.79625 0.38833333333333336 0.02 0.073333
0 0.440625 0.44583333333333336 0.08125 0.291667
0 0.39687500000000003 0.5075003333333333 0.05375 0.19166700000000006
0 0.910625 0.40000033333333335 0.01875 0.07
0 0.8462500000000001 0.39083333333333337 0.0125 0.048332999999999994
0 0.87875 0.38750033333333334 0.01 0.03833299999999999
0 0.8325 0.38833333333333336 0.0125 0.046667000000000014
