0 0.33416633333333334 0.39437500000000003 0.318333 0.6587500000000001
0 0.6833333333333335 0.20875 0.060000000000000005 0.125
0 0.8433333333333334 0.19 0.03666699999999992 0.09
0 0.7658333333333334 0.228125 0.058332999999999996 0.13375
0 0.9716663333333335 0.2025 0.04666699999999992 0.1375
0 0.8958333333333334 0.20875 0.065 0.1575
0 0.9358333333333334 0.23125 0.06833300000000009 0.17250000000000001
0 0.22000033333333335 0.19 0.030000000000000002 0.06
0 0.06333333333333334 0.19 0.030000000000000002 0.065
0 0.11166633333333335 0.19125 0.030000000000000002 0.065
