0 0.4108333333333334 0.32125 0.24500000000000002 0.49
0 0.8391663333333335 0.169375 0.055 0.15875
0 0.7791663333333334 0.165 0.055 0.15
0 0.7291663333333332 0.17625 0.06833299999999999 0.18
0 0.6758333333333334 0.164375 0.061667000000000013 0.16125
0 0.8975003333333335 0.16125 0.055 0.14250000000000002
0 0.9433333333333334 0.194375 0.10333300000000009 0.24625
0 0.14750033333333332 0.1225 0.035 0.0525
0 0.10666633333333334 0.115625 0.04 0.06125
0 0.15833333333333335 0.30062500000000003 0.03333299999999999 0.06625
0 0.09750033333333336 0.295 0.031667000000000015 0.06
0 0.060000333333333336 0.29625 0.036667 0.07
0 0.14833333333333334 0.376875 0.04 0.08125
0 0.5175003333333335 0.11937500000000001 0.031667000000000015 0.06625
