0 0.5587500000000001 0.41750033333333336 0.0475 0.171667
0 0.560625 0.7458333333333335 0.10625 0.3783329999999999
0 0.37125 0.5641663333333333 0.065 0.23500000000000001
0 0.425 0.4758333333333334 0.0525 0.22833300000000006
0 0.43875000000000003 0.32000033333333333 0.0425 0.15000000000000002
0 0.48812500000000003 0.22333333333333336 0.02125 0.07666700000000001
0 0.4825 0.34250033333333335 0.03 0.108333
0 0.5331250000000001 0.3358333333333334 0.03125 0.135
0 0.5475 0.3775003333333333 0.0325 0.168333
0 0.96 0.42833333333333334 0.0325 0.12000000000000001
0 0.984375 0.45833333333333337 0.02875 0.10666699999999997
