0 0.5825003333333334 0.355 0.315 0.6325000000000001
0 0.3983333333333334 0.175625 0.04333299999999999 0.10125
0 0.4783333333333334 0.176875 0.046667000000000014 0.11875000000000001
0 0.35416633333333336 0.1825 0.031667000000000015 0.0775
0 0.33000033333333334 0.195625 0.03333299999999999 0.07375
0 0.29666633333333337 0.178125 0.05 0.13125
0 0.13416633333333336 0.29625 0.131667 0.33
0 0.21500033333333335 0.3025 0.16 0.375
0 0.9316663333333333 0.3775 0.13 0.2925
0 0.8916663333333334 0.29375 0.17 0.3675
