0 0.429375 0.6325003333333333 0.03125 0.11166700000000002
0 0.413125 0.5975003333333334 0.04875 0.17500000000000002
0 0.7125 0.5508333333333334 0.0125 0.045000000000000005
0 0.640625 0.5450003333333334 0.01375 0.05
0 0.49562500000000004 0.5333333333333333 0.01125 0.04333299999999999
0 0.24999999999999997 0.5466663333333333 0.0175 0.06333299999999999
0 0.239375 0.5466663333333334 0.01625 0.060000000000000005
0 0.10625 0.5375003333333332 0.0175 0.061667000000000013
0 0.135625 0.5533333333333335 0.01625 0.060000000000000005
0 0.11937500000000001 0.5491663333333333 0.01875 0.06833299999999999
