0 0.195 0.43583333333333335 0.0725 0.2616669999999999
0 0.321875 0.6775003333333333 0.09625 0.3449999999999999
0 0.466875 0.7775003333333333 0.12375 0.4383329999999999
0 0.310625 0.5683333333333332 0.08625000000000001 0.31
0 0.249375 0.35583333333333333 0.03625 0.15166699999999997
0 0.233125 0.33916633333333335 0.03375 0.16166700000000003
0 0.311875 0.39916633333333335 0.04625 0.18833299999999994
0 0.28874999999999995 0.34750033333333336 0.035 0.16833300000000004
0 0.09375 0.33250033333333334 0.045 0.16166700000000003
0 0.04625 0.32333333333333336 0.0475 0.19333300000000006
0 0.185625 0.3358333333333334 0.04625 0.16166700000000003
