0 0.48666633333333337 0.353125 0.17666699999999996 0.41625
0 0.32333333333333336 0.339375 0.16 0.37875000000000003
0 0.6541663333333333 0.174375 0.03833299999999999 0.09125
0 0.7625003333333334 0.1825 0.045000000000000005 0.105
0 0.7941663333333334 0.195625 0.055 0.14625
0 0.8341663333333335 0.19187500000000002 0.058333000000000086 0.15375
0 0.8558333333333333 0.21125 0.07166699999999993 0.18
0 0.9708333333333334 0.218125 0.05166699999999992 0.20375000000000001
0 0.8350003333333333 0.36375 0.08999999999999991 0.1625
0 0.9125003333333334 0.28374999999999995 0.14500000000000002 0.2899999999999999
0 0.03833333333333334 0.22312500000000002 0.07666700000000001 0.19625
0 0.16166633333333338 0.229375 0.09333300000000001 0.20625000000000002
