0 0.415625 0.48500033333333337 0.11625 0.45
0 0.196875 0.4033333333333334 0.08875 0.3166669999999999
0 0.448125 0.5558333333333334 0.06125 0.218333
0 0.470625 0.44916633333333333 0.10125 0.36166700000000007
0 0.735625 0.5200003333333334 0.043750000000000004 0.20333300000000004
0 0.841875 0.4391663333333333 0.03125 0.125
0 0.89125 0.45416633333333334 0.03 0.135
0 0.921875 0.47416633333333336 0.03625 0.165
0 0.9656250000000001 0.4241663333333334 0.06375 0.29500000000000004
0 0.34 0.47916633333333336 0.0475 0.21500000000000002
0 0.805 0.3100003333333334 0.025 0.11333300000000004
0 0.8981250000000001 0.3983333333333334 0.04625 0.18333300000000005
