0 0.16125 0.27250033333333334 0.095 0.33833299999999994
0 0.5 0.49250033333333326 0.2625 0.935
0 0.7418750000000001 0.34666633333333335 0.08375 0.3766669999999999
0 0.676875 0.41916633333333336 0.05625 0.21833299999999994
0 0.6168750000000001 0.39666633333333334 0.04875 0.23333299999999996
0 0.401875 0.32250033333333333 0.07125000000000001 0.311667
0 0.83625 0.27083333333333337 0.0325 0.14500000000000002
0 0.80875 0.25750033333333333 0.0275 0.128333
0 0.675625 0.25666633333333333 0.02875 0.123333
0 0.47000000000000003 0.32083333333333336 0.0725 0.33833300000000005
0 0.949375 0.26333333333333336 0.03375 0.11
0 0.865625 0.3141663333333333 0.02625 0.095
