0 0.65625 0.42000033333333336 0.1225 0.43666700000000014
0 0.385 0.49833333333333335 0.2525 0.996667
0 0.6025 0.36416633333333337 0.11 0.39166700000000004
0 0.02625 0.2733333333333334 0.0475 0.21666700000000003
0 0.07125000000000001 0.3116663333333333 0.02750000000000001 0.12000000000000001
0 0.1475 0.29000033333333336 0.0225 0.10666699999999997
0 0.18625 0.25916633333333333 0.0275 0.10500000000000001
0 0.233125 0.2516663333333333 0.01625 0.07666700000000001
0 0.27375000000000005 0.26750033333333334 0.0275 0.131667
0 0.24375 0.24250033333333337 0.015 0.078333
0 0.115 0.23916633333333334 0.02 0.08166700000000002
0 0.795 0.30000033333333337 0.0525 0.206667
