0 0.36 0.6325003333333333 0.1075 0.385
0 0.9775 0.6241663333333333 0.0425 0.298333
0 0.875625 0.49583333333333335 0.02375 0.131667
0 0.835 0.5175003333333333 0.0225 0.18500000000000003
0 0.819375 0.5183333333333333 0.02625 0.19
0 0.784375 0.5266663333333335 0.03375 0.183333
0 0.819375 0.5291663333333334 0.04875 0.21500000000000002
0 0.7575000000000001 0.5208333333333334 0.025 0.168333
0 0.7000000000000001 0.5033333333333334 0.0275 0.19
0 0.6575 0.5041663333333334 0.0275 0.18166699999999997
0 0.479375 0.42666633333333337 0.01125 0.046666999999999965
