0 0.168125 0.6225003333333333 0.20625000000000002 0.735
0 0.69625 0.5933333333333334 0.13 0.5900000000000001
0 0.8456250000000001 0.7066663333333334 0.11875000000000001 0.5466670000000001
0 0.92 0.4758333333333334 0.06 0.265
0 0.878125 0.39583333333333337 0.02625 0.115
0 0.896875 0.39166633333333334 0.02125 0.11666700000000006
0 0.85 0.3900003333333334 0.02 0.10666699999999997
0 0.834375 0.39166633333333334 0.01875 0.10666699999999997
0 0.795625 0.38333333333333336 0.02625 0.12333300000000004
0 0.546875 0.47166633333333335 0.09375 0.41333299999999995
0 0.34125 0.38000033333333333 0.05 0.293333
