0 0.39583333333333337 0.485 0.25833300000000003 0.5175
0 0.5675003333333333 0.4325 0.201667 0.435
0 0.30083333333333334 0.40625 0.19166700000000003 0.3975
0 0.8225003333333333 0.365 0.12499999999999992 0.2525
0 0.05333333333333334 0.370625 0.10666700000000001 0.30625
0 0.16333333333333333 0.295 0.03333299999999999 0.08750000000000001
0 0.19083333333333335 0.295625 0.035 0.09625
0 0.24333333333333335 0.328125 0.046667000000000014 0.15875
0 0.7591663333333334 0.3425 0.065 0.1925
0 0.5041663333333333 0.316875 0.048332999999999994 0.15625
