0 0.8133333333333334 0.24375 0.1433330000000001 0.3025
0 0.7266663333333333 0.24 0.11666700000000002 0.2525
0 0.30000033333333337 0.425 0.2666670000000001 0.7125
0 0.5725003333333333 0.230625 0.11166700000000002 0.28875
0 0.04583333333333334 0.21875 0.07500000000000001 0.16
0 0.42250033333333337 0.18875 0.04166699999999997 0.115
0 0.4466663333333333 0.1875 0.03333299999999999 0.1
0 0.16083333333333336 0.229375 0.05166700000000001 0.17375000000000002
0 0.11166633333333338 0.20125 0.033333000000000015 0.1
0 0.8650003333333333 0.21875 0.07666699999999992 0.2575
0 0.5241663333333334 0.19062500000000002 0.045000000000000005 0.11125
