0 0.7441663333333335 0.324375 0.118333 0.23875000000000002
0 0.6091663333333334 0.314375 0.065 0.14125000000000001
0 0.25666633333333333 0.40750000000000003 0.17 0.3425
0 0.07250033333333335 0.40875 0.14500000000000002 0.33
0 0.05583333333333334 0.325 0.078333 0.1925
0 0.08333333333333336 0.29625 0.026667 0.0825
0 0.10583333333333333 0.29687499999999994 0.025 0.07124999999999997
0 0.12000033333333333 0.2925 0.02 0.0625
0 0.30250033333333337 0.2925 0.025 0.07
0 0.35250033333333336 0.28750000000000003 0.021667000000000013 0.0575
0 0.40666633333333335 0.2868750000000001 0.02333299999999999 0.06875000000000003
0 0.45333333333333337 0.28750000000000003 0.02 0.065
0 0.49333333333333335 0.288125 0.01666700000000001 0.05625
0 0.6391663333333335 0.301875 0.041667000000000017 0.15125000000000005
0 0.6641663333333334 0.3075 0.025 0.08999999999999997
