0 0.28500033333333336 0.35000000000000003 0.13333300000000003 0.2675
0 0.016666333333333328 0.285625 0.026667 0.07375
0 0.03166633333333334 0.280625 0.033333 0.06125
0 0.050833333333333335 0.27625000000000005 0.025 0.055
0 0.07833333333333334 0.28124999999999994 0.023333000000000003 0.0475
0 0.10083333333333334 0.2725 0.021667000000000013 0.045
0 0.11416633333333336 0.275 0.01833299999999999 0.04
0 0.16000033333333336 0.284375 0.02 0.06375
0 0.38416633333333333 0.294375 0.02833299999999999 0.08874999999999997
0 0.36666633333333337 0.296875 0.026667000000000014 0.07875000000000004
0 0.5283333333333333 0.304375 0.04 0.11375000000000003
0 0.5533333333333333 0.325 0.05333299999999999 0.1575
0 0.5825003333333333 0.316875 0.03833299999999999 0.14125000000000001
