0 0.030000333333333334 0.375625 0.05333300000000001 0.10875
0 0.23583333333333334 0.369375 0.058332999999999996 0.11875000000000001
0 0.4633333333333334 0.4 0.09666699999999998 0.2475
0 0.40416633333333335 0.403125 0.061666999999999965 0.22125
0 0.3766663333333333 0.36875 0.03333299999999999 0.135
0 0.10583333333333333 0.34750000000000003 0.02833299999999999 0.0625
0 0.08333333333333334 0.34500000000000003 0.023333000000000003 0.0625
0 0.21000033333333334 0.055 0.023333000000000013 0.0625
0 0.22666633333333333 0.055625 0.02333299999999999 0.06375
0 0.39416633333333334 0.13 0.02833299999999999 0.0775
0 0.4216663333333334 0.145 0.026667000000000014 0.0725
0 0.5783333333333334 0.214375 0.03333299999999999 0.08125
0 0.9766663333333335 0.34 0.03666699999999992 0.0775
