0 0.3075003333333334 0.44375000000000003 0.061667000000000013 0.125
0 0.49250033333333326 0.42375 0.048332999999999994 0.0975
0 0.060000333333333336 0.41250000000000003 0.04333300000000001 0.105
0 0.3700003333333334 0.40875 0.02333299999999999 0.06
0 0.5725003333333333 0.41875 0.02833299999999999 0.0825
0 0.5583333333333336 0.40625 0.01666700000000001 0.0525
0 0.5075003333333333 0.410625 0.01833299999999999 0.058750000000000004
0 0.5158333333333334 0.4375 0.025 0.065
0 0.5216663333333335 0.150625 0.01666700000000001 0.053749999999999985
0 0.6675003333333333 0.126875 0.025 0.058750000000000004
0 0.7125003333333333 0.131875 0.01833299999999999 0.06125
0 0.7983333333333333 0.174375 0.02333299999999999 0.06125
0 0.8208333333333334 0.17875 0.021667000000000013 0.0725
0 0.8400003333333335 0.18 0.01666700000000001 0.0625
0 0.23833333333333334 0.440625 0.05333299999999999 0.15125
