0 0.7891663333333334 0.286875 0.088333 0.17624999999999996
0 0.7075003333333334 0.28625 0.065 0.13250000000000003
0 0.18833333333333335 0.55375 0.3766669999999999 0.79
0 0.13083333333333333 0.3125 0.07166700000000002 0.17750000000000005
0 0.35166633333333336 0.289375 0.07666700000000001 0.21874999999999997
0 0.4216663333333334 0.29125 0.10000000000000005 0.295
0 0.6091663333333335 0.28687500000000005 0.09166700000000001 0.2562499999999999
0 0.5375003333333332 0.293125 0.03833299999999999 0.08875
0 0.8425003333333335 0.284375 0.041667000000000017 0.10875
0 0.8966663333333335 0.28250000000000003 0.04 0.1075
0 0.9525003333333333 0.273125 0.04166699999999992 0.11375000000000003
0 0.9808333333333334 0.275 0.028333000000000084 0.125
