0 0.7150003333333333 0.614375 0.22666700000000004 0.48625
0 0.14833333333333334 0.368125 0.07 0.14125000000000001
0 0.6175003333333334 0.50625 0.148333 0.3000000000000001
0 0.32416633333333333 0.443125 0.09833299999999999 0.25875
0 0.5616663333333335 0.313125 0.046667000000000014 0.13625
0 0.6491663333333333 0.33875 0.09833299999999999 0.14250000000000002
0 0.19000033333333335 0.35625 0.04333299999999999 0.1225
0 0.20250033333333337 0.324375 0.035000000000000024 0.09125
0 0.23333333333333334 0.37 0.046667000000000014 0.1475
0 0.047500333333333346 0.301875 0.02500000000000001 0.05125000000000004
0 0.09250033333333334 0.315625 0.03833300000000001 0.08125
0 0.04916633333333334 0.37125 0.055 0.16
0 0.43333333333333335 0.28 0.02 0.06
0 0.27916633333333335 0.314375 0.031667000000000015 0.06875
