0 0.13583333333333333 0.54 0.14500000000000002 0.2925
0 0.6416663333333334 0.3825 0.05333299999999999 0.1975
0 0.6516663333333335 0.36312500000000003 0.07 0.18625
0 0.3900003333333334 0.359375 0.046667000000000014 0.14875
0 0.40416633333333335 0.543125 0.11833299999999995 0.29624999999999996
0 0.41166633333333336 0.7262500000000001 0.263333 0.545
0 0.12083333333333333 0.4325 0.061667000000000013 0.1375
0 0.035000333333333335 0.386875 0.04 0.10875
0 0.09750033333333336 0.336875 0.021667000000000013 0.05625
0 0.08000033333333333 0.359375 0.023333000000000003 0.058750000000000004
0 0.13083333333333333 0.33125 0.01833299999999999 0.045
