0 0.44583333333333336 0.27 0.155 0.3425
0 0.5575003333333333 0.231875 0.078333 0.16875
0 0.31750033333333333 0.23375 0.065 0.1275
0 0.6275003333333334 0.235625 0.061667000000000013 0.16875
0 0.6616663333333332 0.2225 0.04333299999999999 0.1125
0 0.7191663333333334 0.22875 0.045000000000000005 0.125
0 0.7841663333333333 0.234375 0.048332999999999994 0.12125
0 0.8333333333333334 0.21937500000000001 0.04333300000000009 0.11625
0 0.8916663333333334 0.225 0.05 0.11
0 0.9450003333333336 0.19375 0.02 0.0475
0 0.6775003333333335 0.20625000000000002 0.021667000000000013 0.0775
0 0.7891663333333334 0.22 0.041667000000000017 0.11
