0 0.14416633333333334 0.39125 0.09166700000000001 0.1775
0 0.9025003333333335 0.484375 0.10500000000000001 0.29375
0 0.9483333333333334 0.339375 0.07333300000000009 0.20625000000000002
0 0.5441663333333334 0.30750000000000005 0.05166700000000001 0.13750000000000004
0 0.4750003333333333 0.284375 0.03333299999999999 0.07875
0 0.4600003333333334 0.375 0.07333300000000004 0.155
0 0.29083333333333333 0.383125 0.055 0.13625
0 0.21666633333333335 0.37125 0.05333299999999999 0.145
0 0.043333333333333335 0.324375 0.033332999999999995 0.07625
0 0.09333333333333334 0.3225 0.026667000000000014 0.075
0 0.27416633333333335 0.3175 0.02833299999999999 0.07000000000000003
