0 0.14250033333333334 0.460625 0.15166699999999997 0.29625
0 0.5725003333333335 0.591875 0.208333 0.41625
0 0.22416633333333333 0.4025 0.078333 0.2125
0 0.020833333333333336 0.32375 0.041667000000000017 0.10250000000000001
0 0.08250033333333336 0.315 0.031667 0.07750000000000004
0 0.10333333333333335 0.280625 0.02333299999999999 0.06125
0 0.13000033333333336 0.275 0.02 0.045
0 0.27250033333333334 0.305625 0.035 0.09375
0 0.33500033333333334 0.311875 0.04 0.10125
0 0.39750033333333334 0.315625 0.03833299999999999 0.10625
0 0.39750033333333334 0.3 0.045000000000000005 0.1125
0 0.44666633333333333 0.315 0.04333300000000004 0.12250000000000004
0 0.47250033333333336 0.30875 0.045000000000000005 0.11
0 0.5716663333333335 0.316875 0.03666700000000001 0.09375
