0 0.6841663333333333 0.51875 0.198333 0.3975
0 0.31083333333333335 0.356875 0.08166700000000002 0.16625
0 0.24416633333333335 0.36375 0.07500000000000001 0.17500000000000002
0 0.14666633333333334 0.3625 0.073333 0.15
0 0.3983333333333334 0.356875 0.06666699999999996 0.16625
0 0.6150003333333335 0.29875 0.046667000000000014 0.1325
0 0.6408333333333334 0.29375 0.041667000000000017 0.1225
0 0.9200003333333335 0.32625 0.07333300000000009 0.1775
0 0.9616663333333335 0.316875 0.06333300000000008 0.16125
0 0.07500033333333335 0.319375 0.046667 0.11875000000000001
0 0.12583333333333335 0.320625 0.05166700000000001 0.11625
0 0.7491663333333335 0.276875 0.031667000000000015 0.08125
0 0.28166633333333335 0.25499999999999995 0.02333299999999999 0.0475
