0 0.3166663333333333 0.440625 0.1 0.23375
0 0.39166633333333334 0.386875 0.08 0.16125
0 0.10583333333333333 0.338125 0.025 0.10875
0 0.12416633333333334 0.28250000000000003 0.021667000000000013 0.05
0 0.21750033333333335 0.29875 0.021667000000000013 0.0675
0 0.26083333333333336 0.291875 0.025 0.061249999999999964
0 0.27666633333333335 0.310625 0.03666700000000001 0.08625000000000001
0 0.32166633333333333 0.313125 0.026667000000000014 0.07125000000000001
0 0.34833333333333333 0.279375 0.02333299999999999 0.05625
0 0.4608333333333334 0.28500000000000003 0.025 0.0725
0 0.49583333333333335 0.2975 0.02833299999999999 0.0775
0 0.5666663333333333 0.304375 0.03333299999999999 0.08625000000000003
0 0.5916663333333333 0.296875 0.03333299999999999 0.09125000000000004
0 0.6025003333333333 0.315 0.03833299999999999 0.10750000000000004
0 0.6850003333333334 0.32125 0.060000000000000005 0.14
0 0.19166633333333336 0.335625 0.04 0.11125
0 0.8875003333333334 0.345625 0.07833300000000008 0.15625
