0 0.8791663333333333 0.601875 0.225 0.49875
0 0.4500003333333334 0.36625 0.08666699999999997 0.17500000000000002
0 0.36166633333333337 0.373125 0.08666700000000002 0.18625
0 0.2525003333333333 0.34750000000000003 0.065 0.135
0 0.19500033333333336 0.32125 0.05 0.1225
0 0.21666633333333335 0.318125 0.03333299999999999 0.10874999999999997
0 0.28833333333333333 0.32375 0.030000000000000002 0.105
0 0.6675003333333333 0.30125 0.03833299999999999 0.12
0 0.7166663333333333 0.295625 0.04333299999999999 0.11625
0 0.9375003333333333 0.33125 0.085 0.17250000000000001
0 0.38916633333333334 0.26562499999999994 0.02833299999999999 0.058750000000000004
0 0.8566663333333334 0.28375 0.026666999999999916 0.07500000000000004
0 0.48000033333333336 0.350625 0.05 0.14125000000000001
