0 0.32833333333333337 0.641875 0.23333300000000004 0.46875
0 0.5091663333333334 0.545 0.17500000000000002 0.4375
0 0.6566663333333335 0.509375 0.183333 0.39875
0 0.12416633333333334 0.6481250000000001 0.23500000000000001 0.55875
0 0.11666633333333333 0.4175 0.093333 0.23500000000000001
0 0.025833333333333337 0.335 0.05166700000000001 0.12
0 0.34416633333333335 0.283125 0.058332999999999996 0.14875
0 0.4800003333333335 0.289375 0.056667000000000016 0.14874999999999997
0 0.5533333333333336 0.288125 0.056667000000000016 0.15625
0 0.9158333333333334 0.316875 0.12833300000000009 0.26875
0 0.9491663333333334 0.45687500000000003 0.085 0.45875
0 0.12583333333333335 0.25375000000000003 0.035 0.0725
