0 0.24166633333333334 0.59125 0.22 0.44
0 0.8100003333333333 0.36 0.11333299999999999 0.26
0 0.04083333333333334 0.48375 0.081667 0.2475
0 0.10583333333333333 0.446875 0.095 0.21625
0 0.021666333333333336 0.365 0.04 0.1
0 0.09666633333333334 0.375 0.05666699999999999 0.145
0 0.17000033333333336 0.31 0.05333300000000002 0.13249999999999998
0 0.22666633333333333 0.325625 0.04333299999999999 0.11125
0 0.27500033333333335 0.319375 0.046667000000000014 0.09375
0 0.3141663333333333 0.316875 0.03833299999999999 0.09875
0 0.29416633333333336 0.314375 0.05166700000000001 0.14125000000000001
0 0.41000033333333336 0.32937500000000003 0.05333300000000004 0.15125
0 0.5616663333333333 0.414375 0.093333 0.26875
0 0.6208333333333333 0.36125 0.058332999999999996 0.17
0 0.8833333333333334 0.36625 0.08333300000000009 0.21
0 0.9041663333333335 0.34125 0.06166699999999992 0.18
