0 0.5225003333333332 0.29812500000000003 0.09833299999999999 0.19625
0 0.6825003333333333 0.26937500000000003 0.06833299999999999 0.15625
0 0.9408333333333334 0.240625 0.06166699999999992 0.12625
0 0.4825003333333335 0.295 0.061667000000000013 0.185
0 0.6308333333333334 0.26937500000000003 0.041667000000000017 0.12625
0 0.7191663333333334 0.27 0.035 0.1375
0 0.7675003333333333 0.2712500000000001 0.055 0.13750000000000004
0 0.8808333333333334 0.240625 0.03166699999999992 0.08625000000000001
0 0.7941663333333334 0.22 0.015000000000000001 0.03
0 0.8100003333333334 0.218125 0.01 0.02625
0 0.8341663333333335 0.216875 0.011667000000000012 0.02625
