0 0.19750033333333336 0.521875 0.288333 0.64125
0 0.8991663333333335 0.395 0.18833300000000008 0.495
0 0.5933333333333334 0.40750000000000003 0.16 0.365
0 0.5058333333333331 0.348125 0.078333 0.21625
0 0.4350003333333334 0.316875 0.036666999999999964 0.10125
0 0.12583333333333335 0.385625 0.095 0.19125
0 0.6416663333333334 0.30125 0.030000000000000002 0.085
0 0.7075003333333335 0.333125 0.088333 0.22375
0 0.7725003333333333 0.305 0.03833299999999999 0.12249999999999997
0 0.8191663333333334 0.32375 0.05166700000000001 0.1875
0 0.8641663333333333 0.340625 0.065 0.20625000000000002
