0 0.6600003333333335 0.39687500000000003 0.103333 0.20875
0 0.43083333333333335 0.436875 0.15833300000000006 0.34375
0 0.011666333333333334 0.3625 0.023333000000000003 0.06
0 0.051666333333333335 0.35875 0.03333300000000001 0.0725
0 0.11166633333333333 0.38 0.05666699999999999 0.11
0 0.1366663333333334 0.359375 0.033333000000000015 0.08125
0 0.15666633333333332 0.358125 0.02666699999999999 0.06875
0 0.19500033333333336 0.36312500000000003 0.03333299999999999 0.07875
0 0.21166633333333335 0.355625 0.026667000000000014 0.07625
0 0.26833333333333337 0.36125 0.030000000000000002 0.0725
0 0.5983333333333334 0.341875 0.03333299999999999 0.07375
0 0.7733333333333334 0.335 0.03666700000000001 0.085
0 0.9383333333333334 0.33187500000000003 0.05333300000000009 0.10875
