0 0.32166633333333333 0.5475 0.22333299999999995 0.44750000000000006
0 0.010833333333333334 0.3675 0.021667000000000002 0.0575
0 0.035000333333333335 0.3675 0.026667 0.0625
0 0.06833333333333334 0.359375 0.016667 0.043750000000000004
0 0.10583333333333333 0.358125 0.01833299999999999 0.03625
0 0.12833333333333335 0.355625 0.01666700000000001 0.03375
0 0.14166633333333334 0.368125 0.026667000000000014 0.06875
0 0.16333333333333333 0.3575 0.02 0.045
0 0.19166633333333336 0.3675 0.030000000000000002 0.075
0 0.22500033333333336 0.37 0.026667000000000014 0.065
0 0.24750033333333335 0.36625 0.021667000000000013 0.065
0 0.35583333333333333 0.35875 0.025 0.06
0 0.3675003333333334 0.35625 0.01833299999999999 0.0475
0 0.4425003333333334 0.38 0.035 0.11
0 0.4658333333333334 0.35875 0.02833299999999999 0.07
0 0.5158333333333334 0.3575 0.02833299999999999 0.0725
0 0.5325003333333332 0.359375 0.02833299999999999 0.07375
0 0.7366663333333334 0.353125 0.030000000000000002 0.06375
0 0.8050003333333334 0.378125 0.060000000000000005 0.11875000000000001
0 0.8600003333333333 0.365 0.03666699999999992 0.0975
0 0.9100003333333333 0.36375 0.04 0.1
0 0.9575003333333333 0.385625 0.06166699999999992 0.17375000000000002
