0 0.6250003333333335 0.445 0.09666700000000002 0.19
0 0.03750033333333334 0.449375 0.07500000000000001 0.24125
0 0.09833333333333334 0.41625 0.06333299999999999 0.1575
0 0.20833333333333334 0.42625 0.08333299999999999 0.1875
0 0.16000033333333336 0.388125 0.03666700000000001 0.09375
0 0.18416633333333332 0.38 0.035 0.08
0 0.29166633333333336 0.3775 0.01666700000000001 0.05
0 0.32083333333333336 0.38125000000000003 0.021667000000000013 0.0625
0 0.33916633333333335 0.37375 0.015000000000000001 0.05
0 0.38166633333333333 0.38125000000000003 0.02 0.06
0 0.40500033333333335 0.38125000000000003 0.026667000000000014 0.0775
0 0.46166633333333335 0.385 0.030000000000000002 0.08
0 0.44583333333333336 0.386875 0.021667000000000013 0.06375
0 0.49166633333333337 0.39 0.030000000000000002 0.075
0 0.5200003333333335 0.37125 0.01666700000000001 0.035
0 0.5675003333333335 0.371875 0.011667000000000012 0.02875
0 0.5433333333333333 0.420625 0.05 0.13625
0 0.5900003333333333 0.415625 0.05 0.13875
0 0.7216663333333334 0.39625 0.030000000000000002 0.08750000000000001
0 0.8558333333333333 0.395625 0.025 0.08125
0 0.9341663333333334 0.40875 0.048333000000000084 0.15
