0 0.5066663333333333 0.458125 0.16 0.38375000000000004
0 0.6475003333333335 0.34750000000000003 0.10166700000000002 0.20500000000000002
0 0.25583333333333336 0.34875 0.048332999999999994 0.1475
0 0.30083333333333334 0.36 0.08166700000000002 0.1925
0 0.7766663333333335 0.31 0.026667000000000014 0.05999999999999996
0 0.8191663333333334 0.32 0.031667000000000015 0.08750000000000001
0 0.8550003333333333 0.3175 0.04 0.10000000000000003
0 0.8900003333333333 0.3275 0.05333300000000009 0.16
0 0.9200003333333335 0.35375 0.05666699999999992 0.23
0 0.9475003333333333 0.40625 0.085 0.36
