0 0.13250033333333336 0.439375 0.07166700000000002 0.14375000000000002
0 0.5250003333333335 0.473125 0.103333 0.20625000000000002
0 0.38166633333333333 0.41000000000000003 0.026667000000000014 0.0575
0 0.42000033333333336 0.41000000000000003 0.026666999999999965 0.0625
0 0.7400003333333334 0.420625 0.030000000000000002 0.07125000000000001
0 0.7616663333333334 0.410625 0.01666700000000001 0.043750000000000004
0 0.7766663333333335 0.408125 0.02 0.05375
0 0.8025003333333335 0.410625 0.011667000000000012 0.04625
0 0.8091663333333334 0.415625 0.021667000000000013 0.06125
0 0.8500003333333334 0.409375 0.013333000000000084 0.03875
0 0.8608333333333333 0.406875 0.011666999999999917 0.043750000000000004
0 0.8775003333333335 0.4225 0.028333000000000084 0.07
0 0.9158333333333334 0.41375 0.028333000000000084 0.07
0 0.9616663333333335 0.41875 0.023333000000000086 0.06
0 0.9808333333333334 0.4175 0.028333000000000084 0.07
0 0.5516663333333334 0.42562500000000003 0.060000000000000005 0.12125
