0 0.5675003333333334 0.3325 0.125 0.28250000000000003
0 0.2783333333333334 0.33187500000000003 0.1 0.31125
0 0.36666633333333337 0.325 0.07666700000000001 0.2275
0 0.6350003333333334 0.296875 0.05 0.12375000000000004
0 0.6775003333333334 0.286875 0.035 0.14124999999999996
0 0.6975003333333335 0.289375 0.031667000000000015 0.12124999999999997
0 0.7850003333333335 0.26812499999999995 0.026667000000000014 0.07125000000000001
0 0.8333333333333334 0.27187500000000003 0.02333299999999999 0.06625
0 0.8108333333333334 0.265 0.01833299999999999 0.0625
0 0.9050003333333333 0.27312499999999995 0.030000000000000002 0.07375
