0 0.3675003333333334 0.443125 0.29500000000000004 0.65125
0 0.46416633333333335 0.33875 0.19166700000000006 0.385
0 0.5083333333333334 0.265 0.06333299999999999 0.17500000000000002
0 0.6016663333333333 0.259375 0.06333299999999999 0.18375
0 0.6633333333333333 0.265 0.103333 0.28250000000000003
0 0.7250003333333332 0.240625 0.04333299999999999 0.13875
0 0.7808333333333334 0.23 0.055 0.1475
0 0.8558333333333333 0.285625 0.09833300000000009 0.28125
0 0.9291663333333334 0.3025 0.12833300000000009 0.41250000000000003
0 0.9066663333333332 0.249375 0.07 0.21125
