0 0.5916663333333334 0.4 0.30000000000000004 0.6625
0 0.15583333333333335 0.453125 0.311667 0.70125
0 0.27416633333333335 0.3375 0.17500000000000002 0.45
0 0.19583333333333336 0.261875 0.07166700000000002 0.21625
0 0.32333333333333336 0.281875 0.136667 0.33625
0 0.41916633333333336 0.255 0.06833300000000005 0.20750000000000005
0 0.44916633333333333 0.245 0.045000000000000005 0.155
0 0.7658333333333334 0.23875000000000002 0.07166700000000002 0.1875
0 0.8233333333333334 0.230625 0.060000000000000005 0.18375
0 0.9450003333333336 0.28625 0.1 0.31000000000000005
