0 0.6808333333333334 0.29875 0.11166700000000002 0.2525
0 0.012500333333333336 0.295625 0.021667000000000002 0.04625
0 0.047500333333333346 0.29 0.02500000000000001 0.05
0 0.11916633333333333 0.28250000000000003 0.015000000000000001 0.0425
0 0.13250033333333336 0.28687500000000005 0.01833299999999999 0.043750000000000004
0 0.14916633333333335 0.283125 0.01833299999999999 0.04625
0 0.17416633333333334 0.28250000000000003 0.015000000000000001 0.04
0 0.28916633333333336 0.27375000000000005 0.011667000000000012 0.035
0 0.30083333333333334 0.27375000000000005 0.011667000000000012 0.0325
0 0.31333333333333335 0.27312499999999995 0.01 0.03625
0 0.3358333333333334 0.27187500000000003 0.011667000000000012 0.03375
0 0.7025003333333334 0.294375 0.065 0.18374999999999997
