0 0.3116663333333333 0.36875 0.17 0.325
0 0.10750033333333335 0.42812500000000003 0.21166700000000002 0.42375
0 0.24000033333333337 0.31625000000000003 0.07666700000000001 0.19
0 0.3983333333333334 0.28125 0.05 0.12750000000000003
0 0.4341663333333334 0.310625 0.03833300000000004 0.08625000000000001
0 0.5108333333333334 0.295 0.09166700000000001 0.225
0 0.6225003333333334 0.299375 0.07166700000000002 0.22125000000000003
0 0.6700003333333333 0.23625000000000002 0.04333299999999999 0.11750000000000001
0 0.7575003333333334 0.290625 0.118333 0.28125
0 0.8533333333333334 0.24 0.05333300000000009 0.16
0 0.9166663333333332 0.2525 0.08666699999999992 0.21250000000000005
0 0.9750003333333334 0.24125 0.04333300000000009 0.19
