0 0.41833333333333333 0.405625 0.2566669999999999 0.51625
0 0.07083333333333333 0.3025 0.06833299999999999 0.16749999999999995
0 0.14500033333333334 0.290625 0.05333300000000002 0.14625
0 0.17833333333333334 0.29125 0.056667000000000016 0.13
0 0.30250033333333337 0.305625 0.055 0.15125
0 0.24583333333333335 0.27625 0.03833299999999999 0.09999999999999996
0 0.5791663333333334 0.27 0.03833299999999999 0.1075
0 0.5016663333333334 0.26687500000000003 0.026667000000000014 0.08875
0 0.6900003333333334 0.25625 0.04 0.105
0 0.7225003333333334 0.2675 0.035 0.095
0 0.6258333333333334 0.26687500000000003 0.031667000000000015 0.08875
0 0.7925003333333333 0.2975 0.06833299999999999 0.1875
0 0.7750003333333334 0.246875 0.04 0.07875
0 0.8466663333333335 0.25562500000000005 0.030000000000000096 0.08625000000000001
0 0.9150003333333333 0.240625 0.030000000000000002 0.07125000000000001
0 0.032500333333333346 0.29125 0.055 0.135
0 0.8991663333333335 0.54 0.195 0.8375
