0 0.6433333333333334 0.54125 0.44 0.9075
0 0.44333333333333336 0.440625 0.13333300000000003 0.35625
0 0.38916633333333334 0.309375 0.031667000000000015 0.08875
0 0.36833333333333335 0.313125 0.03333299999999999 0.09375
0 0.3408333333333334 0.31125 0.035 0.1
0 0.29250033333333336 0.30125 0.025 0.07
0 0.17666633333333334 0.284375 0.02 0.04875
0 0.15500033333333335 0.286875 0.026667000000000014 0.06374999999999996
0 0.13083333333333333 0.28124999999999994 0.025 0.06
0 0.07666633333333332 0.286875 0.033333 0.08624999999999997
0 0.035833333333333335 0.3025 0.048333 0.12749999999999997
