0 0.6233333333333334 0.22 0.173333 0.34750000000000003
0 0.07333333333333333 0.184375 0.08333299999999999 0.17875
0 0.4783333333333334 0.180625 0.060000000000000005 0.14125000000000001
0 0.24583333333333335 0.15875 0.02833299999999999 0.0725
0 0.29416633333333336 0.161875 0.031667000000000015 0.08125
0 0.33500033333333334 0.15687500000000001 0.026667000000000014 0.06625000000000002
0 0.3791663333333333 0.15875 0.021667000000000013 0.0675
0 0.40666633333333335 0.17 0.026667000000000014 0.08750000000000001
0 0.4391663333333333 0.175625 0.02833300000000004 0.09125
0 0.4475003333333333 0.16875 0.02833299999999999 0.0925
0 0.14750033333333332 0.151875 0.02166699999999999 0.053749999999999985
0 0.11750033333333333 0.149375 0.025 0.06375
0 0.20416633333333334 0.150625 0.021667000000000013 0.053749999999999985
0 0.09500033333333335 0.476875 0.19 0.77625
0 0.9550003333333335 0.241875 0.07666699999999992 0.24625
0 0.5375003333333332 0.20375000000000001 0.035 0.095
