0 0.7566663333333333 0.273125 0.11666700000000002 0.23375000000000004
0 0.8016663333333335 0.28375 0.09666700000000002 0.21250000000000005
0 0.5525003333333335 0.256875 0.07166700000000002 0.14625
0 0.6425003333333333 0.265 0.07500000000000001 0.1525
0 0.03833333333333334 0.21125 0.053333 0.15
0 0.14000033333333334 0.19 0.030000000000000002 0.0825
0 0.22833333333333336 0.236875 0.06333299999999999 0.18375
0 0.37333333333333335 0.236875 0.06333299999999999 0.15625
0 0.4350003333333334 0.211875 0.026666999999999965 0.07125000000000001
0 0.8800003333333333 0.268125 0.07666699999999992 0.19375000000000003
0 0.8475003333333333 0.2425 0.048332999999999994 0.11
0 0.7050003333333335 0.2425 0.046667000000000014 0.12
