0 0.4633333333333334 0.33125 0.060000000000000005 0.1225
0 0.6108333333333333 0.336875 0.07500000000000001 0.16625
0 0.8808333333333334 0.384375 0.12166699999999993 0.22875
0 0.26250033333333334 0.319375 0.01833299999999999 0.04125
0 0.29250033333333336 0.320625 0.015000000000000001 0.04125
0 0.32000033333333333 0.316875 0.013332999999999989 0.03875
0 0.33333333333333337 0.321875 0.02 0.05625
0 0.35000033333333336 0.320625 0.02 0.04625
0 0.38083333333333336 0.319375 0.021667000000000013 0.05375
0 0.44083333333333335 0.335625 0.035 0.08875
