0 0.42000033333333336 0.2775 0.16666700000000007 0.3775
0 0.6025003333333333 0.33 0.168333 0.34
0 0.7975003333333333 0.409375 0.255 0.51125
0 0.08500033333333334 0.265625 0.13333300000000003 0.37125
0 0.25500033333333333 0.22062500000000002 0.046667000000000014 0.12375
0 0.30583333333333335 0.21937500000000001 0.048332999999999994 0.12625
0 0.5316663333333332 0.25875 0.05333299999999999 0.155
0 0.4975003333333335 0.235625 0.031667000000000015 0.08875
0 0.23583333333333334 0.20625000000000002 0.02833299999999999 0.095
0 0.8783333333333334 0.304375 0.0933330000000001 0.32875
