0 0.4008333333333334 0.49875 0.48500000000000004 0.9925
0 0.09083333333333334 0.24 0.06833299999999999 0.17
0 0.19500033333333336 0.23875000000000002 0.12666700000000003 0.2725
0 0.20750033333333337 0.2525 0.09500000000000003 0.31000000000000005
0 0.5125003333333333 0.4625 0.305 0.7725
0 0.7550003333333334 0.225 0.07 0.14
0 0.9008333333333334 0.210625 0.05166699999999992 0.14125000000000001
0 0.6908333333333334 0.18812500000000001 0.031667000000000015 0.07125000000000001
0 0.6475003333333333 0.19 0.02833299999999999 0.0675
0 0.8358333333333334 0.18937500000000002 0.02833299999999999 0.06625
0 0.036666333333333335 0.218125 0.04666699999999999 0.12125
