0 0.5008333333333334 0.5375 0.12166700000000003 0.24250000000000008
0 0.5508333333333334 0.5068750000000001 0.10500000000000001 0.21125
0 0.04166633333333334 0.5181250000000001 0.08333300000000002 0.24625
0 0.15333333333333335 0.481875 0.06333299999999999 0.14875
0 0.7216663333333334 0.48812500000000003 0.05 0.13875
0 0.6275003333333334 0.3375 0.041667000000000017 0.1275
0 0.7375003333333333 0.381875 0.03833299999999999 0.11125
0 0.7916663333333332 0.41000000000000003 0.04333299999999999 0.115
0 0.9633333333333334 0.465 0.030000000000000002 0.085
0 0.9416663333333333 0.465625 0.033333000000000085 0.07875
