0 0.6500003333333334 0.256875 0.08 0.17625
0 0.46250033333333335 0.388125 0.265 0.7262500000000001
0 0.22166633333333333 0.36 0.24666700000000003 0.515
0 0.30583333333333335 0.29875 0.135 0.375
0 0.5008333333333332 0.33375 0.18166699999999997 0.53
0 0.6841663333333333 0.2225 0.045000000000000005 0.105
0 0.7216663333333333 0.225 0.03333299999999999 0.0725
0 0.7566663333333333 0.256875 0.06333299999999999 0.17625
0 0.7991663333333333 0.22062500000000002 0.02833299999999999 0.06375
0 0.8325003333333334 0.21125 0.015000000000000001 0.04
