0 0.8591663333333333 0.25875 0.09166699999999993 0.2025
0 0.5641663333333332 0.2725 0.158333 0.34
0 0.09000033333333335 0.265625 0.18000000000000002 0.45375
0 0.19083333333333335 0.259375 0.178333 0.39625
0 0.8308333333333334 0.2 0.01833299999999999 0.045
0 0.7966663333333334 0.21125 0.02 0.05
0 0.8975003333333335 0.19625 0.015000000000000001 0.0475
0 0.9191663333333335 0.1975 0.018333000000000085 0.0425
0 0.9441663333333334 0.1975 0.015000000000000001 0.0425
0 0.9641663333333335 0.194375 0.015000000000000001 0.043750000000000004
0 0.9600003333333335 0.21375 0.01 0.025
0 0.9766663333333335 0.204375 0.01 0.03875
0 0.9708333333333334 0.215625 0.011666999999999917 0.02625
