0 0.12583333333333335 0.290625 0.131667 0.30125
0 0.47166633333333347 0.274375 0.08666700000000002 0.19375
0 0.3825003333333334 0.268125 0.08500000000000005 0.21625000000000005
0 0.023333333333333334 0.245625 0.046667 0.13625
0 0.04583333333333334 0.26375 0.06833299999999999 0.1675
0 0.21750033333333335 0.248125 0.065 0.16625
0 0.26250033333333334 0.25 0.07166700000000002 0.21000000000000005
0 0.24666633333333335 0.285625 0.07 0.23375
0 0.32000033333333333 0.280625 0.073333 0.20875
0 0.35750033333333336 0.2575 0.07500000000000001 0.19250000000000003
0 0.6641663333333334 0.24625 0.041667000000000017 0.15
0 0.6508333333333334 0.2575 0.048332999999999994 0.13750000000000004
0 0.8741663333333333 0.25625 0.045000000000000005 0.1475
0 0.7325003333333334 0.14875 0.025 0.0675
