0 0.6350003333333334 0.176875 0.1 0.20125
0 0.7583333333333334 0.186875 0.07666700000000001 0.15625
0 0.7975003333333333 0.2225 0.05166700000000001 0.105
0 0.12583333333333335 0.2525 0.18500000000000003 0.47750000000000004
0 0.20833333333333334 0.176875 0.046667000000000014 0.11625
0 0.28500033333333336 0.17250000000000001 0.04333299999999999 0.125
0 0.37333333333333335 0.255625 0.18333300000000005 0.45125
0 0.7183333333333334 0.161875 0.03666700000000001 0.10625
0 0.7408333333333336 0.1675 0.041667000000000017 0.1325
0 0.8175003333333333 0.16625 0.03833299999999999 0.11750000000000001
0 0.7983333333333333 0.213125 0.03666700000000001 0.08625000000000001
0 0.9516663333333333 0.19125 0.08666699999999992 0.24
