0 0.7516663333333334 0.24625 0.2233330000000001 0.465
0 0.44833333333333336 0.225625 0.10333300000000005 0.20875
0 0.5225003333333333 0.255 0.07500000000000001 0.15000000000000005
0 0.04166633333333334 0.23625000000000002 0.08333300000000002 0.20500000000000002
0 0.09250033333333335 0.210625 0.061667000000000013 0.12375
0 0.14250033333333334 0.2325 0.108333 0.23
0 0.38416633333333333 0.1875 0.041667000000000017 0.115
0 0.38583333333333336 0.19875 0.035 0.115
0 0.42083333333333334 0.210625 0.065 0.13625
0 0.6650003333333335 0.199375 0.09666700000000002 0.28125
0 0.8908333333333334 0.15937500000000002 0.05166699999999992 0.12625
0 0.9625003333333333 0.17 0.06166699999999992 0.1575
