0 0.2541663333333333 0.27 0.06833299999999999 0.14
0 0.3100003333333334 0.27 0.06666700000000002 0.135
0 0.4808333333333334 0.264375 0.065 0.13125
0 0.5566663333333335 0.26625 0.056667000000000016 0.1125
0 0.7058333333333334 0.25812500000000005 0.035 0.09875
0 0.7491663333333333 0.24999999999999997 0.01833299999999999 0.0525
0 0.7925003333333333 0.25375000000000003 0.025 0.075
0 0.7316663333333333 0.23750000000000002 0.013332999999999989 0.04
0 0.3675003333333334 0.24 0.015000000000000001 0.045
0 0.32666633333333334 0.235625 0.013332999999999989 0.03875
0 0.020000333333333335 0.26875 0.04 0.1325
0 0.9025003333333335 0.2425 0.018333000000000085 0.05
0 0.9600003333333335 0.248125 0.016666999999999918 0.05375
0 0.9758333333333334 0.24625 0.015000000000000001 0.045
0 0.19416633333333336 0.236875 0.015000000000000001 0.04625
0 0.21250033333333335 0.234375 0.01833299999999999 0.04625
