0 0.7733333333333334 0.18 0.11 0.2325
0 0.047500333333333346 0.52 0.095 0.15
0 0.10083333333333334 0.46 0.125 0.1675
0 0.13500033333333336 0.356875 0.08333299999999999 0.18125
0 0.16083333333333336 0.28875 0.065 0.18250000000000005
0 0.20416633333333334 0.21 0.055 0.14250000000000002
0 0.44583333333333336 0.18375 0.04833300000000004 0.125
0 0.4991663333333334 0.18625 0.055 0.145
0 0.5208333333333334 0.169375 0.05166700000000001 0.14375000000000002
0 0.5616663333333334 0.140625 0.02 0.04875
0 0.5975003333333335 0.14 0.021667000000000013 0.06250000000000001
0 0.7041663333333334 0.15125 0.03833299999999999 0.1125
0 0.8466663333333333 0.18937500000000002 0.04333299999999999 0.12125
0 0.8733333333333334 0.143125 0.05666699999999992 0.17375000000000002
0 0.9200003333333335 0.161875 0.060000000000000005 0.18375
0 0.9708333333333334 0.145625 0.05166699999999992 0.18625
0 0.4091663333333333 0.369375 0.2849999999999999 0.73875
