0 0.6950003333333333 0.355 0.073333 0.15
0 0.6416663333333334 0.353125 0.06666700000000002 0.15375
0 0.28833333333333333 0.3975 0.060000000000000005 0.1325
0 0.5133333333333334 0.541875 0.13 0.27875
0 0.12583333333333335 0.328125 0.061667000000000013 0.12875
0 0.30166633333333337 0.28625 0.04333299999999999 0.12000000000000004
0 0.36500033333333337 0.28875 0.046667000000000014 0.11250000000000004
0 0.5591663333333332 0.02 0.01833299999999999 0.04
0 0.5816663333333333 0.02125 0.013332999999999989 0.0425
0 0.6133333333333334 0.0475 0.01666700000000001 0.0625
0 0.6358333333333334 0.043750000000000004 0.01833299999999999 0.0575
0 0.6808333333333334 0.0525 0.01833299999999999 0.06
0 0.6975003333333333 0.055 0.01833299999999999 0.06
0 0.7408333333333335 0.0575 0.025 0.0625
0 0.6683333333333333 0.06375 0.02333299999999999 0.0625
0 0.5733333333333334 0.059375000000000004 0.02 0.06375
0 0.5508333333333334 0.058125 0.015000000000000001 0.058750000000000004
0 0.5325003333333332 0.143125 0.02833299999999999 0.08375
0 0.49083333333333334 0.13875 0.031667000000000015 0.08499999999999998
0 0.5425003333333333 0.290625 0.045000000000000005 0.12375
0 0.4683333333333334 0.28375 0.04333299999999999 0.12250000000000004
0 0.5291663333333333 0.48625 0.128333 0.265
