0 0.25916633333333333 0.295 0.115 0.2425
0 0.46166633333333335 0.3025 0.12000000000000001 0.25499999999999995
0 0.9075003333333334 0.14375000000000002 0.065 0.1325
0 0.8416663333333335 0.14 0.0500000000000001 0.12500000000000003
0 0.7991663333333333 0.144375 0.058332999999999996 0.11875000000000001
0 0.7066663333333333 0.4 0.133333 0.2675
0 0.9500003333333334 0.0825 0.026666999999999916 0.0675
0 0.9225003333333333 0.07187500000000001 0.02166699999999992 0.058750000000000004
0 0.9333333333333333 0.089375 0.023333000000000086 0.07625
0 0.9008333333333334 0.0925 0.035 0.0825
0 0.8600003333333333 0.051250000000000004 0.016666999999999918 0.045
0 0.8100003333333334 0.079375 0.030000000000000002 0.06375
0 0.7816663333333332 0.081875 0.02333299999999999 0.07625
0 0.7600003333333333 0.090625 0.02333299999999999 0.06875
0 0.7525003333333334 0.12125 0.021667000000000013 0.0775
0 0.7300003333333333 0.1075 0.026667000000000014 0.08750000000000001
0 0.7041663333333334 0.08750000000000001 0.02833299999999999 0.07
0 0.6500003333333333 0.1125 0.02333299999999999 0.09
0 0.6616663333333335 0.13625 0.01666700000000001 0.052499999999999984
0 0.6858333333333334 0.140625 0.015000000000000001 0.04125
0 0.5758333333333334 0.11812500000000001 0.02833299999999999 0.10625
