0 0.40916633333333335 0.320625 0.16166700000000006 0.36625
0 0.7291663333333334 0.3325 0.20500000000000002 0.46
0 0.5250003333333334 0.345625 0.19 0.45875
0 0.08000033333333334 0.268125 0.06666699999999999 0.16875000000000004
0 0.13000033333333336 0.241875 0.026667000000000014 0.07375
0 0.16916633333333334 0.24125 0.03166699999999999 0.085
0 0.21166633333333335 0.24125 0.030000000000000002 0.07
0 0.2541663333333333 0.241875 0.02833299999999999 0.07875
0 0.27166633333333334 0.23125 0.02 0.0625
0 0.3050003333333334 0.2325 0.02333299999999999 0.05
0 0.33333333333333337 0.24 0.046667000000000014 0.13
0 0.8308333333333334 0.24 0.06833300000000009 0.1825
0 0.6058333333333333 0.213125 0.015000000000000001 0.043750000000000004
