0 0.41416633333333336 0.201875 0.061666999999999965 0.12375
0 0.7566663333333334 0.2925 0.2233330000000001 0.435
0 0.5883333333333334 0.239375 0.093333 0.23375
0 0.5208333333333334 0.201875 0.031667000000000015 0.08125
0 0.43333333333333335 0.19125 0.033333000000000036 0.07
0 0.3725003333333334 0.19875 0.03833299999999999 0.10250000000000001
0 0.32583333333333336 0.196875 0.03833299999999999 0.09875
0 0.8525003333333333 0.22187500000000002 0.09833300000000009 0.21875
0 0.7058333333333334 0.169375 0.025 0.051250000000000004
0 0.6866663333333334 0.173125 0.02 0.04625
0 0.6625003333333332 0.171875 0.01833299999999999 0.03875
