0 0.7483333333333334 0.26062500000000005 0.14 0.3162499999999999
0 0.8583333333333334 0.19625 0.09000000000000001 0.2
0 0.46500033333333335 0.225625 0.14666699999999996 0.29625
0 0.06666633333333334 0.24875 0.13333300000000003 0.2725
0 0.5841663333333335 0.2025 0.07500000000000001 0.1825
0 0.6508333333333334 0.20125 0.058332999999999996 0.1575
0 0.6975003333333335 0.2425 0.088333 0.2475
0 0.7975003333333333 0.185625 0.061667000000000013 0.14125000000000001
0 0.9175003333333334 0.180625 0.06166699999999992 0.14125000000000001
0 0.9666663333333335 0.18875 0.04666699999999992 0.1325
0 0.6250003333333335 0.225625 0.10666700000000001 0.29375
