0 0.7733333333333334 0.209375 0.15000000000000002 0.33375
0 0.41916633333333336 0.28875 0.24500000000000002 0.5775
0 0.5183333333333333 0.15125 0.01666700000000001 0.035
0 0.5466663333333334 0.150625 0.01 0.028749999999999984
0 0.5625003333333335 0.150625 0.011667000000000012 0.031249999999999983
0 0.5950003333333332 0.148125 0.013332999999999989 0.03125
0 0.6450003333333333 0.195 0.05333299999999999 0.1775
0 0.6941663333333332 0.19125 0.058332999999999996 0.2
0 0.24250033333333337 0.15937500000000002 0.015000000000000001 0.04125
0 0.22833333333333336 0.155625 0.013332999999999989 0.041250000000000016
