0 0.06583333333333334 0.28125 0.08166700000000002 0.16500000000000004
0 0.6650003333333335 0.30062500000000003 0.103333 0.20375000000000001
0 0.4400003333333334 0.409375 0.21333299999999997 0.52375
0 0.23583333333333334 0.33187500000000003 0.125 0.31375000000000003
0 0.14916633333333335 0.293125 0.041667000000000017 0.11375
0 0.17083333333333334 0.2675 0.03833300000000001 0.11
0 0.5525003333333334 0.26312500000000005 0.035 0.09125
0 0.7416663333333334 0.3375 0.10666700000000001 0.31
0 0.8316663333333335 0.321875 0.0900000000000001 0.25625
0 0.8741663333333333 0.31125 0.06833300000000009 0.2125
0 0.9133333333333334 0.291875 0.04666699999999992 0.12124999999999997
0 0.9608333333333334 0.28625 0.04166699999999992 0.10750000000000004
0 0.5166663333333334 0.24875 0.01666700000000001 0.0425
