0 0.5066663333333334 0.314375 0.153333 0.32625
0 0.08750033333333333 0.26375 0.07833300000000001 0.1575
0 0.34500033333333335 0.26 0.06333299999999999 0.16
0 0.4450003333333334 0.244375 0.05 0.13625
0 0.6658333333333334 0.23625000000000002 0.03833299999999999 0.12
0 0.7291663333333335 0.28500000000000003 0.12166700000000003 0.305
0 0.8808333333333334 0.2575 0.065 0.18000000000000005
0 0.9383333333333334 0.246875 0.06666699999999992 0.20375000000000001
0 0.01583333333333334 0.233125 0.031667 0.09125
0 0.05666633333333334 0.25875 0.05666699999999999 0.135
