0 0.49916633333333343 0.316875 0.14166700000000002 0.31125
0 0.058333333333333334 0.3025 0.11666700000000002 0.34750000000000003
0 0.2516663333333333 0.296875 0.09000000000000001 0.22375000000000003
0 0.33250033333333334 0.258125 0.07500000000000001 0.18124999999999997
0 0.36583333333333334 0.225625 0.03833299999999999 0.08875
0 0.7041663333333334 0.25499999999999995 0.045000000000000005 0.14249999999999996
0 0.7675003333333333 0.25875 0.055 0.14
0 0.8658333333333333 0.265 0.06166699999999992 0.1525
0 0.8933333333333334 0.27 0.06666699999999992 0.1875
0 0.9491663333333334 0.25749999999999995 0.055 0.12
0 0.5475003333333333 0.243125 0.041667000000000017 0.12875
0 0.4808333333333334 0.29812500000000003 0.085 0.26625
0 0.6158333333333335 0.2925 0.115 0.2925
0 0.1708333333333333 0.36062500000000003 0.18166699999999997 0.55375
