0 0.18833333333333335 0.43 0.25 0.505
0 0.8666663333333334 0.33625 0.08333300000000009 0.165
0 0.5216663333333335 0.328125 0.09666700000000002 0.20625000000000002
0 0.04916633333333334 0.333125 0.06166699999999999 0.19875
0 0.11500033333333336 0.3325 0.060000000000000005 0.17250000000000001
0 0.27166633333333334 0.340625 0.10666699999999997 0.23375
0 0.3166663333333333 0.30375 0.05 0.135
0 0.3458333333333333 0.324375 0.058332999999999996 0.15875
0 0.38916633333333334 0.301875 0.035 0.09875000000000003
0 0.44666633333333333 0.306875 0.04 0.14125000000000001
0 0.5608333333333334 0.32 0.07166700000000002 0.17250000000000001
0 0.5875003333333333 0.29875 0.02833299999999999 0.085
0 0.6058333333333333 0.305 0.02833299999999999 0.10249999999999997
0 0.6258333333333332 0.30312500000000003 0.025 0.08375
0 0.6691663333333333 0.30062500000000003 0.02833299999999999 0.09125
0 0.6475003333333335 0.305625 0.031667000000000015 0.12375
0 0.7166663333333334 0.304375 0.04 0.10875000000000004
0 0.7683333333333334 0.32 0.05333299999999999 0.1225
0 0.8233333333333334 0.30125 0.046667000000000014 0.1
0 0.8941663333333335 0.31625000000000003 0.04166699999999992 0.115
0 0.9258333333333334 0.31375000000000003 0.03833300000000009 0.11
0 0.9616663333333335 0.316875 0.05 0.10625
