0 0.13333333333333333 0.38875 0.26666700000000004 0.7775
0 0.38333333333333336 0.275 0.17333300000000004 0.3825
0 0.17916633333333334 0.163125 0.031667000000000015 0.09125
0 0.29833333333333334 0.175625 0.03333299999999999 0.10625
0 0.46250033333333346 0.1825 0.041667000000000017 0.105
0 0.5633333333333331 0.171875 0.03333299999999999 0.09875
0 0.6008333333333333 0.175625 0.031667000000000015 0.08875
0 0.6358333333333334 0.17250000000000001 0.025 0.0675
0 0.6550003333333335 0.17500000000000002 0.03666700000000001 0.0975
0 0.6800003333333334 0.17 0.026667000000000014 0.08
