0 0.7716663333333335 0.3725 0.123333 0.2925
0 0.31833333333333336 0.34625 0.09000000000000001 0.21
0 0.5041663333333335 0.3425 0.108333 0.25
0 0.22750033333333336 0.29625 0.035 0.095
0 0.23583333333333334 0.30875 0.041667000000000017 0.1325
0 0.26750033333333334 0.3375 0.06833299999999999 0.185
0 0.45083333333333336 0.319375 0.05833300000000004 0.14375000000000002
0 0.6608333333333334 0.3 0.041667000000000017 0.1
0 0.8541663333333332 0.291875 0.03166699999999992 0.08374999999999996
0 0.9125003333333334 0.28625 0.03833300000000009 0.08500000000000003
0 0.9291663333333334 0.30625 0.055 0.1475
0 0.9633333333333334 0.31875000000000003 0.05666699999999992 0.1675
0 0.7458333333333335 0.36312500000000003 0.085 0.25375000000000003
0 0.5575003333333333 0.346875 0.09833299999999999 0.27375
0 0.18666633333333332 0.36562500000000003 0.136667 0.31875000000000003
