0 0.26166633333333333 0.388125 0.19333300000000006 0.38625
0 0.06333333333333334 0.28250000000000003 0.053333 0.1525
0 0.10416633333333333 0.30875 0.085 0.22
0 0.13250033333333336 0.2625 0.031667000000000015 0.10250000000000001
0 0.16500033333333336 0.2725 0.04 0.1075
0 0.20833333333333334 0.29 0.073333 0.1575
0 0.26333333333333336 0.25625 0.04333299999999999 0.105
0 0.29250033333333336 0.264375 0.048332999999999994 0.11125
0 0.32416633333333333 0.3 0.06833299999999999 0.17
0 0.4108333333333334 0.3375 0.03833300000000004 0.105
0 0.44833333333333336 0.26812499999999995 0.01666700000000001 0.05625
0 0.5166663333333334 0.270625 0.04 0.10125000000000003
0 0.7558333333333332 0.27375 0.045000000000000005 0.11249999999999996
0 0.7008333333333334 0.27 0.041667000000000017 0.0975
0 0.7191663333333332 0.29125 0.048332999999999994 0.1375
0 0.6275003333333334 0.283125 0.045000000000000005 0.13375
0 0.6491663333333335 0.305 0.05166700000000001 0.15749999999999997
0 0.5766663333333335 0.3425 0.103333 0.3575
0 0.9150003333333333 0.4475 0.15666699999999992 0.585
