0 0.5700003333333333 0.349375 0.19666700000000004 0.40375
0 0.35916633333333337 0.449375 0.368333 0.73875
0 0.13500033333333336 0.214375 0.04 0.09125
0 0.1700003333333333 0.238125 0.04666699999999999 0.13125
0 0.48500033333333337 0.213125 0.04 0.11125
0 0.5808333333333334 0.200625 0.03833299999999999 0.10125
0 0.6175003333333333 0.20625000000000002 0.048332999999999994 0.0975
0 0.7225003333333334 0.255 0.07500000000000001 0.24500000000000005
0 0.8241663333333334 0.184375 0.021667000000000013 0.06125
0 0.8500003333333334 0.23 0.06333300000000008 0.165
0 0.9433333333333334 0.22187500000000002 0.060000000000000005 0.16375
