0 0.5016663333333333 0.20875 0.07 0.1525
0 0.6066663333333333 0.208125 0.07 0.15625
0 0.8208333333333334 0.239375 0.095 0.19125
0 0.35750033333333336 0.185625 0.03833299999999999 0.09375
0 0.24416633333333335 0.16375 0.025 0.0625
0 0.25750033333333333 0.163125 0.021667000000000013 0.05375
0 0.4058333333333333 0.19187500000000002 0.025 0.09375
0 0.4425003333333334 0.1775 0.025 0.0775
0 0.4816663333333335 0.179375 0.026667000000000014 0.07875
0 0.5583333333333333 0.17875 0.02333299999999999 0.075
0 0.5750003333333334 0.18125 0.03666700000000001 0.0925
0 0.7966663333333334 0.184375 0.04 0.09125
0 0.8850003333333333 0.310625 0.22 0.55125
