0 0.13583333333333333 0.228125 0.128333 0.25125000000000003
0 0.6233333333333334 0.268125 0.14666700000000002 0.32375
0 0.22666633333333333 0.17625 0.046667000000000014 0.1275
0 0.2516663333333333 0.169375 0.046667000000000014 0.10125
0 0.28916633333333336 0.175625 0.048332999999999994 0.12625
0 0.33333333333333337 0.168125 0.04333299999999999 0.11625
0 0.5000003333333334 0.171875 0.05 0.12125
0 0.5433333333333333 0.17500000000000002 0.060000000000000005 0.15
0 0.5858333333333333 0.150625 0.021667000000000013 0.05874999999999998
0 0.8125003333333333 0.178125 0.058332999999999996 0.14375000000000002
0 0.8900003333333333 0.306875 0.20666699999999993 0.59125
0 0.04083333333333334 0.210625 0.078333 0.20875
0 0.31916633333333333 0.2475 0.058332999999999996 0.1625
0 0.043333333333333335 0.2275 0.08 0.2475
