0 0.7166663333333334 0.346875 0.15000000000000002 0.32625
0 0.04916633333333334 0.283125 0.09833300000000002 0.23125
0 0.32000033333333333 0.224375 0.03333299999999999 0.08625000000000001
0 0.39416633333333334 0.22187500000000002 0.02833299999999999 0.07875
0 0.47916633333333336 0.225 0.035 0.1
0 0.5083333333333334 0.226875 0.030000000000000002 0.08625000000000001
0 0.5541663333333333 0.268125 0.058332999999999996 0.18875000000000003
0 0.6283333333333334 0.214375 0.030000000000000002 0.07375
0 0.5841663333333335 0.2925 0.088333 0.2475
0 0.7766663333333335 0.240625 0.03666700000000001 0.10125
0 0.9050003333333333 0.23125 0.04333300000000009 0.1075
