0 0.5475003333333333 0.24875 0.148333 0.31
0 0.9175003333333334 0.21375 0.06833300000000009 0.14
0 0.07916633333333335 0.168125 0.051667000000000005 0.12875
0 0.13416633333333336 0.194375 0.065 0.16375
0 0.19500033333333336 0.186875 0.1 0.25625
0 0.27916633333333335 0.18625 0.045000000000000005 0.1325
0 0.30833333333333335 0.16125 0.030000000000000002 0.09
0 0.4083333333333333 0.1775 0.046667000000000014 0.125
0 0.3791663333333333 0.155625 0.01833299999999999 0.05875000000000002
0 0.5100003333333333 0.1825 0.04333299999999999 0.1475
0 0.7308333333333333 0.194375 0.048332999999999994 0.12125
0 0.34250033333333335 0.1375 0.011667000000000012 0.0275
0 0.35666633333333336 0.139375 0.01 0.02625
0 0.35000033333333336 0.1425 0.01 0.0275
0 0.7858333333333334 0.19125 0.058332999999999996 0.135
