0 0.34416633333333335 0.295625 0.19833300000000004 0.41625
0 0.7300003333333333 0.24875 0.153333 0.3275
0 0.6333333333333334 0.170625 0.060000000000000005 0.13375
0 0.5591663333333332 0.16875 0.058332999999999996 0.1275
0 0.19833333333333333 0.17375000000000002 0.04333299999999999 0.125
0 0.27000033333333334 0.17250000000000001 0.056667000000000016 0.15
0 0.40333333333333343 0.1675 0.046667000000000014 0.1125
0 0.5150003333333333 0.173125 0.04333299999999999 0.12125
0 0.8566663333333334 0.138125 0.030000000000000002 0.06875
0 0.7225003333333335 0.1525 0.041667000000000017 0.08750000000000001
