0 0.5366663333333334 0.248125 0.09000000000000001 0.21375
0 0.4575003333333334 0.214375 0.085 0.19875
0 0.36166633333333337 0.20125 0.08 0.1775
0 0.6691663333333334 0.245625 0.09166700000000001 0.18375
0 0.14583333333333334 0.195 0.078333 0.1675
0 0.9583333333333334 0.225 0.07 0.15
0 0.5641663333333334 0.170625 0.021667000000000013 0.04875
0 0.7691663333333334 0.1925 0.035 0.10250000000000001
0 0.8216663333333335 0.199375 0.03666700000000001 0.10125
0 0.8516663333333335 0.2025 0.0400000000000001 0.11
0 0.8825003333333334 0.205625 0.04166699999999992 0.11125
0 0.9166663333333332 0.18812500000000001 0.023333000000000086 0.05375
0 0.027500333333333335 0.18812500000000001 0.055 0.16125
