0 0.4783333333333334 0.31249999999999994 0.12000000000000001 0.2725000000000001
0 0.8658333333333333 0.288125 0.1083330000000001 0.26375
0 0.6958333333333334 0.26937500000000003 0.10166700000000002 0.21875
0 0.7833333333333334 0.33187500000000003 0.12666700000000003 0.28125
0 0.30000033333333337 0.265 0.09000000000000001 0.18
0 0.04166633333333334 0.30375 0.08333300000000002 0.2625
0 0.24500033333333335 0.25249999999999995 0.03666700000000001 0.13
0 0.26583333333333337 0.26937500000000003 0.045000000000000005 0.11875000000000001
0 0.38750033333333334 0.24375 0.055 0.13
0 0.21833333333333335 0.291875 0.08666700000000002 0.20624999999999996
0 0.13250033333333336 0.36312500000000003 0.165 0.42125
0 0.9550003333333335 0.226875 0.026666999999999916 0.07375
0 0.8325003333333335 0.265625 0.05166700000000001 0.15625000000000003
