0 0.39916633333333335 0.319375 0.22833299999999995 0.45625
0 0.06500033333333334 0.213125 0.05 0.11875000000000001
0 0.13000033333333336 0.28500000000000003 0.143333 0.305
0 0.29000033333333336 0.2725 0.11333300000000004 0.3025
0 0.5266663333333335 0.21125 0.04 0.1225
0 0.5925003333333333 0.215 0.03833299999999999 0.115
0 0.5883333333333334 0.218125 0.04333299999999999 0.11125
0 0.6616663333333334 0.22312500000000002 0.04 0.12125
0 0.7100003333333335 0.216875 0.046667000000000014 0.13375
0 0.7141663333333335 0.226875 0.048332999999999994 0.13125
