0 0.4475003333333334 0.18 0.13166700000000006 0.2775
0 0.5600003333333334 0.19375 0.09666700000000002 0.225
0 0.03333333333333334 0.138125 0.033333 0.10875
0 0.09333333333333334 0.133125 0.03333299999999999 0.09125
0 0.11833333333333335 0.145625 0.03666700000000001 0.10125
0 0.07666633333333332 0.141875 0.043333 0.11625
0 0.15583333333333335 0.15625 0.05166700000000001 0.135
0 0.21333333333333335 0.1475 0.06666700000000002 0.145
0 0.3791663333333333 0.155 0.055 0.1475
0 0.4875003333333335 0.176875 0.07166700000000002 0.19375
0 0.6608333333333334 0.135 0.031667000000000015 0.07999999999999999
0 0.6325003333333334 0.18375 0.061667000000000013 0.2025
0 0.8150003333333334 0.18625 0.07666700000000001 0.23
0 0.32333333333333336 0.171875 0.06666700000000002 0.20625000000000002
