0 0.4033333333333334 0.345625 0.17999999999999997 0.38375000000000004
0 0.17416633333333334 0.32 0.178333 0.405
0 0.07000033333333333 0.231875 0.04333300000000001 0.12625
0 0.10083333333333333 0.264375 0.05833300000000002 0.19125
0 0.24583333333333335 0.26375 0.08166700000000002 0.2025
0 0.3125003333333333 0.274375 0.088333 0.24875
0 0.4450003333333334 0.26937500000000003 0.1 0.27125
0 0.5008333333333334 0.24 0.05166700000000001 0.1625
0 0.5741663333333334 0.24 0.058332999999999996 0.18
0 0.6233333333333334 0.23 0.03666700000000001 0.12
0 0.6600003333333334 0.2225 0.04 0.10250000000000001
0 0.7091663333333335 0.215 0.048332999999999994 0.1125
0 0.7300003333333333 0.25375000000000003 0.07 0.22
0 0.8116663333333335 0.20875 0.026667000000000014 0.065
0 0.8541663333333332 0.253125 0.085 0.19375
0 0.9216663333333333 0.32125 0.14666699999999994 0.47250000000000003
