0 0.34000033333333335 0.255 0.13 0.26250000000000007
0 0.17916633333333334 0.333125 0.19166700000000003 0.51125
0 0.06750033333333334 0.22375 0.045000000000000005 0.14250000000000002
0 0.27166633333333334 0.248125 0.08333299999999999 0.22125
0 0.3925003333333334 0.233125 0.045000000000000005 0.15125
0 0.4241663333333334 0.22875 0.048332999999999994 0.13
0 0.46666633333333335 0.215625 0.04 0.13375
0 0.4916663333333334 0.290625 0.10666700000000001 0.30375
0 0.6000003333333332 0.264375 0.09666700000000002 0.26875
0 0.6841663333333333 0.236875 0.055 0.13625
0 0.7391663333333334 0.243125 0.065 0.18875
0 0.7875003333333332 0.235625 0.045000000000000005 0.13875
0 0.8291663333333334 0.25875 0.085 0.20750000000000002
0 0.8850003333333333 0.224375 0.05 0.12875
