0 0.4525003333333334 0.53125 0.398333 0.9025
0 0.06916633333333333 0.305625 0.128333 0.25875
0 0.10333333333333335 0.27625 0.073333 0.15999999999999998
0 0.18166633333333335 0.299375 0.093333 0.19875000000000004
0 0.21750033333333335 0.276875 0.055 0.14625
0 0.2783333333333334 0.3175 0.103333 0.25750000000000006
0 0.36083333333333334 0.314375 0.10166700000000002 0.22625
0 0.6308333333333332 0.37 0.115 0.3025
0 0.7258333333333333 0.283125 0.061667000000000013 0.17625
0 0.7825003333333334 0.28750000000000003 0.085 0.20500000000000002
0 0.8791663333333333 0.40625 0.21500000000000002 0.5525
