0 0.6966663333333333 0.323125 0.163333 0.32875
0 0.49333333333333335 0.33187500000000003 0.15666699999999997 0.31375000000000003
0 0.07000033333333333 0.294375 0.06333300000000001 0.20374999999999996
0 0.11500033333333336 0.30062500000000003 0.08 0.21875
0 0.16583333333333333 0.28375 0.055 0.18500000000000003
0 0.21083333333333334 0.305625 0.088333 0.24125
0 0.32083333333333336 0.306875 0.078333 0.22125
0 0.37833333333333335 0.3125 0.06333299999999999 0.25750000000000006
0 0.43833333333333335 0.32625 0.09000000000000001 0.265
0 0.5458333333333334 0.25125000000000003 0.05166700000000001 0.1275
0 0.6016663333333334 0.25375000000000003 0.04 0.115
0 0.5758333333333334 0.23750000000000002 0.031667000000000015 0.08750000000000001
0 0.7341663333333335 0.24 0.041667000000000017 0.115
0 0.7700003333333335 0.2575 0.06666700000000002 0.17000000000000004
0 0.8400003333333333 0.2425 0.049999999999999906 0.125
0 0.8666663333333334 0.26625 0.07 0.16
0 0.9091663333333335 0.23500000000000001 0.04166699999999992 0.1
0 0.9625003333333333 0.23750000000000002 0.045000000000000005 0.11
