0 0.23333333333333334 0.53 0.4466669999999999 0.93
0 0.8566663333333334 0.29437500000000005 0.15666699999999992 0.3162499999999999
0 0.035000333333333335 0.2675 0.07000000000000003 0.16
0 0.06583333333333334 0.265 0.09166700000000001 0.19
0 0.4925003333333335 0.233125 0.031667000000000015 0.10375000000000001
0 0.5558333333333334 0.2775 0.08166700000000002 0.2475
0 0.5900003333333332 0.3075 0.093333 0.2775
0 0.6525003333333332 0.340625 0.06833299999999999 0.20125
0 0.7341663333333333 0.261875 0.06833299999999999 0.22875
0 0.7033333333333334 0.278125 0.07666700000000001 0.24625
0 0.7783333333333334 0.29125 0.1 0.25
0 0.9491663333333334 0.26 0.06833300000000009 0.20500000000000002
0 0.9708333333333334 0.290625 0.055 0.24875
