0 0.5066663333333332 0.33625 0.11666700000000002 0.23500000000000001
0 0.21833333333333335 0.279375 0.046667000000000014 0.12375
0 0.32750033333333334 0.33875 0.10500000000000001 0.2975
0 0.40083333333333343 0.30875 0.07166700000000002 0.1825
0 0.44833333333333336 0.28500000000000003 0.04 0.115
0 0.5908333333333333 0.29812500000000003 0.048332999999999994 0.11625
0 0.7350003333333333 0.33187500000000003 0.07 0.19875
0 0.7766663333333335 0.30625 0.046667000000000014 0.14
0 0.6558333333333334 0.41875 0.195 0.4375
0 0.8616663333333334 0.39625 0.09666699999999992 0.295
