0 0.6666663333333332 0.34 0.136667 0.275
0 0.3716663333333334 0.310625 0.1 0.22875
0 0.03833333333333334 0.281875 0.05 0.18625
0 0.07666633333333334 0.376875 0.13333300000000003 0.38375000000000004
0 0.1391663333333334 0.373125 0.14833300000000002 0.44875
0 0.22916633333333333 0.2925 0.07500000000000001 0.225
0 0.28000033333333335 0.26125 0.04333299999999999 0.115
0 0.3125003333333333 0.2475 0.021667000000000013 0.0675
0 0.32666633333333334 0.24875 0.02 0.06
0 0.47000033333333335 0.310625 0.07 0.20875
0 0.5991663333333335 0.2625 0.031667000000000015 0.0725
0 0.7250003333333332 0.289375 0.05 0.12624999999999997
0 0.8241663333333334 0.294375 0.05166700000000001 0.12374999999999997
0 0.9408333333333334 0.290625 0.07166699999999993 0.14125000000000001
