0 0.5233333333333333 0.38625 0.25 0.5
0 0.8900003333333333 0.326875 0.1833330000000001 0.36875
0 0.021666333333333336 0.27 0.026667 0.0825
0 0.23666633333333334 0.30312500000000003 0.060000000000000005 0.17125
0 0.28250033333333335 0.31375000000000003 0.065 0.18
0 0.34166633333333335 0.274375 0.04333299999999999 0.11875000000000001
0 0.36583333333333334 0.2625 0.02833299999999999 0.07
0 0.4058333333333333 0.29812500000000003 0.06833299999999999 0.15625
0 0.4450003333333334 0.326875 0.10666699999999997 0.29125
0 0.6033333333333334 0.26562499999999994 0.030000000000000002 0.09375
0 0.6558333333333334 0.28250000000000003 0.045000000000000005 0.13
0 0.6850003333333334 0.26375 0.030000000000000002 0.095
0 0.8041663333333333 0.236875 0.01833299999999999 0.04625
0 0.8216663333333334 0.23750000000000002 0.02 0.0525
0 0.30333333333333334 0.25562500000000005 0.01666700000000001 0.051250000000000004
0 0.14333333333333334 0.455 0.19666700000000004 0.525
