0 0.5658333333333334 0.406875 0.23500000000000001 0.51125
0 0.4300003333333334 0.3375 0.19666700000000006 0.4275
0 0.03333333333333334 0.313125 0.066667 0.23375
0 0.07083333333333333 0.265 0.061667000000000013 0.17
0 0.11666633333333333 0.3 0.10666700000000001 0.3375
0 0.18166633333333335 0.27875 0.1 0.24749999999999997
0 0.24500033333333335 0.251875 0.05 0.14625
0 0.2783333333333334 0.229375 0.026667000000000014 0.07125000000000001
0 0.29833333333333334 0.228125 0.026667000000000014 0.07625
0 0.3775003333333333 0.225625 0.031667000000000015 0.07375
0 0.6341663333333335 0.23625000000000002 0.041667000000000017 0.13
0 0.6808333333333334 0.259375 0.065 0.20125
0 0.7566663333333333 0.323125 0.13 0.37625000000000003
0 0.8433333333333334 0.235625 0.05 0.14625
0 0.8675003333333335 0.299375 0.10166699999999992 0.29875
0 0.9008333333333334 0.333125 0.1783330000000001 0.46625
