0 0.39166633333333334 0.32875 0.11666700000000006 0.23500000000000001
0 0.08583333333333334 0.27125 0.041667000000000017 0.12499999999999997
0 0.13500033333333336 0.31 0.09000000000000001 0.22999999999999998
0 0.28250033333333335 0.28875 0.058332999999999996 0.16000000000000003
0 0.35083333333333333 0.2775 0.061667000000000013 0.14
0 0.21166633333333335 0.33125 0.09666700000000002 0.3075
0 0.4658333333333334 0.28375 0.045000000000000005 0.11500000000000003
0 0.4808333333333334 0.324375 0.055 0.18125
0 0.5216663333333335 0.315 0.046667000000000014 0.15250000000000005
0 0.6425003333333335 0.336875 0.061667000000000013 0.18125
0 0.7433333333333334 0.33375 0.103333 0.20500000000000002
0 0.7408333333333336 0.3875 0.088333 0.2775
0 0.8275003333333333 0.3575 0.09499999999999992 0.2425
0 0.8875003333333334 0.445625 0.1516669999999999 0.41625
0 0.9533333333333334 0.4475 0.08333300000000009 0.3575
