0 0.1725003333333333 0.351875 0.18833299999999997 0.37625000000000003
0 0.37000033333333343 0.400625 0.25666700000000003 0.51375
0 0.04500033333333334 0.350625 0.09000000000000001 0.34125
0 0.05666633333333334 0.261875 0.05666699999999999 0.13625
0 0.12000033333333333 0.24375 0.04 0.1
0 0.21333333333333335 0.291875 0.073333 0.22124999999999997
0 0.28166633333333335 0.295 0.09000000000000001 0.23500000000000001
0 0.4608333333333334 0.33125 0.10833300000000004 0.2925
0 0.5416663333333334 0.283125 0.060000000000000005 0.16125
0 0.48583333333333334 0.28250000000000003 0.07500000000000001 0.215
0 0.6633333333333333 0.286875 0.060000000000000005 0.16374999999999998
0 0.6991663333333334 0.25249999999999995 0.025 0.075
0 0.7616663333333334 0.250625 0.030000000000000002 0.08625000000000001
0 0.7908333333333334 0.251875 0.035 0.07875
0 0.8366663333333333 0.25249999999999995 0.02333299999999999 0.065
0 0.9083333333333334 0.265 0.05333300000000009 0.14
0 0.9741663333333332 0.25562500000000005 0.03166699999999992 0.08875
