0 0.38416633333333333 0.37625000000000003 0.21166699999999997 0.425
0 0.11666633333333333 0.22375 0.02333299999999999 0.065
0 0.1341663333333334 0.29812500000000003 0.048333000000000015 0.13375
0 0.21916633333333332 0.299375 0.095 0.21625000000000005
0 0.24000033333333337 0.30312500000000003 0.08666700000000002 0.25625
0 0.32333333333333336 0.245625 0.046667000000000014 0.10875
0 0.46416633333333335 0.275625 0.085 0.20875
0 0.7491663333333335 0.261875 0.031667000000000015 0.09875
0 0.5366663333333334 0.235625 0.02 0.05625
0 0.6433333333333334 0.350625 0.213333 0.46875
0 0.8883333333333334 0.28625 0.08666699999999992 0.21000000000000005
