0 0.41000033333333336 0.305 0.12000000000000001 0.23999999999999996
0 0.057500333333333334 0.26875 0.05833300000000002 0.1375
0 0.11416633333333338 0.27375 0.07833300000000001 0.16999999999999996
0 0.14583333333333334 0.245 0.035 0.085
0 0.18416633333333332 0.253125 0.055 0.12375
0 0.21000033333333334 0.23 0.030000000000000027 0.0675
0 0.27750033333333335 0.25 0.07500000000000001 0.15250000000000005
0 0.28583333333333333 0.29812500000000003 0.078333 0.21375
0 0.44833333333333336 0.22 0.030000000000000002 0.0775
0 0.48166633333333336 0.229375 0.030000000000000002 0.09375
0 0.5075003333333333 0.23375 0.045000000000000005 0.1225
0 0.5291663333333334 0.25125000000000003 0.055 0.165
0 0.5958333333333333 0.22 0.03833299999999999 0.0925
0 0.6400003333333333 0.23500000000000001 0.04333299999999999 0.11750000000000001
0 0.7600003333333335 0.23625000000000002 0.046667000000000014 0.145
0 0.5691663333333333 0.193125 0.015000000000000001 0.03125
0 0.8816663333333334 0.26625 0.08 0.2575
