0 0.16333333333333333 0.46875 0.30333300000000013 0.6075
0 0.22083333333333335 0.3925 0.13833300000000004 0.37
0 0.10333333333333335 0.4275 0.2 0.4575
0 0.27750033333333335 0.30125 0.058332999999999996 0.1525
0 0.32083333333333336 0.30375 0.05166700000000001 0.17250000000000001
0 0.3775003333333333 0.288125 0.045000000000000005 0.14375000000000002
0 0.40083333333333343 0.296875 0.05166700000000001 0.18875000000000003
0 0.4391663333333333 0.31125 0.05833300000000004 0.1675
0 0.4733333333333334 0.32875 0.073333 0.19
0 0.5750003333333333 0.3775 0.11666700000000002 0.3275
0 0.6041663333333335 0.404375 0.15166700000000002 0.45875
0 0.6808333333333334 0.314375 0.06833299999999999 0.17625
0 0.7141663333333335 0.37125 0.10500000000000001 0.355
0 0.7550003333333334 0.341875 0.08 0.28375
0 0.8208333333333334 0.343125 0.10500000000000001 0.30875
0 0.8625003333333335 0.261875 0.018333000000000085 0.058750000000000004
0 0.8875003333333334 0.265 0.02166699999999992 0.06
0 0.9083333333333334 0.275 0.030000000000000002 0.105
0 0.9316663333333333 0.275 0.033333000000000085 0.135
