0 0.5908333333333333 0.319375 0.155 0.31125
0 0.029166333333333336 0.245625 0.05833300000000002 0.14125000000000001
0 0.051666333333333335 0.25125000000000003 0.06666699999999999 0.1625
0 0.10416633333333335 0.226875 0.03500000000000002 0.09125
0 0.11250033333333335 0.22 0.02833299999999999 0.0725
0 0.15083333333333335 0.235625 0.045000000000000005 0.11625
0 0.17500033333333334 0.216875 0.02 0.05625
0 0.18916633333333335 0.23125 0.025 0.085
0 0.5550003333333333 0.238125 0.04333299999999999 0.11375
0 0.5225003333333332 0.2275 0.02833299999999999 0.0825
0 0.48750033333333326 0.2425 0.02833299999999999 0.12
0 0.4416663333333333 0.24625 0.036666999999999964 0.115
0 0.41250033333333336 0.26125 0.07166699999999997 0.1925
0 0.3750003333333333 0.2425 0.04333299999999999 0.1525
0 0.32666633333333334 0.28124999999999994 0.08333299999999999 0.2849999999999999
0 0.6383333333333334 0.2475 0.04333299999999999 0.13
0 0.6875003333333334 0.208125 0.015000000000000001 0.03375
0 0.7441663333333335 0.211875 0.021667000000000013 0.06125
0 0.7800003333333334 0.24375 0.04 0.1225
0 0.8258333333333334 0.24875 0.05166699999999992 0.14250000000000002
0 0.9500003333333334 0.28625 0.08333300000000009 0.22250000000000003
0 0.8950003333333333 0.2225 0.030000000000000002 0.06
0 0.9241663333333334 0.215625 0.025 0.05625
