0 0.9183333333333334 0.3375 0.15666699999999992 0.49
0 0.5325003333333332 0.415625 0.24500000000000002 0.49125
0 0.3775003333333333 0.32125 0.128333 0.28500000000000003
0 0.03416633333333333 0.3 0.068333 0.155
0 0.08500033333333334 0.30312500000000003 0.086667 0.21375
0 0.17166633333333334 0.26937500000000003 0.03666700000000001 0.10875
0 0.21416633333333335 0.280625 0.078333 0.15375
0 0.23333333333333334 0.41375 0.11666700000000002 0.255
0 0.29333333333333333 0.41250000000000003 0.11 0.275
0 0.28000033333333335 0.30062500000000003 0.08333299999999999 0.23125
0 0.3125003333333333 0.2925 0.078333 0.195
0 0.41500033333333336 0.2925 0.07 0.2
0 0.45833333333333337 0.26687500000000003 0.05 0.13625
0 0.5916663333333333 0.34 0.133333 0.4625
0 0.6758333333333334 0.26687500000000003 0.05166700000000001 0.14875
0 0.7125003333333335 0.245625 0.031667000000000015 0.08875
0 0.7675003333333335 0.28750000000000003 0.061667000000000013 0.1875
0 0.8700003333333333 0.255625 0.060000000000000005 0.15874999999999997
