0 0.27166633333333334 0.5387500000000001 0.393333 0.8925000000000001
0 0.04083333333333334 0.3075 0.041667 0.12749999999999997
0 0.08583333333333334 0.31875000000000003 0.041667000000000017 0.1325
0 0.14416633333333334 0.294375 0.03833299999999999 0.08874999999999997
0 0.46916633333333335 0.33625 0.085 0.2775
0 0.4325003333333334 0.38875 0.11166700000000007 0.37
0 0.7025003333333335 0.336875 0.05166700000000001 0.17125
0 0.7200003333333332 0.305 0.05333299999999999 0.14499999999999996
0 0.7833333333333334 0.324375 0.06333299999999999 0.17125
0 0.7533333333333334 0.369375 0.09000000000000001 0.26625
0 0.8125003333333333 0.306875 0.03833299999999999 0.10625
0 0.8350003333333333 0.304375 0.03999999999999991 0.11625000000000003
0 0.8583333333333334 0.323125 0.05 0.13625
0 0.8733333333333334 0.325 0.05666699999999992 0.145
0 0.9366663333333333 0.33187500000000003 0.07 0.16875
