0 0.5700003333333334 0.24375 0.123333 0.28
0 0.30833333333333335 0.186875 0.01666700000000001 0.043750000000000004
0 0.32916633333333334 0.184375 0.01833299999999999 0.04625
0 0.35333333333333333 0.216875 0.04 0.11375
0 0.37833333333333335 0.203125 0.02333299999999999 0.07625
0 0.41666633333333336 0.2175 0.05333300000000004 0.1475
0 0.6258333333333331 0.19062500000000002 0.01833299999999999 0.06125
0 0.6483333333333334 0.195 0.026667000000000014 0.075
0 0.6600003333333334 0.183125 0.02 0.05375
0 0.7125003333333334 0.1925 0.035 0.1075
0 0.7433333333333334 0.18625 0.04 0.1
0 0.7825003333333334 0.19625 0.058332999999999996 0.1325
0 0.7833333333333334 0.24875 0.07 0.185
0 0.8683333333333334 0.22187500000000002 0.08333300000000009 0.25625
0 0.16000033333333336 0.21 0.046667000000000014 0.1075
0 0.22000033333333335 0.265 0.1 0.23
0 0.18083333333333335 0.3275 0.108333 0.225
0 0.10000033333333336 0.310625 0.2 0.38875
