0 0.5758333333333334 0.375 0.258333 0.56
0 0.8600003333333333 0.505 0.26666699999999993 0.6900000000000001
0 0.2758333333333334 0.3575 0.155 0.335
0 0.06250033333333334 0.313125 0.06833300000000002 0.16375
0 0.13083333333333333 0.3525 0.095 0.32
0 0.20250033333333337 0.289375 0.07500000000000002 0.15624999999999997
0 0.33333333333333337 0.274375 0.04 0.10375000000000001
0 0.3925003333333334 0.3725 0.115 0.3825
0 0.4841663333333334 0.319375 0.07166700000000002 0.23625000000000002
0 0.6566663333333335 0.310625 0.056667000000000016 0.22875
0 0.7266663333333333 0.299375 0.06333299999999999 0.16875000000000004
0 0.7575003333333333 0.2675 0.02833299999999999 0.105
0 0.7916663333333334 0.26625 0.04 0.10250000000000001
