0 0.34416633333333335 0.30312500000000003 0.165 0.39625
0 0.7058333333333334 0.29125 0.15166700000000002 0.305
0 0.8950003333333333 0.32937500000000003 0.2 0.42625
0 0.5258333333333334 0.340625 0.18166700000000002 0.38375000000000004
0 0.03333333333333334 0.228125 0.066667 0.22375
0 0.11583333333333334 0.233125 0.06833299999999999 0.14625
0 0.21000033333333334 0.23 0.07000000000000003 0.21
0 0.45583333333333337 0.26625 0.07833300000000004 0.2275
0 0.6216663333333333 0.258125 0.08 0.20874999999999996
0 0.7891663333333334 0.26687500000000003 0.085 0.21625
0 0.25666633333333333 0.2175 0.046667000000000014 0.135
