0 0.5350003333333334 0.26125 0.12000000000000001 0.265
0 0.7058333333333334 0.275625 0.108333 0.24375
0 0.18500033333333335 0.481875 0.353333 0.80625
0 0.24833333333333335 0.255 0.060000000000000005 0.17250000000000004
0 0.32000033333333333 0.226875 0.04 0.09875
0 0.41250033333333336 0.24875 0.07833300000000004 0.22
0 0.6408333333333334 0.208125 0.03833299999999999 0.07875
0 0.6625003333333332 0.245625 0.05166700000000001 0.15875
0 0.7675003333333333 0.248125 0.07500000000000001 0.19125
0 0.8008333333333334 0.2275 0.048332999999999994 0.14
0 0.8400003333333333 0.1925 0.02 0.05
0 0.9341663333333334 0.198125 0.02166699999999992 0.07375
