0 0.3141663333333333 0.384375 0.315 0.63125
0 0.5125003333333333 0.22312500000000002 0.138333 0.27625
0 0.043333333333333335 0.208125 0.07666700000000001 0.22625
0 0.11083333333333334 0.15125 0.025 0.0675
0 0.14916633333333335 0.181875 0.05166700000000001 0.12125
0 0.43333333333333335 0.15937500000000002 0.023333000000000038 0.06125
0 0.5908333333333333 0.198125 0.055 0.15375
0 0.6216663333333333 0.186875 0.04 0.12375
0 0.6733333333333333 0.18125 0.03666700000000001 0.10250000000000001
0 0.7075003333333333 0.165 0.02833299999999999 0.0725
0 0.7516663333333333 0.23 0.08 0.21
0 0.8775003333333335 0.195625 0.035 0.10875
0 0.9033333333333334 0.208125 0.033333000000000085 0.12625
0 0.9225003333333333 0.21375 0.06833300000000009 0.17
0 0.9575003333333333 0.233125 0.07500000000000001 0.18375
