0 0.3383333333333334 0.208125 0.08666700000000002 0.18625
0 0.4375003333333334 0.22312500000000002 0.08166699999999998 0.16625
0 0.04166633333333334 0.22625 0.08333300000000002 0.1925
0 0.051666333333333335 0.18812500000000001 0.07000000000000003 0.15625
0 0.12833333333333335 0.196875 0.073333 0.14875
0 0.14833333333333334 0.22187500000000002 0.06333299999999999 0.17625
0 0.24583333333333335 0.20125 0.058332999999999996 0.11750000000000001
0 0.21000033333333332 0.17375000000000002 0.02666699999999999 0.0775
0 0.28750033333333336 0.209375 0.045000000000000005 0.15625
0 0.40250033333333335 0.19187500000000002 0.035 0.10125
0 0.4808333333333334 0.216875 0.05166700000000001 0.16125
0 0.5616663333333333 0.2 0.04333299999999999 0.1225
0 0.7750003333333333 0.22062500000000002 0.073333 0.21375
0 0.8116663333333335 0.203125 0.03666700000000001 0.15875
0 0.8383333333333334 0.2025 0.03666699999999992 0.1575
0 0.8883333333333334 0.21875 0.05333300000000009 0.125
0 0.9591663333333335 0.21625 0.055 0.115
