0 0.5916663333333334 0.385625 0.183333 0.36875
0 0.11583333333333334 0.316875 0.135 0.28375
0 0.034166333333333326 0.273125 0.065 0.16125000000000003
0 0.060833333333333336 0.264375 0.061667000000000013 0.16375
0 0.3116663333333333 0.25875 0.030000000000000002 0.0675
0 0.28916633333333336 0.26812499999999995 0.021667000000000013 0.05625
0 0.38083333333333336 0.315625 0.07166700000000002 0.20875
0 0.5233333333333333 0.28250000000000003 0.04333299999999999 0.115
0 0.6925003333333335 0.286875 0.05166700000000001 0.15124999999999997
0 0.7175003333333334 0.29625 0.045000000000000005 0.1575
0 0.7583333333333334 0.299375 0.060000000000000005 0.16125000000000003
0 0.8125003333333333 0.30062500000000003 0.078333 0.21375
0 0.8683333333333334 0.289375 0.05666699999999992 0.12624999999999997
0 0.9200003333333335 0.2775 0.030000000000000002 0.08
