0 0.7708333333333334 0.44125000000000003 0.2783330000000001 0.56
0 0.40500033333333335 0.25125000000000003 0.06666699999999996 0.1575
0 0.34416633333333335 0.248125 0.06833299999999999 0.15375
0 0.11666633333333333 0.26125 0.103333 0.23500000000000001
0 0.051666333333333335 0.30125 0.103333 0.3225
0 0.24083333333333334 0.226875 0.03833299999999999 0.09125
0 0.2758333333333334 0.2325 0.048332999999999994 0.1125
0 0.30000033333333337 0.224375 0.03333299999999999 0.08375
0 0.5058333333333331 0.28625 0.078333 0.20500000000000004
0 0.5650003333333334 0.24625 0.03666700000000001 0.0925
0 0.5591663333333333 0.30125 0.035 0.1125
0 0.6258333333333334 0.27187500000000003 0.061667000000000013 0.16375
0 0.7391663333333335 0.305625 0.10166700000000002 0.25125000000000003
0 0.8791663333333333 0.259375 0.028333000000000084 0.11125
0 0.9341663333333334 0.33437500000000003 0.10166699999999992 0.32375
