0 0.5550003333333334 0.289375 0.143333 0.32875
0 0.8208333333333334 0.294375 0.11166699999999992 0.22374999999999998
0 0.7258333333333333 0.276875 0.10166700000000002 0.20375000000000001
0 0.10750033333333335 0.243125 0.078333 0.15875
0 0.4133333333333334 0.24875 0.08333300000000005 0.1675
0 0.3675003333333334 0.239375 0.035 0.10125
0 0.6475003333333335 0.280625 0.061667000000000013 0.19875
0 0.5066663333333332 0.25125000000000003 0.05333299999999999 0.1675
0 0.9358333333333334 0.346875 0.125 0.33375
0 0.8875003333333334 0.23375 0.035 0.08750000000000001
0 0.9183333333333334 0.236875 0.04 0.09125
0 0.9525003333333333 0.23 0.035 0.085
