0 0.7350003333333333 0.2725 0.09000000000000001 0.1925
0 0.33416633333333334 0.26687500000000003 0.061667000000000013 0.13625
0 0.8008333333333334 0.3075 0.10166699999999992 0.21249999999999997
0 0.9183333333333334 0.30375 0.09666699999999992 0.2175
0 0.09333333333333334 0.245625 0.023333000000000003 0.04875
0 0.07333333333333333 0.24625 0.026667 0.055
0 0.02416633333333333 0.256875 0.048333 0.11375
0 0.24666633333333335 0.2675 0.04 0.1075
0 0.47250033333333347 0.26312500000000005 0.041667000000000017 0.09875
0 0.6391663333333333 0.239375 0.01833299999999999 0.06375
0 0.6933333333333332 0.2725 0.05 0.1375
0 0.9708333333333334 0.286875 0.04166699999999992 0.15124999999999997
0 0.8883333333333334 0.25562500000000005 0.02 0.04625
