0 0.5291663333333334 0.256875 0.09166700000000001 0.19375
0 0.4525003333333334 0.254375 0.08166699999999998 0.17875
0 0.04250033333333334 0.20875 0.03500000000000002 0.10250000000000001
0 0.07000033333333333 0.22062500000000002 0.04666699999999999 0.10125
0 0.12916633333333333 0.215 0.03166699999999999 0.105
0 0.27750033333333335 0.205625 0.021667000000000013 0.07375
0 0.36083333333333334 0.23 0.041667000000000017 0.1075
0 0.4108333333333334 0.23375 0.045000000000000005 0.11750000000000001
0 0.7583333333333334 0.22875 0.02 0.08
0 0.7650003333333333 0.24875 0.04333299999999999 0.115
0 0.9050003333333333 0.258125 0.060000000000000005 0.15124999999999997
0 0.9475003333333333 0.24875 0.04166699999999992 0.11
0 0.6841663333333334 0.28750000000000003 0.08166700000000002 0.2125
