0 0.5275003333333332 0.29875 0.16166700000000003 0.325
0 0.7208333333333333 0.31375000000000003 0.18500000000000003 0.37
0 0.03916633333333334 0.22 0.025 0.0725
0 0.11916633333333333 0.216875 0.03833299999999999 0.09375
0 0.02416633333333333 0.2475 0.048333 0.17
0 0.17666633333333334 0.231875 0.03666700000000001 0.12375
0 0.21083333333333334 0.246875 0.058332999999999996 0.16375
0 0.3075003333333334 0.25 0.061667000000000013 0.15000000000000005
0 0.38916633333333334 0.2325 0.03833299999999999 0.1
0 0.4841663333333334 0.2725 0.07166700000000002 0.2025
0 0.6041663333333332 0.225 0.03833299999999999 0.0775
0 0.6558333333333334 0.216875 0.021667000000000013 0.058750000000000004
0 0.6383333333333334 0.22062500000000002 0.026667000000000014 0.05375
0 0.8133333333333332 0.21937500000000001 0.02333299999999999 0.06125
0 0.9783333333333334 0.218125 0.013333000000000084 0.04125
0 0.9616663333333335 0.2125 0.013333000000000084 0.03
