0 0.5191663333333334 0.255 0.085 0.21250000000000005
0 0.5758333333333334 0.245 0.085 0.1825
0 0.17416633333333334 0.236875 0.078333 0.15875
0 0.02416633333333333 0.216875 0.048333 0.12875
0 0.09166633333333332 0.21937500000000001 0.05333299999999999 0.12125
0 0.3741663333333333 0.206875 0.02833299999999999 0.06625
0 0.40666633333333335 0.2325 0.04333300000000004 0.105
0 0.46250033333333335 0.238125 0.045000000000000005 0.12375
0 0.7008333333333334 0.2525 0.048332999999999994 0.16750000000000004
0 0.7166663333333333 0.233125 0.05333299999999999 0.13125
0 0.6375003333333333 0.20875 0.025 0.07
0 0.8016663333333333 0.24625 0.04333299999999999 0.11
0 0.9600003333333335 0.21875 0.030000000000000002 0.065
0 0.8725003333333335 0.380625 0.155 0.46625
