0 0.38416633333333333 0.35375 0.125 0.25
0 0.01583333333333334 0.26875 0.028333000000000004 0.095
0 0.11416633333333336 0.2725 0.035 0.09
0 0.1408333333333333 0.291875 0.045000000000000005 0.12874999999999998
0 0.22333333333333336 0.27625 0.04 0.11499999999999996
0 0.2525003333333333 0.29375 0.061667000000000013 0.17250000000000001
0 0.2808333333333333 0.28375 0.041667000000000017 0.12750000000000003
0 0.40750033333333335 0.28125 0.035 0.09750000000000003
0 0.6041663333333332 0.290625 0.02833299999999999 0.10875
0 0.6858333333333334 0.29812500000000003 0.07500000000000001 0.15625
0 0.7766663333333335 0.31 0.056667000000000016 0.14249999999999996
0 0.8041663333333334 0.288125 0.035 0.09375
0 0.8300003333333335 0.28375 0.026667000000000014 0.07750000000000004
0 0.8608333333333333 0.290625 0.03833300000000009 0.10875
0 0.9025003333333335 0.295625 0.05166699999999992 0.11125
0 0.9591663333333335 0.295 0.05166699999999992 0.135
