0 0.29166633333333336 0.210625 0.11 0.23375
0 0.13000033333333336 0.218125 0.103333 0.22375
0 0.4966663333333334 0.2975 0.16666700000000007 0.335
0 0.6766663333333335 0.240625 0.123333 0.24875
0 0.022500333333333334 0.213125 0.045000000000000005 0.28125
0 0.04083333333333333 0.140625 0.024999999999999994 0.05625
0 0.34250033333333335 0.185 0.041667000000000017 0.11750000000000001
0 0.2525003333333333 0.21125 0.055 0.19
0 0.45916633333333334 0.25 0.095 0.29250000000000004
0 0.5358333333333334 0.2275 0.088333 0.29
0 0.7091663333333335 0.22125 0.058332999999999996 0.1575
0 0.8591663333333333 0.228125 0.06833300000000009 0.16875
0 0.8433333333333334 0.265625 0.08333300000000009 0.19875000000000004
0 0.9233333333333333 0.245625 0.060000000000000005 0.17125
0 0.9733333333333334 0.225625 0.04333300000000009 0.13375
0 0.6158333333333336 0.18125 0.021667000000000013 0.0575
