0 0.8283333333333334 0.26375 0.14 0.28250000000000003
0 0.47666633333333336 0.210625 0.14333299999999996 0.28875
0 0.019166333333333334 0.18125 0.038333000000000006 0.20750000000000002
0 0.057500333333333334 0.17500000000000002 0.055 0.165
0 0.14166633333333334 0.16125 0.046667000000000014 0.1125
0 0.3458333333333333 0.16625 0.041667000000000017 0.105
0 0.5175003333333332 0.195 0.048332999999999994 0.185
0 0.5591663333333332 0.205625 0.058332999999999996 0.18125
0 0.5850003333333335 0.178125 0.03666700000000001 0.10875
0 0.6216663333333333 0.179375 0.03333299999999999 0.10125
0 0.6883333333333334 0.208125 0.06666700000000002 0.19375
0 0.7241663333333332 0.2025 0.048332999999999994 0.1225
0 0.7433333333333334 0.170625 0.030000000000000002 0.08375
0 0.7583333333333334 0.17 0.02 0.0675
0 0.8850003333333333 0.208125 0.05 0.18125
