0 0.17333333333333334 0.261875 0.103333 0.21875
0 0.36333333333333334 0.27625 0.11 0.22999999999999998
0 0.5600003333333334 0.27625 0.10666700000000001 0.23499999999999996
0 0.6350003333333334 0.231875 0.05 0.11375
0 0.6341663333333335 0.239375 0.041667000000000017 0.12375
0 0.6766663333333333 0.2225 0.04333299999999999 0.11750000000000001
0 0.7558333333333332 0.229375 0.03833299999999999 0.11125
0 0.879166333333333 0.30312500000000003 0.1083329999999999 0.30875
0 0.9250003333333335 0.255 0.07666699999999992 0.21500000000000005
0 0.035833333333333335 0.183125 0.025 0.06625
0 0.009166333333333335 0.1825 0.018333000000000002 0.0675
0 0.26833333333333337 0.214375 0.04 0.11125
0 0.21750033333333335 0.203125 0.041667000000000017 0.11875000000000001
