0 0.4375003333333334 0.261875 0.15166699999999997 0.37375
0 0.06416633333333334 0.12687500000000002 0.031666999999999994 0.06875000000000002
0 0.22000033333333335 0.129375 0.03333299999999999 0.06625
0 0.30416633333333337 0.1275 0.02833299999999999 0.06
0 0.2541663333333333 0.1275 0.02833299999999999 0.06
0 0.9583333333333334 0.22125 0.07666699999999992 0.2625
0 0.8958333333333334 0.166875 0.07166699999999993 0.19125
0 0.8516663333333335 0.25 0.09666700000000002 0.27
0 0.7633333333333334 0.23125 0.103333 0.28250000000000003
0 0.7041663333333334 0.20375000000000001 0.095 0.2775
0 0.40250033333333335 0.316875 0.2216670000000001 0.45875
