0 0.7641663333333335 0.34125 0.18166700000000002 0.365
0 0.6491663333333333 0.325625 0.131667 0.29875
0 0.42583333333333334 0.38625 0.2516669999999999 0.505
0 0.07250033333333335 0.324375 0.14500000000000002 0.30125
0 0.5008333333333331 0.31125 0.06833299999999999 0.2475
0 0.5325003333333332 0.28875 0.05166700000000001 0.16250000000000003
0 0.8183333333333334 0.30875 0.0800000000000001 0.21
0 0.8316663333333335 0.265 0.0600000000000001 0.1675
0 0.9025003333333335 0.268125 0.05166699999999992 0.16125000000000003
0 0.9466663333333333 0.274375 0.06333300000000008 0.17875
