0 0.28833333333333333 0.264375 0.13333300000000003 0.29125
0 0.2066663333333333 0.255625 0.10666699999999997 0.24874999999999997
0 0.4425003333333334 0.295 0.18500000000000003 0.3775
0 0.06250033333333335 0.323125 0.125 0.37125
0 0.07416633333333332 0.19187500000000002 0.028333000000000004 0.06625
0 0.10000033333333336 0.20750000000000002 0.03666700000000001 0.0975
0 0.3408333333333334 0.26375 0.065 0.215
0 0.16333333333333333 0.22125 0.056667000000000016 0.18
0 0.5058333333333331 0.231875 0.058332999999999996 0.16375
0 0.5491663333333333 0.23125 0.055 0.17
0 0.5941663333333334 0.205625 0.035 0.10875
0 0.6191663333333335 0.23125 0.041667000000000017 0.11750000000000001
0 0.6400003333333333 0.225 0.04333299999999999 0.1225
0 0.6733333333333333 0.215625 0.026667000000000014 0.10375000000000001
0 0.7116663333333333 0.224375 0.05333299999999999 0.13625
0 0.7466663333333334 0.21937500000000001 0.046667000000000014 0.12875
0 0.8066663333333335 0.24375 0.06666700000000002 0.1875
0 0.8433333333333334 0.195625 0.023333000000000086 0.058750000000000004
0 0.8791663333333333 0.22 0.04166699999999992 0.125
0 0.9658333333333334 0.204375 0.035 0.09875
0 0.9400003333333335 0.23 0.04666699999999992 0.1275
