0 0.31083333333333335 0.398125 0.125 0.25125000000000003
0 0.6125003333333334 0.37125 0.12166700000000003 0.2675
0 0.7550003333333334 0.36625 0.09000000000000001 0.1825
0 0.8858333333333334 0.36625 0.1083330000000001 0.2425
0 0.09666633333333333 0.385625 0.05999999999999999 0.13125
0 0.13916633333333336 0.36 0.045000000000000005 0.1075
0 0.1750003333333333 0.3825 0.06666699999999999 0.17
0 0.2525003333333333 0.401875 0.041667000000000017 0.08625000000000001
0 0.3675003333333334 0.3925 0.09166700000000001 0.1875
0 0.44583333333333336 0.429375 0.04833300000000004 0.11875000000000001
0 0.5566663333333335 0.3775 0.07666700000000001 0.19
0 0.8483333333333334 0.34875 0.04666699999999992 0.135
0 0.8333333333333334 0.39687500000000003 0.06666699999999992 0.14875
0 0.9525003333333333 0.348125 0.058333000000000086 0.15125
