0 0.6508333333333334 0.371875 0.078333 0.15875
0 0.8408333333333334 0.36062500000000003 0.07833300000000008 0.15625
0 0.4950003333333335 0.37125 0.06666700000000002 0.14250000000000002
0 0.057500333333333334 0.395625 0.08166699999999999 0.18125
0 0.11583333333333334 0.408125 0.10500000000000001 0.21125
0 0.27083333333333337 0.378125 0.058332999999999996 0.14625
0 0.29916633333333337 0.380625 0.061667000000000013 0.15125
0 0.34750033333333336 0.383125 0.055 0.14125000000000001
0 0.5808333333333334 0.378125 0.031667000000000015 0.08375
0 0.6166663333333333 0.36312500000000003 0.05 0.11875000000000001
