0 0.42000033333333336 0.3775 0.10333299999999995 0.20750000000000002
0 0.6816663333333335 0.3575 0.103333 0.2275
0 0.16583333333333333 0.36625 0.058332999999999996 0.11750000000000001
0 0.30000033333333337 0.37625000000000003 0.04 0.0825
0 0.35333333333333333 0.348125 0.030000000000000002 0.06125
0 0.47250033333333347 0.356875 0.061667000000000013 0.18875
0 0.5250003333333334 0.3625 0.060000000000000005 0.165
0 0.5783333333333334 0.356875 0.060000000000000005 0.16625
0 0.6225003333333334 0.355625 0.07166700000000002 0.17125
0 0.7608333333333334 0.37875000000000003 0.108333 0.2625
0 0.9583333333333334 0.34125 0.07 0.195
0 0.12166633333333333 0.35625 0.02333299999999999 0.065
