0 0.29833333333333334 0.395625 0.153333 0.34375
0 0.05333333333333334 0.3625 0.05 0.1225
0 0.18000033333333335 0.3725 0.033333000000000015 0.08
0 0.33250033333333334 0.36375 0.08166700000000002 0.20500000000000002
0 0.3925003333333334 0.37625000000000003 0.10166699999999997 0.2225
0 0.44833333333333336 0.380625 0.08666699999999997 0.20875
0 0.4800003333333335 0.365 0.07666700000000001 0.215
0 0.5300003333333334 0.350625 0.060000000000000005 0.16375
0 0.5758333333333334 0.3675 0.085 0.1875
0 0.7808333333333334 0.335 0.065 0.1675
0 0.9658333333333334 0.33437500000000003 0.055 0.23875000000000002
0 0.6141663333333335 0.33 0.031667000000000015 0.0775
