0 0.39333333333333337 0.385625 0.08666699999999997 0.17375000000000002
0 0.6291663333333334 0.3825 0.10500000000000001 0.2125
0 0.023333333333333334 0.379375 0.043333 0.11875000000000001
0 0.08333333333333336 0.368125 0.036667 0.07375
0 0.3700003333333334 0.364375 0.02333299999999999 0.07375
0 0.4400003333333334 0.41500000000000004 0.036666999999999964 0.0925
0 0.49833333333333335 0.39125 0.030000000000000002 0.08
0 0.5491663333333334 0.3825 0.031667000000000015 0.12
0 0.5775003333333334 0.38125000000000003 0.035 0.11
0 0.6683333333333333 0.39125 0.046667000000000014 0.1675
0 0.7416663333333334 0.376875 0.046667000000000014 0.13125
0 0.9683333333333334 0.383125 0.05 0.18125
