0 0.41000033333333336 0.385 0.07 0.165
0 0.6716663333333335 0.3725 0.09666700000000002 0.1925
0 0.04083333333333333 0.393125 0.055 0.15625
0 0.14833333333333334 0.40375 0.03333299999999999 0.095
0 0.19583333333333336 0.39 0.041667000000000017 0.125
0 0.23583333333333334 0.38875 0.035 0.12
0 0.4108333333333334 0.380625 0.05166699999999997 0.15625
0 0.6416663333333334 0.381875 0.060000000000000005 0.14375000000000002
0 0.9091663333333335 0.370625 0.06833300000000009 0.15375
0 0.012500333333333334 0.378125 0.024999999999999998 0.08125
