0 0.36333333333333334 0.448125 0.236667 0.50375
0 0.035833333333333335 0.39 0.045000000000000005 0.1
0 0.1391663333333334 0.35625 0.03833300000000001 0.0825
0 0.09833333333333334 0.375 0.046667000000000014 0.12
0 0.19250033333333336 0.3725 0.048332999999999994 0.1225
0 0.26250033333333334 0.381875 0.085 0.21625
0 0.45666633333333345 0.375 0.046667000000000014 0.125
0 0.5233333333333333 0.374375 0.06666700000000002 0.17125
0 0.7041663333333334 0.3625 0.085 0.2
0 0.8375003333333335 0.36062500000000003 0.041667000000000017 0.10125
