0 0.19333333333333336 0.411875 0.093333 0.20875
0 0.37833333333333335 0.406875 0.08333299999999999 0.18875
0 0.4800003333333335 0.41250000000000003 0.09666700000000002 0.2125
0 0.24000033333333337 0.400625 0.04 0.12125
0 0.29333333333333333 0.41500000000000004 0.04 0.08750000000000001
0 0.05500033333333334 0.39625 0.04 0.10250000000000001
0 0.017500333333333333 0.411875 0.035 0.15875
0 0.1341663333333334 0.41000000000000003 0.048333000000000015 0.14250000000000002
0 0.8633333333333334 0.395625 0.05333300000000009 0.13375
0 0.42500033333333337 0.39875 0.036666999999999964 0.1075
