0 0.6408333333333334 0.408125 0.078333 0.17375000000000002
0 0.5333333333333333 0.41625 0.10666700000000001 0.2325
0 0.11833333333333335 0.43 0.1 0.225
0 0.05416633333333334 0.463125 0.08500000000000003 0.17125
0 0.22166633333333333 0.4175 0.05333299999999999 0.1375
0 0.30250033333333337 0.3975 0.045000000000000005 0.1275
0 0.33916633333333335 0.401875 0.041667000000000017 0.10125
0 0.6800003333333333 0.39937500000000004 0.05333299999999999 0.12875
0 0.7675003333333333 0.400625 0.055 0.14875
0 0.8808333333333334 0.39125 0.035 0.07
0 0.9366663333333333 0.395625 0.05 0.15875
