0 0.22166633333333333 0.395 0.07 0.16
0 0.4758333333333334 0.41000000000000003 0.088333 0.195
0 0.5358333333333334 0.405 0.09833299999999999 0.225
0 0.14083333333333334 0.40750000000000003 0.07833300000000001 0.1575
0 0.6608333333333334 0.39687500000000003 0.085 0.18625
0 0.38000033333333333 0.390625 0.05 0.14625
0 0.41750033333333336 0.38375000000000004 0.035 0.0775
0 0.2833333333333333 0.38 0.026667000000000014 0.065
0 0.1050003333333333 0.3975 0.04666699999999999 0.1075
0 0.06250033333333332 0.39625 0.041667 0.12
