0 0.5075003333333333 0.259375 0.115 0.23125
0 0.07166633333333333 0.31749999999999995 0.11666700000000002 0.2800000000000001
0 0.27000033333333334 0.236875 0.06333299999999999 0.16625
0 0.7791663333333334 0.25625 0.055 0.215
0 0.7491663333333334 0.24375 0.055 0.21
0 0.5433333333333333 0.18875 0.03333299999999999 0.08750000000000001
0 0.5716663333333333 0.2025 0.03333299999999999 0.095
0 0.6633333333333333 0.200625 0.030000000000000002 0.09125
0 0.7208333333333333 0.18625 0.02833299999999999 0.085
0 0.3408333333333334 0.2 0.03833299999999999 0.0775
0 0.3700003333333334 0.195625 0.026667000000000014 0.08625000000000001
0 0.6308333333333331 0.18937500000000002 0.02833299999999999 0.07125000000000001
0 0.44333333333333336 0.19187500000000002 0.030000000000000002 0.08375
