0 0.8133333333333332 0.361875 0.093333 0.18875
0 0.030000333333333334 0.34500000000000003 0.05666699999999999 0.145
0 0.08166633333333333 0.34625 0.05333299999999999 0.1125
0 0.14083333333333334 0.336875 0.048333000000000015 0.12375
0 0.15416633333333332 0.36312500000000003 0.065 0.14375000000000002
0 0.17833333333333334 0.353125 0.046667000000000014 0.11625
0 0.2541663333333333 0.361875 0.061667000000000013 0.15875
0 0.28500033333333336 0.350625 0.04333299999999999 0.14875
0 0.31083333333333335 0.350625 0.045000000000000005 0.13625
0 0.5325003333333332 0.353125 0.061667000000000013 0.16375
0 0.5616663333333334 0.3575 0.07 0.1775
0 0.6708333333333334 0.361875 0.058332999999999996 0.16625
0 0.7033333333333334 0.36562500000000003 0.07666700000000001 0.23375
0 0.9033333333333334 0.390625 0.09000000000000001 0.26875
0 0.9800003333333334 0.31 0.026666999999999916 0.062499999999999965
0 0.2016663333333334 0.668125 0.18333300000000002 0.42375
