0 0.34916633333333336 0.283125 0.265 0.5387500000000001
0 0.10416633333333333 0.17250000000000001 0.085 0.225
0 0.18000033333333335 0.1625 0.04333300000000002 0.1375
0 0.26916633333333334 0.17875 0.061667000000000013 0.1975
0 0.38500033333333333 0.13999999999999996 0.02 0.07249999999999998
0 0.41833333333333333 0.133125 0.030000000000000002 0.08125
0 0.4516663333333333 0.14625 0.04333299999999999 0.12
0 0.5050003333333333 0.11875000000000001 0.013332999999999989 0.0425
0 0.5266663333333335 0.1225 0.01666700000000001 0.0575
0 0.6166663333333333 0.138125 0.03333299999999999 0.09375
0 0.6441663333333335 0.138125 0.021667000000000013 0.07125000000000001
0 0.6666663333333334 0.14375000000000002 0.030000000000000002 0.09250000000000001
0 0.7225003333333335 0.14250000000000002 0.041667000000000017 0.12500000000000003
0 0.8525003333333333 0.15937500000000002 0.05166699999999992 0.16875
0 0.7916663333333335 0.18812500000000001 0.07666700000000001 0.25875
