0 0.7516663333333334 0.32625 0.2500000000000001 0.5
0 0.032500333333333346 0.108125 0.04500000000000001 0.09375
0 0.08000033333333334 0.115 0.04 0.09
0 0.13750033333333336 0.115625 0.031667000000000015 0.08875
0 0.18166633333333335 0.11937500000000001 0.04 0.09375
0 0.2500003333333333 0.11937500000000001 0.03666700000000001 0.08625000000000001
0 0.32166633333333333 0.12562500000000001 0.03333299999999999 0.08875000000000002
0 0.35416633333333336 0.11937500000000001 0.02833299999999999 0.08125
0 0.6908333333333334 0.15937500000000002 0.048332999999999994 0.13125
0 0.7275003333333335 0.153125 0.041667000000000017 0.12124999999999998
0 0.9600003333333335 0.1775 0.060000000000000005 0.1575
0 0.9300003333333335 0.17 0.08333300000000009 0.1675
