0 0.49333333333333335 0.36625 0.09000000000000001 0.18
0 0.8041663333333334 0.3675 0.07166700000000002 0.155
0 0.7341663333333335 0.375 0.08166700000000002 0.18
0 0.6650003333333335 0.380625 0.056667000000000016 0.14375000000000002
0 0.6383333333333334 0.333125 0.04 0.08125
0 0.5641663333333332 0.348125 0.048332999999999994 0.09875
0 0.31750033333333333 0.32937500000000003 0.041667000000000017 0.08375
0 0.2758333333333334 0.32625 0.041667000000000017 0.0925
0 0.29333333333333333 0.336875 0.05 0.11375
0 0.18583333333333335 0.31875000000000003 0.041667000000000017 0.1
