0 0.68125 0.5758333333333334 0.0475 0.17166700000000001
0 0.5700000000000001 0.5608333333333334 0.0575 0.208333
0 0.32375 0.46500033333333335 0.065 0.23333299999999996
0 0.01375 0.5675003333333335 0.0275 0.178333
0 0.18 0.5375003333333332 0.0275 0.14166700000000002
0 0.245 0.5866663333333334 0.05 0.25333300000000003
0 0.5906250000000001 0.5483333333333333 0.02125 0.16
0 0.6375000000000001 0.5733333333333334 0.02499999999999993 0.163333
0 0.615 0.5750003333333333 0.0275 0.17
0 0.51875 0.5775003333333335 0.0375 0.188333
0 0.88875 0.5858333333333333 0.035 0.201667
0 0.759375 0.5841663333333335 0.043750000000000004 0.201667
0 0.7825 0.6008333333333333 0.0525 0.248333
