0 0.64125 0.6558333333333334 0.0825 0.31833300000000003
0 0.68375 0.6300003333333335 0.08750000000000001 0.34000000000000014
0 0.34875 0.5750003333333333 0.035 0.21666700000000003
0 0.314375 0.5808333333333334 0.04125 0.2516669999999999
0 0.383125 0.5833333333333334 0.043750000000000004 0.243333
0 0.43125 0.6075003333333334 0.0525 0.265
0 0.484375 0.6150003333333335 0.043750000000000004 0.243333
0 0.5375 0.6133333333333334 0.0475 0.30000000000000004
0 0.581875 0.6133333333333334 0.043750000000000004 0.27666700000000005
0 0.024375 0.5841663333333335 0.03625 0.265
0 0.110625 0.45666633333333334 0.04125 0.24666700000000008
