0 0.5437500000000001 0.6408333333333334 0.065 0.23166700000000004
0 0.76 0.5758333333333334 0.035 0.125
0 0.8075 0.5375003333333332 0.025 0.088333
0 0.495 0.6166663333333333 0.07 0.24666700000000003
0 0.8456250000000001 0.5158333333333334 0.00875 0.041667000000000017
0 0.86375 0.5200003333333333 0.01 0.04333299999999999
0 0.848125 0.5275003333333332 0.01125 0.058332999999999996
0 0.8575 0.5341663333333334 0.015 0.07166700000000002
0 0.89625 0.5200003333333334 0.01 0.05
0 0.918125 0.5366663333333332 0.01625 0.08333299999999999
0 0.886875 0.5358333333333334 0.01625 0.085
0 0.785 0.5350003333333333 0.015 0.08333299999999999
0 0.583125 0.5433333333333333 0.01875 0.09000000000000001
0 0.656875 0.5425003333333333 0.01875 0.09166700000000001
0 0.67625 0.6691663333333334 0.0725 0.315
0 0.353125 0.7125003333333333 0.07875 0.3949999999999999
0 0.288125 0.6425003333333335 0.04875 0.278333
