0 0.368125 0.6525003333333332 0.08625000000000001 0.308333
0 0.79 0.5741663333333334 0.05 0.178333
0 0.851875 0.5125003333333333 0.02625 0.095
0 0.34875 0.6158333333333336 0.0925 0.328333
0 0.973125 0.5025003333333333 0.01375 0.06833299999999999
0 0.990625 0.5108333333333334 0.01375 0.085
0 0.9087500000000001 0.49583333333333335 0.015 0.07500000000000001
0 0.875625 0.49833333333333335 0.01375 0.073333
0 0.8406250000000001 0.5083333333333334 0.01375 0.093333
0 0.92 0.6975003333333333 0.0725 0.37499999999999994
0 0.685625 0.7450003333333334 0.09125 0.4933329999999999
0 0.048125 0.6583333333333333 0.08125 0.4
