0 0.6016663333333334 0.400625 0.14 0.28125
0 0.7908333333333334 0.409375 0.118333 0.25375000000000003
0 0.9333333333333333 0.33437500000000003 0.030000000000000002 0.08375
0 0.8350003333333335 0.335 0.046667000000000014 0.125
0 0.7608333333333334 0.33625 0.048332999999999994 0.11750000000000001
0 0.7000003333333333 0.36375 0.060000000000000005 0.15
0 0.6516663333333335 0.35875 0.05 0.1475
0 0.5733333333333334 0.355 0.07666700000000001 0.1875
0 0.5125003333333333 0.343125 0.048332999999999994 0.12625
0 0.48583333333333334 0.321875 0.041667000000000017 0.09625
0 0.4400003333333334 0.34 0.05333300000000004 0.125
0 0.40000033333333335 0.3325 0.03333299999999999 0.1
0 0.36666633333333337 0.34500000000000003 0.030000000000000002 0.07
0 0.35333333333333333 0.33187500000000003 0.03333299999999999 0.09125
0 0.26666633333333334 0.310625 0.02 0.05625
0 0.30250033333333337 0.3225 0.035 0.11
0 0.11250033333333335 0.316875 0.02833299999999999 0.09125
0 0.08916633333333333 0.354375 0.071667 0.18625
0 0.17750033333333334 0.36062500000000003 0.065 0.17125
