0 0.491875 0.5608333333333334 0.03875 0.14166700000000002
0 0.5275000000000001 0.5583333333333336 0.04 0.143333
0 0.83375 0.5441663333333333 0.0225 0.09833299999999999
0 0.79 0.5425003333333333 0.0225 0.09166700000000001
0 0.62 0.5683333333333334 0.0325 0.153333
0 0.4675 0.7500003333333334 0.045 0.2
0 0.18812500000000001 0.5275003333333335 0.01875 0.088333
0 0.19875 0.5250003333333335 0.0225 0.09666700000000002
0 0.025625000000000002 0.5000003333333335 0.01875 0.07666700000000001
0 0.015625 0.5241663333333333 0.02875 0.131667
0 0.40875 0.5125003333333334 0.015 0.07166700000000002
