0 0.176875 0.5133333333333334 0.10125 0.36000000000000004
0 0.10250000000000001 0.5608333333333334 0.12 0.42833300000000013
0 0.8825000000000001 0.6300003333333334 0.1525 0.543333
0 0.078125 0.43083333333333335 0.03125 0.14500000000000002
0 0.15375 0.5208333333333334 0.07 0.32833300000000004
0 0.27125000000000005 0.45083333333333336 0.0475 0.21500000000000002
0 0.315625 0.6008333333333333 0.09625 0.4783330000000001
0 0.67 0.4391663333333333 0.0275 0.15833300000000006
0 0.6531250000000001 0.46500033333333335 0.03375 0.22333299999999995
0 0.630625 0.4658333333333334 0.04625 0.24500000000000002
0 0.6012500000000001 0.48916633333333337 0.055 0.2716670000000001
0 0.5381250000000001 0.4991663333333334 0.04875 0.27833299999999994
0 0.84125 0.4425003333333334 0.045 0.21833299999999994
0 0.825625 0.49833333333333335 0.03875 0.19666699999999998
0 0.79125 0.48666633333333337 0.0525 0.28333299999999995
