0 0.435 0.48583333333333334 0.13 0.46166699999999994
0 0.6325000000000001 0.6075003333333334 0.16 0.5716670000000001
0 0.856875 0.42833333333333334 0.09625 0.34333300000000005
0 0.764375 0.33916633333333335 0.02625 0.115
0 0.734375 0.34166633333333335 0.02875 0.12666700000000003
0 0.7781250000000001 0.3433333333333333 0.02625 0.12000000000000001
0 0.818125 0.36083333333333334 0.04125 0.165
0 0.715 0.36583333333333334 0.045 0.17833300000000005
0 0.669375 0.35583333333333333 0.03375 0.135
0 0.594375 0.37083333333333335 0.043750000000000004 0.15833300000000006
0 0.515625 0.37333333333333335 0.04875 0.19666699999999998
0 0.9081250000000001 0.4133333333333334 0.06375 0.29000000000000004
