0 0.6816663333333334 0.469375 0.08 0.16125
0 0.7750003333333334 0.49625 0.12000000000000001 0.24
0 0.38416633333333333 0.4225 0.031667000000000015 0.0825
0 0.4516663333333333 0.42 0.03333299999999999 0.08
0 0.06166633333333332 0.603125 0.123333 0.45125
0 0.7475003333333334 0.42625 0.041667000000000017 0.09
0 0.8725003333333335 0.416875 0.03166699999999992 0.10125
0 0.9191663333333335 0.44625000000000004 0.07166699999999993 0.15
0 0.9475003333333333 0.48375 0.07500000000000001 0.23
0 0.9708333333333334 0.504375 0.05166699999999992 0.23875000000000002
0 0.6183333333333334 0.483125 0.093333 0.19625
