0 0.3100003333333334 0.53625 0.17666699999999996 0.355
0 0.7691663333333334 0.44 0.115 0.2325
0 0.3675003333333334 0.36125 0.031667000000000015 0.085
0 0.3900003333333334 0.36 0.030000000000000002 0.08750000000000001
0 0.40166633333333335 0.3675 0.03333299999999999 0.085
0 0.34750033333333336 0.368125 0.03833299999999999 0.09125
0 0.3150003333333333 0.38375000000000004 0.05333299999999999 0.125
0 0.48333333333333334 0.4 0.03666700000000001 0.12
0 0.5183333333333333 0.39125 0.046667000000000014 0.14
0 0.45583333333333337 0.39625 0.041667000000000017 0.1375
0 0.42500033333333337 0.39937500000000004 0.06333300000000004 0.15625
0 0.5691663333333332 0.369375 0.03833299999999999 0.11375
0 0.6058333333333333 0.379375 0.048332999999999994 0.12125
0 0.6641663333333334 0.36125 0.031667000000000015 0.0925
0 0.9016663333333335 0.39 0.05666699999999992 0.15
0 0.9241663333333334 0.403125 0.07500000000000001 0.19125
0 0.16833333333333336 0.374375 0.05 0.10625
0 0.018333333333333333 0.376875 0.036667 0.10375000000000001
0 0.058333333333333334 0.376875 0.04666700000000001 0.09625
