0 0.5825 0.47750033333333347 0.09 0.32166700000000004
0 0.6268750000000001 0.3408333333333334 0.01625 0.078333
0 0.6431250000000001 0.35250033333333336 0.02375 0.088333
0 0.6587500000000001 0.42083333333333334 0.035 0.20833300000000005
0 0.703125 0.40916633333333335 0.03875 0.171667
0 0.7681250000000001 0.37333333333333335 0.03375 0.12000000000000001
0 0.8300000000000001 0.44333333333333336 0.0525 0.21333300000000005
0 0.8 0.46750033333333346 0.0625 0.25166700000000003
0 0.6687500000000001 0.45666633333333334 0.065 0.28666700000000006
0 0.513125 0.35333333333333333 0.02375 0.11
0 0.519375 0.40083333333333343 0.043750000000000004 0.178333
0 0.47500000000000003 0.3925003333333334 0.0325 0.15166699999999997
0 0.39125 0.41000033333333336 0.04 0.18333299999999994
0 0.31875000000000003 0.4575003333333333 0.06 0.298333
0 0.246875 0.40166633333333335 0.03875 0.17
0 0.215625 0.38666633333333333 0.03375 0.16666700000000007
0 0.14375000000000002 0.37833333333333335 0.03750000000000002 0.16
0 0.0825 0.4450003333333334 0.0575 0.323333
0 0.19875 0.5075003333333333 0.085 0.378333
0 0.123125 0.5391663333333333 0.08875 0.41500000000000004
0 0.048125 0.5083333333333334 0.09375 0.406667
0 0.364375 0.5200003333333334 0.11375 0.4833329999999999
0 0.445625 0.6116663333333333 0.11375 0.5566670000000001
0 0.936875 0.7658333333333334 0.11875000000000001 0.46166699999999994
