0 0.5558333333333334 0.598125 0.19166700000000003 0.38375000000000004
0 0.19416633333333339 0.5337500000000001 0.12166700000000003 0.245
0 0.030000333333333334 0.4625 0.04666699999999999 0.10250000000000001
0 0.16166633333333336 0.46625 0.04 0.11750000000000001
0 0.059166333333333335 0.479375 0.07500000000000001 0.12625
0 0.37083333333333335 0.466875 0.05166700000000001 0.14625
0 0.3700003333333334 0.50125 0.07666700000000001 0.185
0 0.29916633333333337 0.5175000000000001 0.048332999999999994 0.2125
0 0.28416633333333335 0.5337500000000001 0.061667000000000013 0.20500000000000002
0 0.46666633333333346 0.514375 0.06666700000000002 0.21875
0 0.5233333333333333 0.544375 0.07666700000000001 0.29125
0 0.6266663333333334 0.443125 0.03666700000000001 0.09875
0 0.7750003333333335 0.44875 0.03666700000000001 0.1
0 0.6783333333333335 0.471875 0.04 0.11125
0 0.9608333333333334 0.47250000000000003 0.065 0.185
0 0.7408333333333335 0.581875 0.115 0.36875
0 0.8466663333333335 0.514375 0.10666700000000001 0.21375
