0 0.534375 0.4975003333333334 0.058750000000000004 0.195
0 0.42812500000000003 0.5066663333333333 0.06625 0.24000000000000002
0 0.088125 0.5291663333333334 0.06625 0.2716670000000001
0 0.481875 0.4633333333333334 0.02875 0.14666699999999996
0 0.453125 0.4758333333333334 0.03375 0.18833300000000006
0 0.39375 0.4658333333333334 0.0275 0.12166699999999997
0 0.34500000000000003 0.4658333333333334 0.04 0.14500000000000002
0 0.28 0.5516663333333335 0.0775 0.31666700000000003
0 0.516875 0.47250033333333336 0.051250000000000004 0.19833300000000004
0 0.896875 0.5800003333333333 0.09375 0.4433329999999999
