0 0.933125 0.6200003333333335 0.09875 0.353333
0 0.740625 0.5250003333333334 0.06875 0.24666700000000008
0 0.67875 0.5700003333333333 0.0375 0.133333
0 0.25625 0.6000003333333332 0.0525 0.263333
0 0.3375 0.6016663333333333 0.0725 0.306667
0 0.3825 0.5316663333333335 0.0325 0.173333
0 0.400625 0.5291663333333334 0.03125 0.165
0 0.445625 0.5358333333333334 0.043750000000000004 0.195
0 0.480625 0.5183333333333333 0.04125 0.153333
0 0.55625 0.5225003333333335 0.0375 0.18166700000000002
0 0.6025 0.5375003333333332 0.045 0.195
0 0.605 0.5491663333333333 0.045 0.22166700000000003
0 0.65 0.5300003333333334 0.0375 0.18000000000000002
0 0.84875 0.48250033333333336 0.0375 0.135
0 0.88 0.4991663333333334 0.0375 0.15833300000000006
0 0.90375 0.5000003333333334 0.0425 0.16
0 0.9675 0.5066663333333333 0.04 0.16666700000000007
