0 0.71625 0.6283333333333334 0.0925 0.33
0 0.58875 0.5750003333333333 0.06 0.21666700000000003
0 0.030625 0.6441663333333334 0.06125 0.44166700000000014
0 0.04625 0.6866663333333334 0.09 0.4766670000000001
0 0.12562500000000001 0.6191663333333333 0.08375000000000002 0.33166700000000005
0 0.336875 0.5508333333333334 0.04125 0.18500000000000003
0 0.364375 0.6016663333333333 0.07875 0.306667
0 0.39 0.5633333333333332 0.06 0.25
0 0.41250000000000003 0.5500003333333333 0.045 0.193333
0 0.48562500000000003 0.5375003333333332 0.03875 0.155
0 0.510625 0.5341663333333334 0.03375 0.15166700000000002
0 0.541875 0.5225003333333335 0.03125 0.14166700000000002
0 0.655625 0.5066663333333333 0.01625 0.1
0 0.644375 0.5025003333333333 0.02875 0.115
0 0.623125 0.5358333333333334 0.04125 0.17166700000000001
0 0.6825 0.5533333333333333 0.045 0.18666700000000003
0 0.76125 0.4941663333333334 0.0225 0.115
0 0.839375 0.5141663333333335 0.02375 0.12166700000000003
0 0.7875 0.49916633333333343 0.0225 0.09166700000000001
0 0.806875 0.6083333333333334 0.06375 0.30333300000000013
