0 0.445 0.49000033333333337 0.0675 0.24333299999999997
0 0.07875 0.5508333333333334 0.1 0.35833300000000007
0 0.14625 0.42250033333333337 0.0275 0.135
0 0.2175 0.4400003333333334 0.035 0.13
0 0.29875 0.42583333333333334 0.025 0.125
0 0.31625000000000003 0.44916633333333333 0.04 0.19166700000000006
0 0.25875 0.48750033333333337 0.0675 0.23500000000000001
0 0.5225000000000001 0.41833333333333333 0.025 0.09000000000000001
0 0.491875 0.49333333333333335 0.03375 0.24000000000000002
0 0.545625 0.6208333333333335 0.09875 0.44166700000000014
