0 0.80875 0.5300003333333335 0.095 0.34000000000000014
0 0.71625 0.5125003333333333 0.08750000000000001 0.3116670000000001
0 0.265 0.40916633333333335 0.035 0.14166699999999996
0 0.27375000000000005 0.41750033333333336 0.05 0.14833299999999996
0 0.3375 0.40000033333333335 0.04 0.12666700000000006
0 0.4525 0.4350003333333334 0.0575 0.21666700000000008
0 0.41875 0.45083333333333336 0.0525 0.255
0 0.519375 0.48500033333333337 0.06125 0.23
0 0.9 0.40750033333333335 0.035 0.13833300000000004
0 0.96 0.45333333333333337 0.0575 0.18666699999999997
