0 0.4325 0.5458333333333334 0.0625 0.22166700000000003
0 0.47000000000000003 0.5541663333333333 0.055 0.198333
0 0.185 0.4366663333333333 0.0175 0.06666699999999996
0 0.198125 0.4341663333333334 0.01625 0.06833300000000005
0 0.1475 0.41833333333333333 0.015 0.05
0 0.23125 0.4416663333333333 0.02 0.07666699999999997
0 0.145625 0.48416633333333337 0.03625 0.14166699999999996
0 0.25499999999999995 0.45916633333333334 0.03 0.11833299999999995
0 0.28 0.4600003333333334 0.0225 0.09666699999999998
0 0.2975 0.4600003333333334 0.0175 0.09666699999999998
0 0.320625 0.4575003333333334 0.02375 0.08833299999999995
0 0.310625 0.4783333333333334 0.02875 0.12000000000000001
0 0.245625 0.48750033333333337 0.04625 0.165
0 0.340625 0.48250033333333325 0.02125 0.11166700000000002
0 0.3675 0.4891663333333334 0.03 0.108333
0 0.661875 0.5433333333333333 0.04875 0.17
0 0.11937500000000001 0.5625003333333334 0.06875 0.265
0 0.099375 0.7416663333333334 0.11875000000000001 0.5133330000000003
