0 0.318125 0.4708333333333334 0.12124999999999997 0.43166699999999997
0 0.38125000000000003 0.5075003333333333 0.1275 0.455
0 0.5906250000000001 0.4575003333333334 0.08125 0.28833299999999995
0 0.033125 0.3975003333333334 0.06375 0.32166700000000004
0 0.5125000000000001 0.22083333333333335 0.0175 0.065
0 0.5325 0.2525003333333333 0.02 0.07500000000000001
0 0.806875 0.30583333333333335 0.02125 0.085
0 0.73375 0.32333333333333336 0.0325 0.11666700000000002
0 0.7025 0.31750033333333333 0.0275 0.125
0 0.67125 0.32500033333333334 0.0325 0.143333
0 0.67625 0.34166633333333335 0.0375 0.143333
0 0.5475 0.35500033333333336 0.03 0.16666700000000007
0 0.520625 0.34833333333333333 0.02875 0.16
0 0.489375 0.36250033333333337 0.03625 0.165
0 0.5643750000000001 0.39333333333333337 0.058750000000000004 0.26333300000000004
0 0.5962500000000001 0.37083333333333335 0.0375 0.22833300000000006
0 0.635 0.3691663333333334 0.04 0.228333
0 0.84 0.34000033333333335 0.04 0.16333300000000003
0 0.98375 0.34500033333333335 0.025 0.15000000000000002
