0 0.33 0.6541663333333334 0.19 0.678333
0 0.6218750000000001 0.5925003333333334 0.16624999999999993 0.5916670000000002
0 0.481875 0.5583333333333335 0.13875 0.49666700000000014
0 0.779375 0.36833333333333335 0.02875 0.103333
0 0.843125 0.37166633333333343 0.02875 0.12000000000000005
0 0.8143750000000001 0.37500033333333327 0.03375 0.11999999999999995
0 0.8675 0.38583333333333336 0.0275 0.11833300000000005
0 0.895625 0.4475003333333334 0.06125 0.24833299999999997
0 0.92125 0.6516663333333335 0.15 0.6833330000000001
0 0.21 0.40916633333333335 0.0775 0.27833299999999994
