0 0.365 0.5308333333333334 0.0475 0.17166700000000001
0 0.33375 0.5350003333333333 0.045 0.163333
0 0.278125 0.5475003333333333 0.043750000000000004 0.158333
0 0.018125 0.45333333333333337 0.01375 0.05
0 0.049375 0.45416633333333334 0.01125 0.045000000000000005
0 0.0075 0.46416633333333346 0.015 0.07166700000000002
0 0.0325 0.4783333333333334 0.025 0.09000000000000001
0 0.13999999999999999 0.4991663333333334 0.025 0.115
0 0.08375 0.5025003333333333 0.055 0.18833299999999994
0 0.125625 0.5133333333333334 0.03875 0.15000000000000002
0 0.16 0.5100003333333335 0.03 0.14666700000000002
0 0.5850000000000001 0.5741663333333334 0.0475 0.23166700000000004
