0 0.7731250000000001 0.5775003333333334 0.08875 0.318333
0 0.040625 0.29750033333333337 0.02125 0.088333
0 0.05 0.34166633333333335 0.03 0.09666700000000002
0 0.0075 0.4083333333333334 0.015 0.11000000000000006
0 0.02375 0.40750033333333335 0.03 0.11166700000000007
0 0.136875 0.42916633333333337 0.03125 0.10500000000000001
0 0.1525 0.41000033333333336 0.0225 0.08666699999999997
0 0.179375 0.41166633333333336 0.02125 0.07666699999999997
0 0.251875 0.41583333333333333 0.02125 0.08833300000000004
0 0.2725 0.45083333333333336 0.0325 0.12833300000000006
0 0.32125 0.41833333333333333 0.0175 0.07666699999999997
0 0.34125 0.4108333333333334 0.015 0.07833300000000004
0 0.311875 0.43583333333333335 0.02625 0.09833300000000005
0 0.353125 0.43333333333333335 0.02875 0.10333300000000005
0 0.379375 0.4300003333333334 0.02125 0.1
0 0.42375 0.41250033333333336 0.015 0.06833300000000005
0 0.505625 0.38750033333333334 0.01375 0.061667000000000013
0 0.5856250000000001 0.42250033333333337 0.01625 0.065
0 0.638125 0.42333333333333334 0.01875 0.06333300000000004
0 0.629375 0.45666633333333334 0.02875 0.10666699999999997
0 0.5700000000000001 0.46750033333333335 0.0275 0.12166699999999997
0 0.47000000000000003 0.45833333333333337 0.03 0.14
0 0.500625 0.45916633333333334 0.02625 0.11833299999999995
0 0.505 0.46750033333333335 0.0325 0.14166699999999996
0 0.526875 0.45583333333333337 0.02625 0.13833300000000004
0 0.548125 0.46916633333333335 0.03875 0.14500000000000002
0 0.950625 0.4658333333333334 0.03125 0.10500000000000001
0 0.855 0.4475003333333334 0.0175 0.07833300000000004
0 0.8425 0.46666633333333335 0.0275 0.11333300000000004
0 0.87125 0.4733333333333334 0.0375 0.14333300000000004
0 0.784375 0.47166633333333335 0.03125 0.14
0 0.81875 0.46750033333333335 0.03 0.14166699999999996
0 0.7518750000000001 0.4708333333333334 0.03875 0.155
0 0.8975 0.49333333333333335 0.0375 0.15000000000000002
0 0.9656250000000001 0.5225003333333333 0.04875 0.17500000000000002
0 0.983125 0.5108333333333334 0.02875 0.18500000000000003
