0 0.37625000000000003 0.45083333333333336 0.11750000000000001 0.41833300000000007
0 0.48125 0.49333333333333335 0.135 0.48000000000000004
0 0.55 0.4216663333333334 0.095 0.34000000000000014
0 0.434375 0.26500033333333334 0.02125 0.08666700000000002
0 0.451875 0.26333333333333336 0.01875 0.08333299999999999
0 0.445625 0.3091663333333334 0.02625 0.131667
0 0.45687500000000003 0.3075003333333334 0.02875 0.131667
0 0.509375 0.30833333333333335 0.02375 0.11666700000000002
0 0.5337500000000001 0.30166633333333337 0.02 0.1
0 0.5800000000000001 0.3066663333333334 0.0275 0.103333
0 0.649375 0.29666633333333337 0.01375 0.07
0 0.894375 0.3100003333333334 0.02125 0.073333
0 0.86 0.30250033333333337 0.015 0.06833299999999999
0 0.848125 0.30250033333333337 0.01875 0.08166700000000002
0 0.82375 0.30416633333333337 0.015 0.06833299999999999
0 0.789375 0.30083333333333334 0.02125 0.07500000000000001
0 0.763125 0.31833333333333336 0.02125 0.103333
0 0.833125 0.3775003333333333 0.02625 0.09166700000000001
0 0.9243750000000001 0.43333333333333335 0.02875 0.10333300000000005
0 0.705 0.47416633333333336 0.115 0.45833299999999993
0 0.059375000000000004 0.4450003333333334 0.11875000000000001 0.4866670000000001
