0 0.4325 0.49000033333333337 0.0825 0.29666700000000007
0 0.25625 0.39500033333333334 0.025 0.16333300000000003
0 0.305625 0.29166633333333336 0.02375 0.08333299999999999
0 0.326875 0.32750033333333334 0.02125 0.09833299999999999
0 0.34875 0.3850003333333333 0.035 0.12999999999999995
0 0.28250000000000003 0.40250033333333335 0.035 0.18500000000000003
0 0.604375 0.36583333333333334 0.02125 0.08166700000000002
0 0.485 0.38083333333333336 0.0225 0.10500000000000001
0 0.54 0.3766663333333333 0.0225 0.11
0 0.52125 0.38333333333333336 0.0275 0.12333300000000004
0 0.458125 0.42000033333333336 0.03625 0.22333299999999995
0 0.7262500000000001 0.3691663333333334 0.0175 0.07166700000000002
0 0.7368750000000001 0.3675003333333334 0.01375 0.061667000000000013
0 0.754375 0.33750033333333335 0.01375 0.05166700000000001
0 0.8356250000000001 0.38000033333333333 0.01625 0.07
0 0.85 0.3766663333333333 0.02 0.08
0 0.87 0.38000033333333333 0.0175 0.073333
0 0.84375 0.41416633333333336 0.035 0.12833300000000006
0 0.7475 0.4108333333333334 0.0275 0.125
0 0.7731250000000001 0.5233333333333333 0.09375 0.35000000000000003
0 0.974375 0.45166633333333334 0.04625 0.22
