0 0.5875003333333334 0.49062500000000003 0.14500000000000002 0.29125
0 0.13000033333333336 0.444375 0.093333 0.18625
0 0.9658333333333334 0.375 0.028333000000000084 0.0575
0 0.9791663333333332 0.3875 0.03166699999999992 0.0925
0 0.9433333333333334 0.381875 0.04 0.08875
0 0.7366663333333334 0.398125 0.04 0.08875
0 0.6525003333333335 0.3575 0.041667000000000017 0.085
0 0.6516663333333335 0.401875 0.03666700000000001 0.09875
0 0.6958333333333334 0.39937500000000004 0.03833299999999999 0.10125
0 0.4900003333333335 0.389375 0.03666700000000001 0.09125
0 0.5158333333333334 0.405625 0.03833299999999999 0.10375000000000001
0 0.5575003333333335 0.4475 0.061667000000000013 0.17
0 0.38000033333333333 0.38 0.02333299999999999 0.0575
0 0.4891663333333334 0.44875 0.07166700000000002 0.19
0 0.4133333333333334 0.45125 0.08 0.19
0 0.35583333333333333 0.41375 0.048332999999999994 0.1325
0 0.8016663333333334 0.46625 0.09000000000000001 0.24
