0 0.42583333333333334 0.446875 0.06833300000000005 0.13875
0 0.5191663333333334 0.473125 0.09166700000000001 0.18375
0 0.6208333333333336 0.473125 0.09166700000000001 0.18375
0 0.9350003333333335 0.408125 0.030000000000000002 0.06375
0 0.8025003333333335 0.335625 0.041667000000000017 0.08375
0 0.7641663333333333 0.383125 0.03833299999999999 0.07625
0 0.7400003333333333 0.41375 0.04333299999999999 0.0925
0 0.7891663333333334 0.42375 0.045000000000000005 0.1
0 0.6666663333333334 0.429375 0.05 0.10625
0 0.5708333333333334 0.43062500000000004 0.058332999999999996 0.11875000000000001
0 0.6558333333333334 0.47375 0.058332999999999996 0.17
0 0.47000033333333346 0.424375 0.046667000000000014 0.09375
0 0.24666633333333335 0.496875 0.14 0.28375
0 0.050833333333333335 0.52125 0.035 0.08
