0 0.5091663333333335 0.455 0.118333 0.265
0 0.2733333333333334 0.36062500000000003 0.030000000000000002 0.06125
0 0.18333333333333335 0.37375 0.03333299999999999 0.0825
0 0.2541663333333333 0.366875 0.031667000000000015 0.06875
0 0.21166633333333335 0.39125 0.05 0.12
0 0.34666633333333335 0.35000000000000003 0.02333299999999999 0.0475
0 0.29416633333333336 0.385625 0.048332999999999994 0.11375
0 0.21166633333333335 0.40375 0.060000000000000005 0.1375
0 0.4733333333333334 0.3525 0.026667000000000014 0.06
0 0.4416663333333333 0.370625 0.04 0.09375
0 0.38083333333333336 0.378125 0.05166700000000001 0.11625
0 0.6975003333333333 0.44375000000000003 0.02833299999999999 0.075
0 0.6075003333333334 0.383125 0.055 0.14375000000000002
0 0.6400003333333334 0.39875 0.05 0.11750000000000001
0 0.5700003333333334 0.443125 0.103333 0.24625
0 0.8075003333333334 0.37625000000000003 0.065 0.1625
