0 0.5341663333333334 0.4875 0.25166700000000003 0.42
0 0.23916633333333334 0.4825 0.065 0.18
0 0.11916633333333333 0.424375 0.07500000000000001 0.25125000000000003
0 0.11083333333333334 0.4575 0.10166700000000002 0.255
0 0.9491663333333334 0.386875 0.055 0.14875
0 0.9133333333333334 0.381875 0.03666699999999992 0.12875
0 0.8633333333333334 0.36625 0.04 0.0975
0 0.8458333333333334 0.375625 0.035 0.10375000000000001
0 0.8166663333333335 0.37125 0.03666700000000001 0.0975
0 0.7600003333333335 0.37625000000000003 0.03666700000000001 0.1075
0 0.7400003333333333 0.358125 0.03333299999999999 0.09375
0 0.7016663333333334 0.3775 0.04 0.125
0 0.6633333333333333 0.39375 0.06333299999999999 0.1675
