0 0.30833333333333335 0.484375 0.103333 0.20875
0 0.48833333333333334 0.483125 0.10666700000000001 0.21625
0 0.6058333333333333 0.49625 0.108333 0.2175
0 0.6916663333333333 0.503125 0.11333299999999999 0.22625
0 0.7716663333333335 0.50375 0.10666700000000001 0.215
0 0.030000333333333334 0.450625 0.060000000000000005 0.16375
0 0.08333333333333334 0.425 0.033333 0.0825
0 0.14166633333333334 0.451875 0.03666700000000001 0.08125
0 0.19250033333333336 0.404375 0.021667000000000013 0.043750000000000004
0 0.21333333333333335 0.408125 0.02333299999999999 0.05375
0 0.24833333333333335 0.47125 0.073333 0.17250000000000001
0 0.6325003333333333 0.463125 0.045000000000000005 0.15625
0 0.8575003333333335 0.43375 0.045000000000000005 0.1125
0 0.9091663333333335 0.4475 0.04166699999999992 0.13
0 0.7250003333333332 0.49625 0.06666700000000002 0.1925
