0 0.31833333333333336 0.45937500000000003 0.06666700000000002 0.13625
0 0.37583333333333335 0.466875 0.07166700000000002 0.14375000000000002
0 0.5141663333333334 0.5075000000000001 0.095 0.19
0 0.6016663333333333 0.515625 0.093333 0.18875
0 0.06166633333333334 0.5437500000000001 0.030000000000000002 0.07
0 0.012500333333333334 0.53125 0.024999999999999998 0.0825
0 0.9458333333333334 0.46125 0.018333000000000085 0.0625
0 0.8608333333333333 0.478125 0.035 0.08875
0 0.9125003333333334 0.494375 0.05166699999999992 0.12875
0 0.8216663333333334 0.36062500000000003 0.030000000000000002 0.06125
0 0.7816663333333334 0.40125 0.030000000000000002 0.0675
0 0.7658333333333334 0.424375 0.035 0.07375
0 0.8083333333333335 0.46375 0.04 0.0975
0 0.8108333333333334 0.473125 0.041667000000000017 0.09625
0 0.7633333333333334 0.4675 0.03666700000000001 0.0975
0 0.5875003333333334 0.5068750000000001 0.07500000000000001 0.16375
0 0.6741663333333333 0.4675 0.03833299999999999 0.115
0 0.6633333333333333 0.515625 0.05333299999999999 0.17125
