0 0.6791663333333333 0.499375 0.11166700000000002 0.22375
0 0.26833333333333337 0.46 0.08 0.16
0 0.7566663333333333 0.510625 0.12000000000000001 0.24125
0 0.8491663333333335 0.51125 0.1083330000000001 0.2175
0 0.10833333333333334 0.433125 0.03333299999999999 0.09375
0 0.22250033333333336 0.40750000000000003 0.01833299999999999 0.05
0 0.21083333333333334 0.411875 0.01833299999999999 0.05375
0 0.24833333333333335 0.40750000000000003 0.02 0.0475
0 0.22250033333333336 0.466875 0.035 0.07875
0 0.32583333333333336 0.49375 0.031667000000000015 0.075
0 0.3741663333333333 0.51875 0.031667000000000015 0.0575
0 0.2808333333333333 0.29 0.041667000000000017 0.0775
0 0.7308333333333333 0.42375 0.031667000000000015 0.07
0 0.6183333333333334 0.453125 0.056667000000000016 0.15125
0 0.9641663333333335 0.443125 0.048333000000000084 0.08125
0 0.7941663333333334 0.499375 0.088333 0.20375000000000001
