0 0.25916633333333333 0.405625 0.078333 0.15625
0 0.45333333333333337 0.4175 0.07333300000000004 0.15
0 0.20166633333333336 0.26312500000000005 0.01666700000000001 0.043750000000000004
0 0.19000033333333335 0.2725 0.01666700000000001 0.045
0 0.17166633333333334 0.280625 0.01666700000000001 0.04875
0 0.15666633333333335 0.28374999999999995 0.02 0.05
0 0.5900003333333335 0.385625 0.026667000000000014 0.06875
0 0.8325003333333335 0.29 0.031667000000000015 0.06
0 0.8166663333333334 0.305 0.030000000000000002 0.06749999999999996
0 0.7958333333333334 0.33625 0.031667000000000015 0.0675
0 0.7775003333333333 0.36125 0.035 0.085
0 0.7525003333333334 0.376875 0.035 0.08875
0 0.7275003333333335 0.401875 0.041667000000000017 0.11125
0 0.8050003333333334 0.39937500000000004 0.04 0.11125
0 0.9866663333333335 0.395625 0.02 0.06875
0 0.9650003333333335 0.40750000000000003 0.023333000000000086 0.0475
0 0.9233333333333333 0.4175 0.07 0.1325
0 0.6841663333333334 0.445625 0.05166700000000001 0.17375000000000002
0 0.6250003333333333 0.446875 0.08333299999999999 0.19125
0 0.5333333333333333 0.44375000000000003 0.07666700000000001 0.19
