0 0.34500033333333335 0.43625 0.08 0.1625
0 0.22333333333333336 0.395 0.03333299999999999 0.0725
0 0.24416633333333335 0.39687500000000003 0.035 0.07875
0 0.5133333333333334 0.42625 0.05333299999999999 0.12
0 0.6000003333333332 0.44125000000000003 0.05333299999999999 0.1125
0 0.8000003333333333 0.32 0.03333299999999999 0.0675
0 0.7450003333333334 0.353125 0.04 0.08125
0 0.7283333333333334 0.440625 0.056667000000000016 0.11625
0 0.9183333333333334 0.438125 0.030000000000000002 0.08625000000000001
0 0.8908333333333334 0.441875 0.045000000000000005 0.10625
0 0.9791663333333332 0.43375 0.028333000000000084 0.06
