0 0.4300003333333334 0.43625 0.16 0.3225
0 0.5258333333333334 0.41375 0.115 0.2325
0 0.6100003333333333 0.4275 0.123333 0.2475
0 0.30833333333333335 0.316875 0.046667000000000014 0.10875
0 0.15166633333333332 0.5325 0.22666700000000004 0.5850000000000001
0 0.36666633333333337 0.325 0.026667000000000014 0.07
0 0.3675003333333334 0.3325 0.021667000000000013 0.0675
0 0.4783333333333334 0.33625 0.03333299999999999 0.0825
0 0.7291663333333335 0.3675 0.061667000000000013 0.14
0 0.6475003333333333 0.39375 0.06833299999999999 0.16
0 0.7383333333333334 0.4 0.06333299999999999 0.17250000000000001
0 0.9141663333333335 0.343125 0.048333000000000084 0.10125
0 0.8741663333333333 0.366875 0.048333000000000084 0.09875
