0 0.4525003333333334 0.448125 0.15166699999999997 0.30625
0 0.09916633333333334 0.441875 0.19833300000000004 0.39625
0 0.7291663333333335 0.306875 0.021667000000000013 0.043750000000000004
0 0.7008333333333334 0.309375 0.021667000000000013 0.04625
0 0.6850003333333334 0.31 0.02 0.044999999999999964
0 0.6283333333333334 0.31375000000000003 0.02333299999999999 0.05
0 0.6016663333333334 0.315 0.02 0.05250000000000004
0 0.5500003333333333 0.3125 0.02333299999999999 0.047500000000000035
0 0.40333333333333343 0.325 0.02 0.0525
0 0.3150003333333333 0.35625 0.04333299999999999 0.09
0 0.25833333333333336 0.35375 0.046667000000000014 0.1075
0 0.22166633333333333 0.34375 0.046667000000000014 0.10250000000000001
0 0.35666633333333336 0.43625 0.11 0.28750000000000003
