0 0.3700003333333334 0.386875 0.10666699999999997 0.21375
0 0.5000003333333333 0.34500000000000003 0.073333 0.15
0 0.7158333333333334 0.364375 0.118333 0.23625000000000002
0 0.3358333333333334 0.361875 0.095 0.19125
0 0.5841663333333335 0.344375 0.078333 0.15625
0 0.8308333333333334 0.398125 0.035 0.09625
0 0.7866663333333334 0.383125 0.030000000000000002 0.11125
0 0.6716663333333333 0.296875 0.02333299999999999 0.061250000000000034
0 0.6641663333333333 0.345625 0.03833299999999999 0.10875
0 0.5341663333333334 0.325625 0.031667000000000015 0.09875
0 0.44083333333333335 0.343125 0.05166699999999997 0.12875
0 0.39750033333333334 0.33375 0.03833299999999999 0.1075
0 0.27166633333333334 0.315625 0.03666700000000001 0.08625000000000001
