0 0.42750033333333337 0.416875 0.07833300000000004 0.15625
0 0.26750033333333334 0.41500000000000004 0.07500000000000001 0.1525
0 0.30833333333333335 0.43125 0.07 0.14
0 0.8183333333333332 0.44875 0.073333 0.1475
0 0.36916633333333343 0.45 0.11500000000000006 0.2325
0 0.7958333333333334 0.33375 0.031667000000000015 0.075
0 0.7650003333333334 0.39375 0.030000000000000002 0.08750000000000001
0 0.7358333333333333 0.41250000000000003 0.035 0.0825
0 0.6741663333333333 0.41125 0.035 0.09
0 0.6941663333333334 0.435 0.041667000000000017 0.10250000000000001
0 0.6100003333333333 0.4175 0.05 0.12
