0 0.8241663333333334 0.404375 0.1083330000000001 0.21875
0 0.7583333333333334 0.38625 0.08 0.16
0 0.6116663333333333 0.406875 0.08 0.16125
0 0.5975003333333334 0.349375 0.025 0.06125
0 0.6458333333333334 0.36375 0.03833299999999999 0.0975
0 0.6283333333333334 0.3875 0.046667000000000014 0.14
0 0.5558333333333334 0.366875 0.035 0.11125
0 0.4575003333333334 0.34375 0.025 0.05
0 0.46250033333333346 0.366875 0.031667000000000015 0.08125
0 0.47666633333333336 0.37375 0.04 0.10250000000000001
0 0.40500033333333335 0.3825 0.04333300000000004 0.11
0 0.36583333333333334 0.3875 0.05166700000000001 0.1375
0 0.5683333333333334 0.3925 0.046667000000000014 0.14
0 0.8950003333333333 0.445625 0.04 0.08125
