0 0.40083333333333343 0.400625 0.061667000000000013 0.12625
0 0.29416633333333336 0.45125 0.085 0.17
0 0.23000033333333336 0.419375 0.103333 0.20625000000000002
0 0.5366663333333332 0.49125 0.133333 0.2675
0 0.08166633333333333 0.431875 0.043333 0.10375000000000001
0 0.15750033333333335 0.40125 0.061667000000000013 0.17
0 0.15166633333333332 0.41250000000000003 0.08666700000000002 0.17500000000000002
0 0.6066663333333333 0.383125 0.030000000000000002 0.09375
0 0.6300003333333334 0.40750000000000003 0.060000000000000005 0.1225
0 0.6791663333333333 0.40125 0.048332999999999994 0.11750000000000001
0 0.8566663333333334 0.39625 0.04333300000000009 0.08750000000000001
0 0.9708333333333334 0.326875 0.045000000000000005 0.09375
0 0.9833333333333334 0.296875 0.023333000000000086 0.09375000000000004
