0 0.9025003333333335 0.474375 0.10500000000000001 0.21125
0 0.22500033333333336 0.425 0.04 0.09
0 0.33083333333333337 0.39875 0.021667000000000013 0.05
0 0.35833333333333334 0.425 0.04 0.10250000000000001
0 0.39583333333333337 0.421875 0.035 0.08375
0 0.47500033333333336 0.42562500000000003 0.04 0.09375
0 0.5041663333333333 0.44 0.03833299999999999 0.11750000000000001
0 0.5516663333333333 0.39875 0.02333299999999999 0.05
0 0.5741663333333334 0.3925 0.021667000000000013 0.0475
0 0.6216663333333333 0.429375 0.030000000000000002 0.08125
0 0.6925003333333335 0.443125 0.031667000000000015 0.07875
0 0.8116663333333334 0.48875 0.030000000000000002 0.08
0 0.7966663333333335 0.478125 0.026667000000000014 0.07875
0 0.7608333333333334 0.475625 0.035 0.09625
0 0.8808333333333334 0.46875 0.095 0.2175
