0 0.40166633333333335 0.485 0.09000000000000001 0.18
0 0.9283333333333333 0.44375000000000003 0.030000000000000002 0.0675
0 0.8858333333333334 0.448125 0.03166699999999992 0.08125
0 0.8441663333333335 0.433125 0.021667000000000013 0.05625
0 0.8541663333333332 0.450625 0.04166699999999992 0.09375
0 0.8191663333333333 0.44625000000000004 0.02833299999999999 0.075
0 0.7875003333333332 0.4425 0.035 0.075
0 0.7575003333333333 0.4375 0.02833299999999999 0.0625
0 0.7300003333333333 0.44 0.03666700000000001 0.075
0 0.5458333333333334 0.453125 0.03833299999999999 0.10625
0 0.5750003333333333 0.46 0.04 0.12
0 0.4800003333333333 0.405 0.03333299999999999 0.0775
0 0.4241663333333334 0.45 0.03833299999999999 0.105
0 0.32166633333333333 0.44875 0.046667000000000014 0.135
0 0.3458333333333333 0.47250000000000003 0.058332999999999996 0.185
0 0.2525003333333333 0.455 0.055 0.135
0 0.20833333333333334 0.444375 0.05 0.11125
0 0.1641663333333334 0.46125 0.048333000000000015 0.1225
0 0.10083333333333334 0.45 0.05166700000000001 0.135
0 0.5308333333333334 0.353125 0.031667000000000015 0.08375
