0 0.43083333333333335 0.46625 0.10500000000000001 0.2125
0 0.2016663333333334 0.4275 0.09333300000000001 0.1875
0 0.28750033333333336 0.4225 0.09166700000000001 0.185
0 0.022500333333333334 0.29375 0.045000000000000005 0.105
0 0.07416633333333333 0.41125 0.071667 0.1825
0 0.21000033333333334 0.41500000000000004 0.06333300000000001 0.185
0 0.5758333333333334 0.41625 0.045000000000000005 0.1125
0 0.5350003333333335 0.4325 0.056667000000000016 0.16
0 0.7400003333333334 0.349375 0.030000000000000002 0.09875
0 0.7100003333333333 0.36375 0.04 0.09
0 0.6008333333333333 0.410625 0.03833299999999999 0.10375000000000001
0 0.6500003333333333 0.414375 0.03333299999999999 0.08625000000000001
0 0.6300003333333335 0.4375 0.056667000000000016 0.145
0 0.9800003333333334 0.42812500000000003 0.030000000000000002 0.11125
0 0.8958333333333334 0.41875 0.03833300000000009 0.0825
0 0.8008333333333334 0.4175 0.03833299999999999 0.085
