0 0.2541663333333333 0.689375 0.305 0.61125
0 0.6125003333333334 0.3975 0.021667000000000013 0.0425
0 0.6550003333333333 0.46875 0.02333299999999999 0.0775
0 0.6975003333333335 0.480625 0.021667000000000013 0.08625000000000001
0 0.6858333333333334 0.46875 0.02833299999999999 0.0925
0 0.6375003333333334 0.444375 0.041667000000000017 0.08375
0 0.45083333333333336 0.42562500000000003 0.03833299999999999 0.11375
0 0.41166633333333336 0.42875 0.046666999999999965 0.1125
0 0.4625003333333333 0.4375 0.03833299999999999 0.1225
0 0.34166633333333335 0.39375 0.02333299999999999 0.05
0 0.29000033333333336 0.4 0.026667000000000014 0.0675
0 0.2525003333333333 0.39625 0.02833299999999999 0.065
0 0.2525003333333333 0.415625 0.03833299999999999 0.08375
0 0.3691663333333334 0.45437500000000003 0.08166700000000002 0.18875
0 0.8858333333333334 0.465 0.058333000000000086 0.1525
0 0.7875003333333332 0.55375 0.13166699999999992 0.31749999999999995
