0 0.21250033333333335 0.5543750000000001 0.09833299999999999 0.19875
0 0.7958333333333334 0.5025000000000001 0.02833299999999999 0.075
0 0.8433333333333334 0.50125 0.04333300000000009 0.0925
0 0.6841663333333334 0.42 0.031667000000000015 0.08
0 0.6483333333333334 0.433125 0.030000000000000002 0.08875
0 0.6333333333333334 0.47000000000000003 0.03333299999999999 0.08
0 0.5725003333333335 0.5075000000000001 0.041667000000000017 0.0925
0 0.49166633333333326 0.50875 0.04333299999999999 0.13
0 0.5191663333333333 0.51375 0.048332999999999994 0.14
0 0.4375003333333334 0.51625 0.04833300000000004 0.1325
0 0.26500033333333334 0.5075000000000001 0.046667000000000014 0.1075
0 0.33083333333333337 0.5281250000000001 0.058332999999999996 0.13875
0 0.051666333333333335 0.3825 0.023333000000000007 0.065
0 0.024166333333333335 0.3875 0.025000000000000005 0.065
