0 0.28416633333333335 0.50875 0.088333 0.1775
0 0.13000033333333336 0.500625 0.08333299999999999 0.16625
0 0.026666333333333337 0.513125 0.05333300000000001 0.18875
0 0.10750033333333335 0.5275000000000001 0.085 0.17250000000000001
0 0.33916633333333335 0.483125 0.048332999999999994 0.11125
0 0.38166633333333333 0.47500000000000003 0.04333299999999999 0.11
0 0.46666633333333324 0.479375 0.05333299999999999 0.13625
0 0.5233333333333333 0.484375 0.046667000000000014 0.12875
0 0.5625003333333333 0.480625 0.03833299999999999 0.13125
0 0.5925003333333334 0.479375 0.045000000000000005 0.14375000000000002
0 0.7425003333333333 0.400625 0.03833299999999999 0.07625
0 0.7216663333333334 0.4175 0.04 0.08
0 0.7166663333333333 0.44625000000000004 0.03333299999999999 0.08750000000000001
0 0.6858333333333334 0.466875 0.031667000000000015 0.08875
0 0.6641663333333334 0.48562500000000003 0.055 0.13375
0 0.8808333333333334 0.47000000000000003 0.045000000000000005 0.09
0 0.9866663333333335 0.463125 0.02 0.07625
