0 0.5158333333333334 0.43062500000000004 0.078333 0.15875
0 0.5641663333333333 0.421875 0.07500000000000001 0.15125
0 0.8325003333333335 0.374375 0.031667000000000015 0.06375
0 0.6891663333333334 0.41875 0.061667000000000013 0.15
0 0.9041663333333335 0.480625 0.028333000000000084 0.08875
0 0.9225003333333333 0.48625 0.03166699999999992 0.08750000000000001
0 0.4966663333333334 0.390625 0.04 0.09375
0 0.5841663333333335 0.414375 0.035 0.11875000000000001
0 0.40083333333333343 0.385625 0.02833299999999999 0.07125000000000001
0 0.35666633333333336 0.383125 0.026667000000000014 0.07125000000000001
0 0.3750003333333333 0.389375 0.026667000000000014 0.07375
0 0.29166633333333336 0.390625 0.030000000000000002 0.07125000000000001
0 0.45666633333333334 0.4025 0.05 0.1225
0 0.4241663333333334 0.42812500000000003 0.061667000000000013 0.14125000000000001
0 0.35250033333333336 0.45125 0.07166700000000002 0.17250000000000001
