0 0.4633333333333334 0.445625 0.060000000000000005 0.12125
0 0.5958333333333333 0.4575 0.078333 0.1575
0 0.7208333333333333 0.41125 0.025 0.05
0 0.8325003333333334 0.52 0.035 0.0725
0 0.8033333333333335 0.505625 0.030000000000000002 0.06625
0 0.9533333333333334 0.471875 0.06333300000000008 0.15125
0 0.4800003333333333 0.41250000000000003 0.02333299999999999 0.0525
0 0.6541663333333334 0.404375 0.021667000000000013 0.03875
0 0.33666633333333335 0.414375 0.03666700000000001 0.08375
0 0.3741663333333333 0.426875 0.035 0.09375
0 0.34416633333333335 0.42812500000000003 0.031667000000000015 0.09125
0 0.2541663333333333 0.42625 0.035 0.08750000000000001
0 0.27000033333333334 0.42812500000000003 0.03666700000000001 0.09125
