0 0.465625 0.5150003333333334 0.09875 0.35333299999999995
0 0.6175 0.6466663333333335 0.1475 0.526667
0 0.58 0.5933333333333334 0.14249999999999993 0.51
0 0.425 0.4216663333333334 0.035 0.15666700000000003
0 0.505625 0.40916633333333335 0.02875 0.12833300000000006
0 0.5018750000000001 0.5025003333333333 0.06875 0.28833299999999995
0 0.410625 0.5658333333333334 0.07375 0.3816669999999999
0 0.084375 0.47500033333333336 0.05625 0.24666700000000008
0 0.81625 0.41833333333333333 0.0575 0.2
0 0.8456250000000001 0.4391663333333333 0.04125 0.195
0 0.97875 0.43083333333333335 0.035 0.20166699999999999
0 0.914375 0.6925003333333333 0.16125 0.605
