0 0.49000033333333326 0.46 0.06333299999999999 0.1275
0 0.5433333333333333 0.45625 0.06333299999999999 0.13
0 0.9050003333333333 0.333125 0.03666699999999992 0.07875
0 0.8641663333333333 0.36562500000000003 0.03833300000000009 0.08875
0 0.8508333333333334 0.388125 0.035 0.09125
0 0.7916663333333334 0.44625000000000004 0.04 0.0925
0 0.7408333333333336 0.4475 0.041667000000000017 0.1125
0 0.7108333333333334 0.455625 0.055 0.11125
0 0.6708333333333334 0.45437500000000003 0.055 0.13625
0 0.6100003333333333 0.4625 0.046667000000000014 0.1225
0 0.8125003333333335 0.485 0.10166700000000002 0.1825
0 0.14166633333333334 0.4575 0.060000000000000005 0.1525
0 0.11250033333333335 0.46187500000000004 0.065 0.19625
0 0.19333333333333336 0.55375 0.15666700000000003 0.32499999999999996
0 0.43083333333333335 0.434375 0.04166699999999997 0.08375
