0 0.4217174983164983 0.358125 0.06228999999999994 0.12375
0 0.3981484983164983 0.28375 0.05555599999999997 0.11250000000000004
0 0.6296294983164983 0.3425 0.06397299999999996 0.1275
0 0.7196964983164983 0.3725 0.06902399999999996 0.1375
0 0.5244104983164982 0.166875 0.042087999999999993 0.08625000000000001
0 0.8543774983164982 0.14875 0.042087999999999993 0.085
0 0.8282824983164984 0.14625 0.04377100000000001 0.08750000000000001
0 0.021043498316498318 0.323125 0.042088 0.11625
0 0.14478149831649834 0.32375 0.057239 0.115
0 0.3417504983164983 0.17 0.040404 0.0825
0 0.4528614983164983 0.166875 0.037036999999999994 0.07375
0 0.9360264983164982 0.145625 0.043770999999999914 0.08875
0 0.6936024983164982 0.895625 0.10100999999999996 0.20125
0 0.6069024983164982 0.1775 0.048822000000000004 0.0975
0 0.7845114983164982 0.14250000000000002 0.04377100000000001 0.08750000000000002
0 0.8998314983164982 0.1075 0.038720999999999985 0.0775
0 0.2634684983164983 0.048125 0.025252999999999998 0.051250000000000004
0 0.28367049831649827 0.048125 0.025252999999999998 0.051250000000000004
0 0.3796294983164982 0.046875 0.025252999999999998 0.051250000000000004
0 0.9427604983164982 0.03625 0.02356900000000006 0.0525
