0 0.16375 0.5488214983164982 0.245 0.878788
0 0.26625 0.5260944983164983 0.12 0.48653199999999996
0 0.026875 0.49074049831649813 0.05375 0.37205399999999994
0 0.6325000000000001 0.5176764983164984 0.0775 0.3383840000000001
0 0.7887500000000001 0.4806394983164983 0.09 0.345118
0 0.87375 0.4520204983164983 0.085 0.355219
0 0.928125 0.3888884983164983 0.08625000000000001 0.333333
0 0.4675 0.4932654983164983 0.06 0.228956
0 0.545 0.4469694983164983 0.055 0.200337
0 0.355 0.4865314983164983 0.05 0.20538699999999993
0 0.64625 0.3611114983164983 0.045 0.16329999999999995
