0 0.34375 0.5193604983164983 0.1 0.361953
0 0.153125 0.5058924983164984 0.11374999999999999 0.4090909999999999
0 0.025 0.4890574983164983 0.04 0.14309800000000006
0 0.24125 0.47306349831649824 0.0625 0.22558899999999998
0 0.20875 0.4932654983164983 0.065 0.23569
0 0.2675 0.47979749831649826 0.0575 0.25252500000000005
0 0.464375 0.5437714983164983 0.13125 0.47474700000000003
0 0.673125 0.5126264983164983 0.09375 0.37878799999999996
0 0.806875 0.4562284983164983 0.09125 0.37037
0 0.918125 0.39309749831649826 0.09375 0.36868700000000004
0 0.29625 0.46885549831649836 0.0475 0.17340100000000003
