0 0.30416633333333337 0.374375 0.258333 0.51875
0 0.5541663333333333 0.32875 0.255 0.51
0 0.7766663333333335 0.174375 0.04 0.10375000000000001
0 0.9666663333333335 0.15375 0.030000000000000002 0.0725
0 0.9391663333333334 0.15875 0.03166699999999992 0.07
0 0.7283333333333334 0.1825 0.03666700000000001 0.0925
0 0.6666663333333335 0.198125 0.046667000000000014 0.12625
0 0.6141663333333335 0.2 0.041667000000000017 0.115
0 0.09666633333333333 0.275625 0.10333299999999998 0.21375
0 0.9675003333333333 0.36125 0.028333000000000084 0.06
0 0.9450003333333336 0.37625000000000003 0.02 0.06
0 0.8841663333333333 0.403125 0.028333000000000084 0.058750000000000004
0 0.8033333333333336 0.44125000000000003 0.03666700000000001 0.0725
