0 0.816875 0.6350003333333334 0.15375 0.5466670000000001
0 0.935625 0.6683333333333333 0.12125 0.66
0 0.8925000000000001 0.5258333333333334 0.075 0.36833300000000013
0 0.769375 0.6000003333333332 0.07375 0.27
0 0.691875 0.5883333333333334 0.12375 0.5333330000000002
0 0.65375 0.5558333333333334 0.085 0.391667
0 0.5975 0.48916633333333337 0.0625 0.258333
0 0.565625 0.5033333333333334 0.05375 0.22
0 0.438125 0.4425003333333334 0.043750000000000004 0.17500000000000002
0 0.410625 0.44333333333333336 0.05625 0.21333300000000005
0 0.238125 0.41166633333333336 0.03625 0.13333300000000003
0 0.149375 0.6550003333333334 0.17625 0.6666670000000001
