0 0.73875 0.4450003333333334 0.1 0.3666670000000001
0 0.89875 0.45166633333333334 0.0825 0.3666670000000001
0 0.805625 0.4375003333333334 0.06625 0.35500000000000004
0 0.70625 0.4400003333333335 0.0625 0.34000000000000014
0 0.638125 0.42583333333333334 0.06625 0.38833300000000004
0 0.6 0.4633333333333334 0.0625 0.336667
0 0.546875 0.46166633333333323 0.06625 0.303333
0 0.4525 0.4300003333333334 0.0725 0.333333
0 0.39875 0.34416633333333335 0.035 0.155
0 0.369375 0.48583333333333334 0.08875 0.46166699999999994
0 0.369375 0.5383333333333333 0.10375000000000001 0.43333300000000013
0 0.295 0.5225003333333333 0.10250000000000001 0.4983329999999999
0 0.09625 0.49583333333333335 0.0725 0.385
0 0.11 0.5275003333333333 0.08 0.34833299999999995
