0 0.439375 0.6975003333333334 0.13125 0.5083329999999999
0 0.33 0.6450003333333334 0.1375 0.5066670000000001
0 0.93625 0.5100003333333334 0.06 0.24333299999999997
0 0.8975 0.46416633333333335 0.0375 0.16166700000000006
0 0.87375 0.4375003333333334 0.025 0.11833299999999995
0 0.856875 0.4375003333333334 0.02625 0.125
0 0.80125 0.5125003333333333 0.055 0.23833299999999996
0 0.7312500000000001 0.4300003333333334 0.025 0.10333299999999995
0 0.729375 0.5050003333333334 0.04625 0.21333299999999997
0 0.693125 0.47666633333333336 0.04125 0.19333300000000006
0 0.704375 0.5000003333333334 0.04625 0.19
0 0.984375 0.4475003333333334 0.02375 0.12833300000000006
0 0.980625 0.4300003333333334 0.02375 0.14
0 0.5675 0.42583333333333334 0.0275 0.09833300000000005
0 0.5375 0.42250033333333337 0.0225 0.08166699999999998
0 0.660625 0.5425003333333333 0.08875 0.31833300000000003
0 0.5956250000000001 0.5258333333333334 0.05625 0.24500000000000002
0 0.466875 0.5625003333333334 0.08375 0.328333
0 0.241875 0.5716663333333334 0.08125 0.35000000000000003
0 0.3875 0.5175003333333332 0.06 0.2849999999999999
0 0.106875 0.6691663333333334 0.12125 0.5649999999999998
0 0.03875 0.6850003333333334 0.075 0.32
0 0.60375 0.16500033333333336 0.015 0.07
0 0.591875 0.15833333333333335 0.01625 0.073333
0 0.49625 0.14833333333333334 0.0225 0.08
