0 0.48125 0.6283333333333334 0.0825 0.296667
0 0.244375 0.7075003333333333 0.09125 0.3249999999999999
0 0.32875 0.5991663333333335 0.0675 0.328333
0 0.43625 0.5700003333333334 0.0575 0.243333
0 0.5118750000000001 0.6116663333333334 0.04875 0.263333
0 0.05 0.5108333333333334 0.0375 0.14500000000000002
0 0.2625 0.5033333333333334 0.0225 0.08
0 0.218125 0.5050003333333334 0.02125 0.08
0 0.14375 0.5016663333333332 0.02 0.073333
0 0.173125 0.5066663333333332 0.02125 0.08333299999999999
0 0.789375 0.7058333333333334 0.09875 0.42166699999999996
0 0.72375 0.7275003333333333 0.1225 0.528333
0 0.6875 0.5291663333333334 0.03 0.108333
0 0.64875 0.5250003333333334 0.03 0.11
0 0.609375 0.5733333333333334 0.03625 0.13
0 0.570625 0.6408333333333334 0.06375 0.328333
0 0.97375 0.6250003333333334 0.0425 0.31
