0 0.6118750000000001 0.7441663333333334 0.14125000000000001 0.5016670000000001
0 0.27062499999999995 0.7433333333333334 0.14124999999999996 0.5033330000000001
0 0.981875 0.5608333333333334 0.02625 0.14166700000000002
0 0.958125 0.5591663333333332 0.03125 0.131667
0 0.925625 0.5250003333333334 0.02375 0.12000000000000001
0 0.849375 0.5641663333333333 0.03125 0.14500000000000002
0 0.788125 0.45416633333333334 0.02625 0.12166699999999997
0 0.7987500000000001 0.4733333333333334 0.0275 0.12666699999999997
0 0.76375 0.4550003333333334 0.03 0.13333300000000003
0 0.760625 0.38666633333333333 0.02625 0.12000000000000001
0 0.72 0.35500033333333336 0.0325 0.12000000000000001
0 0.64125 0.32500033333333334 0.03 0.12666700000000003
0 0.58625 0.26333333333333336 0.0275 0.12000000000000001
0 0.55 0.1966663333333334 0.02 0.10333300000000002
0 0.563125 0.20833333333333337 0.02625 0.13333300000000003
0 0.39687500000000003 0.20416633333333334 0.02875 0.10166700000000002
0 0.198125 0.18250033333333332 0.02875 0.101667
0 0.175625 0.18333333333333332 0.02375 0.10666699999999997
0 0.77875 0.5758333333333334 0.0475 0.198333
0 0.788125 0.6425003333333333 0.04125 0.20500000000000002
0 0.73625 0.5858333333333333 0.0375 0.188333
0 0.7075 0.5808333333333334 0.035 0.168333
0 0.680625 0.5875003333333333 0.043750000000000004 0.198333
0 0.6481250000000001 0.5783333333333334 0.043750000000000004 0.2
0 0.51 0.5716663333333335 0.045 0.183333
0 0.46875 0.6216663333333334 0.055 0.263333
0 0.33375 0.5700003333333334 0.0325 0.143333
0 0.3050000000000001 0.5716663333333333 0.03500000000000004 0.163333
0 0.19625 0.5875003333333335 0.0375 0.17166700000000001
0 0.17375000000000002 0.5916663333333334 0.0425 0.223333
0 0.149375 0.6016663333333334 0.06125 0.25333300000000003
0 0.090625 0.6100003333333333 0.04625 0.203333
0 0.13875 0.7041663333333334 0.07999999999999999 0.35500000000000004
