0 0.074375 0.7625003333333333 0.12875 0.46166699999999994
0 0.244375 0.7550003333333333 0.11375 0.4599999999999999
0 0.614375 0.7133333333333334 0.14125000000000001 0.5033330000000001
0 0.92 0.21666633333333335 0.0725 0.34666700000000006
0 0.89 0.20416633333333334 0.0575 0.301667
0 0.855625 0.14000033333333334 0.06875 0.2800000000000001
0 0.58125 0.38166633333333333 0.07 0.313333
0 0.593125 0.49583333333333335 0.09875 0.4416669999999999
0 0.494375 0.35833333333333334 0.07875 0.39333300000000004
0 0.449375 0.3458333333333333 0.07375 0.361667
0 0.248125 0.5308333333333334 0.10875 0.47500000000000003
0 0.11375 0.5016663333333333 0.105 0.42666700000000013
0 0.0925 0.6516663333333335 0.10250000000000001 0.45
