0 0.9293750000000001 0.3150003333333333 0.12875 0.496667
0 0.65125 0.6375003333333333 0.1625 0.5716670000000001
0 0.7225 0.3875003333333333 0.15 0.535
0 0.056875 0.5950003333333332 0.10625 0.45666699999999993
0 0.11625 0.6925003333333334 0.14 0.568333
0 0.25625 0.6275003333333334 0.165 0.6283329999999999
0 0.328125 0.38250033333333333 0.12875 0.46166700000000005
0 0.45125 0.38666633333333333 0.1125 0.40333299999999994
0 0.5875 0.34750033333333336 0.115 0.41166700000000006
0 0.711875 0.19083333333333335 0.10625 0.3816669999999999
