0 0.3075 0.4975003333333334 0.12499999999999997 0.49166700000000013
0 0.8150000000000001 0.39666633333333334 0.1125 0.4433329999999999
0 0.828125 0.4966663333333334 0.12125 0.49666700000000014
0 0.718125 0.48500033333333337 0.10875 0.44
0 0.631875 0.36250033333333337 0.12374999999999993 0.47500000000000003
0 0.56 0.34500033333333335 0.115 0.41000000000000003
0 0.644375 0.5450003333333334 0.10625 0.43666700000000014
0 0.330625 0.3050003333333334 0.10625 0.5
0 0.254375 0.2833333333333333 0.09125 0.41666700000000007
0 0.18375 0.23666633333333334 0.0975 0.3866669999999999
0 0.245625 0.37833333333333335 0.08625000000000001 0.3766669999999999
0 0.186875 0.43333333333333335 0.10375000000000001 0.406667
0 0.17 0.5150003333333334 0.10250000000000001 0.49000000000000005
