0 0.6175003333333334 0.40750000000000003 0.325 0.745
0 0.03750033333333334 0.140625 0.031666999999999994 0.07875
0 0.06666633333333334 0.14124999999999996 0.04 0.07249999999999998
0 0.25916633333333333 0.139375 0.03833299999999999 0.09375
0 0.35250033333333336 0.125 0.041667000000000017 0.09
0 0.3725003333333334 0.13125 0.031667000000000015 0.08
0 0.42083333333333334 0.128125 0.04166699999999997 0.07625000000000003
0 0.4800003333333335 0.12437499999999997 0.026667000000000014 0.07124999999999998
0 0.5025003333333334 0.12625 0.031667000000000015 0.0925
0 0.5325003333333332 0.1275 0.031667000000000015 0.085
0 0.6916663333333333 0.151875 0.04333299999999999 0.12374999999999999
0 0.7433333333333334 0.145 0.05 0.14250000000000002
0 0.7858333333333334 0.163125 0.06833299999999999 0.17375000000000002
0 0.8925003333333335 0.139375 0.04166699999999992 0.13125
0 0.9708333333333334 0.145 0.055 0.17250000000000001
0 0.8558333333333333 0.13375 0.045000000000000005 0.14
0 0.27750033333333335 0.483125 0.041667000000000017 0.08625000000000001
0 0.24000033333333337 0.41875 0.030000000000000002 0.0725
0 0.27666633333333335 0.43625 0.03333299999999999 0.08
0 0.29000033333333336 0.421875 0.03333299999999999 0.07875
0 0.5466663333333333 0.411875 0.03333299999999999 0.07375
0 0.5291663333333334 0.46625 0.035 0.0725
0 0.4825003333333335 0.41125 0.041667000000000017 0.0825
0 0.44083333333333335 0.42312500000000003 0.03833300000000004 0.08375
0 0.4083333333333333 0.415625 0.030000000000000002 0.07375
0 0.40416633333333335 0.42875 0.041667000000000017 0.08
