0 0.535625 0.6425003333333333 0.17875 0.6949999999999998
0 0.84 0.25833333333333336 0.1075 0.516667
0 0.80125 0.31916633333333333 0.11 0.5750000000000001
0 0.624375 0.4216663333333334 0.13625 0.66
0 0.604375 0.34500033333333335 0.12125 0.5833329999999999
0 0.401875 0.35000033333333336 0.11875000000000001 0.49000000000000005
0 0.2925 0.5075003333333333 0.14250000000000002 0.6616670000000001
0 0.165625 0.6441663333333334 0.13375 0.558333
0 0.095625 0.7133333333333334 0.13875 0.5533330000000001
0 0.361875 0.7116663333333334 0.15875 0.5666670000000001
