0 0.530625 0.5725003333333334 0.09375 0.3316670000000001
0 0.11375 0.5316663333333334 0.1 0.34666700000000006
0 0.270625 0.3791663333333333 0.10125000000000003 0.35166700000000006
0 0.839375 0.7650003333333334 0.11875000000000001 0.3233329999999999
0 0.77375 0.26333333333333336 0.0825 0.31333300000000003
0 0.703125 0.26833333333333337 0.08125 0.35333300000000006
0 0.72375 0.40166633333333335 0.0825 0.32
0 0.5075000000000001 0.2025003333333333 0.0825 0.311667
0 0.416875 0.14750033333333332 0.07125000000000001 0.27166700000000005
0 0.439375 0.29250033333333336 0.07625 0.27833299999999994
0 0.38875 0.20083333333333334 0.0775 0.29500000000000004
0 0.351875 0.29583333333333334 0.058750000000000004 0.21166699999999997
0 0.198125 0.42083333333333334 0.08625000000000001 0.3083330000000001
0 0.069375 0.49083333333333334 0.07875000000000001 0.26833300000000004
0 0.32875 0.8600003333333333 0.08 0.25
0 0.55625 0.49000033333333326 0.0775 0.303333
