0 0.6275000000000001 0.40750033333333335 0.11750000000000001 0.42166700000000007
0 0.449375 0.5808333333333334 0.08625000000000001 0.3083330000000001
0 0.545 0.6033333333333334 0.135 0.44
0 0.724375 0.18083333333333335 0.10125 0.361667
0 0.34625 0.18250033333333335 0.10250000000000001 0.36500000000000005
0 0.23875000000000002 0.21166633333333335 0.1 0.4233330000000001
0 0.055625 0.20750033333333337 0.10875 0.41500000000000004
0 0.125 0.5250003333333334 0.12 0.42666700000000013
0 0.05 0.7908333333333334 0.09 0.265
0 0.36562500000000003 0.7291663333333334 0.10125 0.4116670000000001
0 0.33187500000000003 0.4658333333333334 0.12125 0.515
