0 0.7156250000000001 0.5166663333333334 0.12625 0.45
0 0.368125 0.4941663333333334 0.13375 0.4783329999999999
0 0.458125 0.5291663333333334 0.12375 0.4383329999999999
0 0.55125 0.4341663333333334 0.095 0.4483329999999999
0 0.41250000000000003 0.35333333333333333 0.08750000000000001 0.44
0 0.296875 0.32333333333333336 0.08625000000000003 0.36666699999999997
0 0.22 0.31250033333333327 0.0775 0.375
0 0.10187500000000001 0.1708333333333333 0.06875 0.288333
0 0.044375 0.19500033333333336 0.06625 0.32333300000000004
0 0.0975 0.34166633333333335 0.0625 0.35666700000000007
0 0.08375 0.4058333333333333 0.085 0.44833300000000004
0 0.060625 0.40250033333333335 0.07625 0.3716670000000001
0 0.20750000000000002 0.5075003333333333 0.0925 0.45833299999999993
0 0.20375000000000001 0.5908333333333333 0.0925 0.42500000000000004
0 0.29 0.6508333333333334 0.105 0.505
0 0.289375 0.7283333333333334 0.09124999999999997 0.4133330000000001
