0 0.568125 0.49166633333333337 0.14125000000000001 0.5133330000000002
0 0.315625 0.43333333333333335 0.10125 0.36000000000000004
0 0.434375 0.45833333333333337 0.13625 0.5033330000000001
0 0.785625 0.49333333333333335 0.10875 0.5433330000000001
0 0.644375 0.30250033333333337 0.11125 0.41500000000000004
0 0.6637500000000001 0.7291663333333335 0.1375 0.5183330000000003
0 0.046875 0.17333333333333334 0.09375 0.34666700000000006
0 0.0675 0.39750033333333334 0.07999999999999999 0.325
0 0.11125 0.2733333333333334 0.1 0.4233330000000001
0 0.17 0.34250033333333335 0.1 0.515
0 0.200625 0.5050003333333334 0.11375 0.553333
0 0.100625 0.6733333333333333 0.09375 0.43333300000000013
0 0.23125 0.7050003333333333 0.1 0.536667
0 0.47000000000000003 0.7158333333333334 0.11 0.531667
