0 0.23500000000000001 0.6650003333333334 0.155 0.553333
0 0.1 0.7208333333333333 0.1525 0.5416669999999999
0 0.47375 0.39666633333333334 0.1525 0.543333
0 0.39437500000000003 0.6925003333333333 0.16875 0.6016669999999998
0 0.668125 0.24666633333333335 0.11875000000000001 0.4933329999999999
0 0.6431250000000001 0.6558333333333334 0.14375000000000002 0.6050000000000001
0 0.5325 0.32083333333333336 0.08 0.31166699999999997
0 0.45 0.6300003333333334 0.1 0.45333299999999993
0 0.333125 0.35833333333333334 0.10875 0.5433330000000001
0 0.265625 0.47000033333333335 0.11875000000000004 0.5699999999999998
0 0.203125 0.5558333333333334 0.12125 0.545
0 0.096875 0.35416633333333336 0.12125 0.5616670000000001
