0 0.54625 0.5175003333333333 0.145 0.515
0 0.08687500000000001 0.33500033333333334 0.11375 0.5066670000000001
0 0.115 0.38583333333333336 0.1225 0.5083330000000001
0 0.228125 0.28833333333333333 0.11625 0.41333300000000006
0 0.465625 0.2991663333333334 0.10625 0.455
0 0.55 0.23000033333333336 0.10250000000000001 0.42666700000000013
0 0.93 0.28166633333333335 0.08750000000000001 0.42666700000000013
0 0.8925000000000001 0.3075003333333334 0.09 0.41166700000000006
0 0.795625 0.27083333333333337 0.09875 0.411667
0 0.68375 0.33333333333333337 0.1 0.406667
0 0.734375 0.5525003333333334 0.10875 0.4816670000000001
0 0.818125 0.5133333333333334 0.09125 0.41333300000000006
0 0.9031250000000001 0.4950003333333334 0.09125 0.3966670000000001
0 0.925625 0.6566663333333335 0.11375 0.47000000000000014
