0 0.57125 0.4758333333333334 0.1325 0.5883330000000001
0 0.481875 0.5108333333333334 0.12125 0.501667
0 0.94625 0.6383333333333334 0.095 0.55
0 0.9425 0.5191663333333334 0.105 0.6183329999999999
0 0.9400000000000001 0.40250033333333335 0.11 0.645
0 0.83875 0.25583333333333336 0.12 0.511667
0 0.46 0.39083333333333337 0.1275 0.6050000000000001
0 0.398125 0.21750033333333335 0.11125 0.43500000000000005
0 0.21937500000000001 0.29166633333333336 0.10875 0.4866670000000001
0 0.10875 0.24750033333333335 0.085 0.41833299999999995
0 0.179375 0.3716663333333334 0.10625 0.473333
0 0.065 0.3741663333333333 0.1 0.5116670000000001
0 0.171875 0.5191663333333334 0.11625 0.5216670000000001
