0 0.24125 0.46166633333333335 0.12 0.573333
0 0.1575 0.49333333333333335 0.12 0.51
0 0.940625 0.5716663333333334 0.10375000000000001 0.6466670000000001
0 0.825625 0.6541663333333334 0.13625 0.658333
0 0.661875 0.37083333333333335 0.11625 0.6083330000000001
0 0.6587500000000001 0.6408333333333334 0.13 0.5916669999999999
0 0.62625 0.5058333333333332 0.13250000000000006 0.611667
0 0.556875 0.4375003333333334 0.12125 0.5649999999999998
0 0.444375 0.48500033333333337 0.14125000000000001 0.63
0 0.293125 0.39583333333333337 0.09625 0.42833300000000013
0 0.0525 0.39666633333333334 0.09 0.5066670000000001
