0 0.5425 0.3925003333333334 0.085 0.28833299999999995
0 0.676875 0.07916633333333334 0.043750000000000004 0.15833300000000003
0 0.70625 0.09583333333333334 0.0375 0.18500000000000003
0 0.730625 0.12666633333333335 0.03875 0.16333300000000003
0 0.74125 0.10416633333333335 0.035 0.168333
0 0.838125 0.19500033333333336 0.043750000000000004 0.21000000000000002
0 0.81 0.18750033333333335 0.0525 0.208333
0 0.81125 0.5233333333333333 0.12 0.5900000000000001
0 0.635625 0.3725003333333334 0.04875 0.20833299999999996
0 0.586875 0.36000033333333337 0.051250000000000004 0.21000000000000002
0 0.4675 0.4108333333333334 0.055 0.19833300000000004
0 0.44375000000000003 0.3166663333333333 0.03 0.11666700000000002
0 0.435 0.32166633333333333 0.0325 0.11666700000000002
0 0.365 0.44333333333333336 0.045 0.16
0 0.32 0.41833333333333333 0.06 0.32666699999999993
0 0.28500000000000003 0.33416633333333334 0.0375 0.14500000000000002
0 0.216875 0.32083333333333336 0.03625 0.131667
0 0.24875 0.47250033333333336 0.075 0.35500000000000004
0 0.13625 0.37500033333333327 0.04999999999999998 0.21999999999999997
0 0.165 0.43166633333333326 0.075 0.373333
0 0.12 0.48666633333333337 0.0575 0.22666700000000006
0 0.06937499999999999 0.4633333333333334 0.07124999999999998 0.3766669999999999
0 0.039375 0.35916633333333337 0.051250000000000004 0.218333
0 0.024375 0.4525003333333333 0.04875 0.368333
