0 0.6808333333333334 0.45937500000000003 0.14166700000000002 0.30625
0 0.08166633333333334 0.4575 0.16333300000000003 0.33
0 0.40083333333333343 0.34 0.01833299999999999 0.045
0 0.01583333333333334 0.358125 0.028333000000000004 0.10875
0 0.1175003333333333 0.3725 0.05166699999999999 0.13
0 0.18166633333333335 0.348125 0.02333299999999999 0.06625
0 0.20750033333333331 0.348125 0.02166699999999999 0.06875
0 0.22500033333333336 0.350625 0.03666700000000001 0.08875
0 0.26166633333333333 0.340625 0.02 0.051250000000000004
0 0.29500033333333336 0.333125 0.02 0.04625
0 0.30166633333333337 0.335625 0.02 0.04625
0 0.33333333333333337 0.345625 0.030000000000000002 0.06875
