0 0.5566663333333334 0.37625000000000003 0.28666700000000006 0.625
0 0.7550003333333333 0.434375 0.363333 0.85875
0 0.2808333333333333 0.13625 0.031667000000000015 0.08749999999999998
0 0.13083333333333333 0.13125 0.031667000000000015 0.075
0 0.20583333333333334 0.1325 0.02833299999999999 0.075
0 0.25333333333333335 0.135 0.04 0.09749999999999999
0 0.3075003333333334 0.136875 0.02833299999999999 0.09125
0 0.33916633333333335 0.136875 0.031667000000000015 0.09375
0 0.38166633333333333 0.135 0.04333299999999999 0.10249999999999998
0 0.6658333333333334 0.205625 0.125 0.22625
0 0.027500333333333335 0.47750000000000004 0.038333000000000006 0.08750000000000001
0 0.22416633333333333 0.380625 0.035 0.07625
0 0.24666633333333335 0.47750000000000004 0.03666700000000001 0.0775
0 0.32833333333333337 0.515625 0.04 0.08625000000000001
0 0.37333333333333335 0.516875 0.04333299999999999 0.08875
