0 0.45437500000000003 0.6491663333333334 0.12375 0.44166700000000014
0 0.625 0.6425003333333333 0.1125 0.44166700000000014
0 0.28500000000000003 0.30333333333333334 0.015 0.07
0 0.328125 0.29833333333333334 0.01375 0.06666700000000002
0 0.358125 0.32250033333333333 0.02375 0.108333
0 0.39437500000000003 0.32666633333333334 0.02125 0.09666700000000002
0 0.436875 0.32416633333333333 0.02375 0.11166700000000002
0 0.466875 0.31333333333333335 0.02125 0.10666699999999997
0 0.50875 0.30583333333333335 0.0225 0.10166700000000002
0 0.471875 0.33000033333333334 0.01875 0.09000000000000001
0 0.49 0.31750033333333333 0.025 0.11166700000000002
0 0.56375 0.30083333333333334 0.0225 0.09166700000000001
