0 0.5431250000000001 0.39583333333333337 0.09125 0.375
0 0.46375 0.39500033333333334 0.1075 0.41666700000000007
0 0.313125 0.23333333333333334 0.04125 0.14666699999999996
0 0.109375 0.15416633333333332 0.01625 0.08166700000000002
0 0.245625 0.15500033333333335 0.01625 0.08
0 0.26375 0.15166633333333332 0.015 0.073333
0 0.32875 0.15166633333333332 0.02 0.09000000000000001
0 0.4325 0.15750033333333335 0.015 0.07500000000000001
0 0.495 0.16000033333333336 0.0225 0.09000000000000001
0 0.711875 0.16083333333333336 0.01375 0.061667000000000013
0 0.70375 0.15750033333333335 0.0175 0.065
0 0.36375 0.2325003333333333 0.04 0.18166700000000002
