0 0.478125 0.5050003333333334 0.08875 0.37000000000000005
0 0.5700000000000001 0.5108333333333334 0.10250000000000001 0.38833300000000004
0 0.286875 0.38583333333333336 0.07124999999999997 0.255
0 0.383125 0.28833333333333333 0.01875 0.09000000000000001
0 0.30750000000000005 0.27750033333333335 0.0175 0.078333
0 0.338125 0.2733333333333334 0.01875 0.08666700000000002
0 0.355 0.28750033333333336 0.0125 0.061667000000000013
0 0.42375 0.28250033333333335 0.025 0.115
0 0.443125 0.28583333333333333 0.02375 0.11166700000000002
0 0.5125000000000001 0.28166633333333335 0.0225 0.093333
0 0.65375 0.4391663333333333 0.08 0.28166700000000006
