0 0.495 0.26750033333333334 0.065 0.23166700000000004
0 0.458125 0.29916633333333337 0.07125000000000001 0.291667
0 0.39625 0.29416633333333336 0.075 0.29166700000000007
0 0.340625 0.22833333333333336 0.03875 0.14
0 0.733125 0.1700003333333333 0.01125 0.06666699999999999
0 0.724375 0.16583333333333333 0.01125 0.061667000000000013
0 0.694375 0.16583333333333333 0.01375 0.06833299999999999
0 0.510625 0.18250033333333332 0.02375 0.11166699999999999
0 0.531875 0.18583333333333335 0.02875 0.125
0 0.234375 0.16583333333333333 0.01875 0.08166700000000002
0 0.248125 0.1641663333333334 0.01875 0.08500000000000003
0 0.26562499999999994 0.1666663333333334 0.01375 0.07333300000000002
0 0.28374999999999995 0.16750033333333336 0.015 0.078333
