0 0.6800003333333334 0.575625 0.21000000000000002 0.45375
0 0.3925003333333334 0.624375 0.2716670000000001 0.57875
0 0.8291663333333334 0.401875 0.05166699999999992 0.13125
0 0.7508333333333334 0.405625 0.05166700000000001 0.12125
0 0.6275003333333334 0.395625 0.031667000000000015 0.08125
0 0.5691663333333333 0.393125 0.025 0.07125000000000001
0 0.5141663333333334 0.4275 0.055 0.1375
0 0.12500033333333335 0.385 0.030000000000000002 0.0725
0 0.14750033333333332 0.43 0.035 0.0825
0 0.20000033333333336 0.414375 0.046667000000000014 0.11125
0 0.26500033333333334 0.441875 0.073333 0.18125
