0 0.411875 0.48000033333333336 0.11375 0.4066670000000001
0 0.293125 0.5091663333333334 0.12625 0.465
0 0.14625 0.5150003333333334 0.1525 0.6566670000000001
0 0.37875000000000003 0.35666633333333336 0.045 0.17666699999999996
0 0.480625 0.39583333333333337 0.06125 0.2616669999999999
0 0.51875 0.34166633333333335 0.035 0.15000000000000002
0 0.54125 0.40750033333333335 0.07 0.28166700000000006
0 0.576875 0.41250033333333336 0.07875 0.36166700000000007
0 0.646875 0.4350003333333334 0.11375 0.52
0 0.7775 0.5250003333333334 0.15 0.6800000000000003
