0 0.5541663333333333 0.48125 0.24500000000000002 0.49
0 0.3675003333333334 0.4 0.255 0.51
0 0.07833333333333334 0.284375 0.08666700000000002 0.17625
0 0.13083333333333333 0.22875 0.078333 0.145
0 0.22166633333333333 0.255625 0.07666700000000001 0.18124999999999997
0 0.26583333333333337 0.26937500000000003 0.08166700000000002 0.19875
0 0.9658333333333334 0.275 0.058333000000000086 0.14250000000000002
0 0.8675003333333335 0.26625 0.06833300000000009 0.135
0 0.8266663333333335 0.264375 0.06666700000000002 0.13625
0 0.29500033333333336 0.26625 0.056667000000000016 0.16
