0 0.49250033333333326 0.29625 0.078333 0.1575
0 0.44916633333333333 0.121875 0.05166699999999997 0.10625
0 0.39083333333333337 0.13 0.05166700000000001 0.105
0 0.36500033333333337 0.03125 0.02333299999999999 0.0625
0 0.42250033333333337 0.0375 0.02833300000000004 0.075
0 0.5016663333333334 0.16625 0.046667000000000014 0.11
0 0.5633333333333331 0.195 0.03333299999999999 0.0775
0 0.6658333333333334 0.45875 0.09166700000000001 0.185
0 0.29333333333333333 0.74625 0.11 0.19
0 0.5766663333333333 0.78 0.08333299999999999 0.17250000000000001
