0 0.28166633333333335 0.47750000000000004 0.38 0.7625000000000001
0 0.6450003333333334 0.40625 0.030000000000000002 0.06
0 0.6758333333333334 0.181875 0.021667000000000013 0.06125
0 0.6658333333333334 0.184375 0.021667000000000013 0.058750000000000004
0 0.6425003333333333 0.184375 0.025 0.058750000000000004
0 0.5458333333333334 0.20625000000000002 0.03833299999999999 0.0975
0 0.5133333333333334 0.196875 0.026667000000000014 0.09375
0 0.48500033333333326 0.198125 0.03333299999999999 0.08375
0 0.40916633333333335 0.2025 0.03833300000000004 0.095
0 0.12250033333333335 0.224375 0.061667000000000013 0.12125
0 0.8325003333333333 0.17500000000000002 0.01833299999999999 0.05
0 0.8025003333333334 0.173125 0.025 0.05625
0 0.7125003333333335 0.3375 0.021667000000000013 0.0375
0 0.7775003333333335 0.38125000000000003 0.021667000000000013 0.035
0 0.8183333333333332 0.368125 0.02333299999999999 0.05375
0 0.8425003333333333 0.39 0.02833299999999999 0.0525
0 0.9866663333333335 0.381875 0.016666999999999918 0.051250000000000004
