0 0.6275000000000001 0.48000033333333336 0.055 0.19666700000000006
0 0.4 0.2758333333333334 0.0425 0.15166700000000002
0 0.314375 0.27166633333333334 0.04875 0.173333
0 0.31 0.10500033333333332 0.029999999999999964 0.12000000000000001
0 0.386875 0.14583333333333334 0.02625 0.115
0 0.3575 0.15750033333333335 0.0175 0.065
0 0.36625 0.19166633333333338 0.0275 0.12666700000000003
0 0.31125 0.15000033333333332 0.0275 0.12000000000000001
0 0.309375 0.17750033333333332 0.01875 0.08833299999999997
0 0.274375 0.2050003333333333 0.03125 0.12333299999999997
0 0.355625 0.2833333333333333 0.02375 0.09666700000000002
