0 0.42916633333333337 0.47375 0.3916670000000001 0.785
0 0.7783333333333334 0.290625 0.030000000000000002 0.058750000000000004
0 0.8000003333333334 0.285625 0.030000000000000002 0.07375
0 0.9308333333333334 0.2425 0.028333000000000084 0.0625
0 0.8925003333333335 0.26562499999999994 0.03166699999999992 0.07625
0 0.8650003333333333 0.27187500000000003 0.026666999999999916 0.07125000000000001
0 0.6958333333333334 0.061875 0.055 0.12375
0 0.5933333333333334 0.068125 0.060000000000000005 0.13125
0 0.11750033333333333 0.16875 0.12166699999999997 0.1925
0 0.17416633333333334 0.15875 0.11166700000000002 0.1975
