0 0.23000033333333336 0.32125 0.173333 0.3925
0 0.35250033333333336 0.28375 0.14833299999999996 0.3375
0 0.9200003333333335 0.163125 0.04 0.09875
0 0.8550003333333333 0.165625 0.03666699999999992 0.08875
0 0.8275003333333333 0.19062500000000002 0.05499999999999991 0.13125
0 0.7258333333333333 0.1925 0.041667000000000017 0.12
0 0.7625003333333334 0.19375 0.055 0.14
0 0.6058333333333333 0.20125 0.05166700000000001 0.1375
0 0.6516663333333335 0.201875 0.056667000000000016 0.14125000000000001
0 0.5508333333333334 0.23375 0.078333 0.18
0 0.4891663333333334 0.230625 0.09166700000000001 0.19125
