0 0.4891663333333334 0.38125000000000003 0.26166700000000004 0.525
0 0.2808333333333333 0.348125 0.24500000000000002 0.51625
0 0.020000333333333335 0.184375 0.026667 0.06375
0 0.08750033333333333 0.17500000000000002 0.025 0.0575
0 0.15833333333333335 0.18375 0.030000000000000002 0.0675
0 0.21500033333333335 0.1975 0.03666700000000001 0.0825
0 0.25500033333333333 0.19375 0.03666700000000001 0.095
0 0.5333333333333333 0.21125 0.046667000000000014 0.10250000000000001
0 0.7583333333333334 0.2625 0.093333 0.2525
0 0.7983333333333333 0.27187500000000003 0.093333 0.21125
0 0.10083333333333334 0.36625 0.025000000000000012 0.045
0 0.12833333333333335 0.3675 0.026667000000000014 0.0475
0 0.07666633333333335 0.4175 0.036667 0.0625
0 0.14083333333333334 0.424375 0.028333000000000014 0.06375
0 0.16750033333333336 0.420625 0.031667000000000015 0.058750000000000004
