0 0.48666633333333337 0.37375 0.313333 0.6275000000000001
0 0.6416663333333334 0.323125 0.25333300000000003 0.50625
0 0.8591663333333333 0.093125 0.03166699999999992 0.06625
0 0.5550003333333334 0.11625 0.026667000000000014 0.065
0 0.5341663333333334 0.120625 0.025 0.06875
0 0.5075003333333333 0.11875000000000001 0.02833299999999999 0.0675
0 0.33750033333333335 0.14125000000000001 0.03833299999999999 0.09000000000000002
0 0.27750033333333335 0.14625 0.041667000000000017 0.095
0 0.24166633333333334 0.150625 0.04 0.09374999999999999
0 0.20166633333333334 0.154375 0.03666699999999999 0.09374999999999999
0 0.1708333333333333 0.15625 0.045000000000000005 0.1
0 0.13083333333333333 0.160625 0.048332999999999994 0.10875
0 0.08583333333333334 0.174375 0.06833299999999999 0.15625
0 0.9450003333333336 0.369375 0.033333000000000085 0.06125
0 0.9258333333333334 0.341875 0.03166699999999992 0.06375
0 0.7741663333333334 0.385625 0.035 0.058750000000000004
0 0.7500003333333335 0.41375 0.03666700000000001 0.065
0 0.7808333333333334 0.42812500000000003 0.031667000000000015 0.06125
