0 0.4341663333333334 0.31375000000000003 0.09833300000000005 0.2025
0 0.25666633333333333 0.30625 0.07666700000000001 0.1675
0 0.32416633333333333 0.29625 0.07500000000000001 0.1675
0 0.5708333333333334 0.209375 0.01833299999999999 0.051250000000000004
0 0.4950003333333334 0.211875 0.02 0.058750000000000004
0 0.47666633333333347 0.21375 0.026667000000000014 0.0675
0 0.45333333333333337 0.215625 0.026667000000000014 0.06625
0 0.3983333333333334 0.22375 0.03333299999999999 0.0775
0 0.4400003333333334 0.2325 0.033333000000000036 0.08
0 0.33333333333333337 0.24375 0.04 0.08750000000000001
0 0.060000333333333336 0.259375 0.05666699999999999 0.12625
