0 0.7141663333333335 0.369375 0.2516669999999999 0.50375
0 0.050833333333333335 0.173125 0.035 0.07875
0 0.07083333333333333 0.178125 0.031667 0.07625
0 0.22083333333333335 0.20625000000000002 0.048332999999999994 0.1275
0 0.27000033333333334 0.21375 0.060000000000000005 0.1475
0 0.32083333333333336 0.21625 0.048332999999999994 0.1375
0 0.3716663333333334 0.2025 0.05333299999999999 0.145
0 0.3900003333333334 0.200625 0.04333299999999999 0.10625
0 0.8475003333333335 0.246875 0.08166700000000002 0.20375000000000001
0 0.5458333333333334 0.20875 0.061667000000000013 0.1625
0 0.6000003333333332 0.2175 0.073333 0.165
0 0.5075003333333333 0.214375 0.078333 0.17625
0 0.6741663333333334 0.25875 0.148333 0.2925
