0 0.34666633333333335 0.3675 0.20333300000000004 0.41000000000000003
0 0.7100003333333333 0.35625 0.193333 0.3875
0 0.012500333333333334 0.20875 0.024999999999999998 0.075
0 0.029166333333333336 0.2175 0.041667000000000017 0.095
0 0.10250033333333335 0.211875 0.03833300000000001 0.09125
0 0.14416633333333334 0.2325 0.048332999999999994 0.1325
0 0.19250033333333336 0.22062500000000002 0.045000000000000005 0.10875
0 0.24916633333333335 0.214375 0.045000000000000005 0.09875
0 0.3100003333333334 0.21625 0.04333299999999999 0.10250000000000001
0 0.6341663333333335 0.236875 0.07166700000000002 0.15875
0 0.8533333333333334 0.22625 0.05666699999999992 0.15
