0 0.31833333333333336 0.401875 0.21666699999999997 0.43375
0 0.7591663333333334 0.39437500000000003 0.23166700000000012 0.46375
0 0.019166333333333334 0.06625 0.038333000000000006 0.075
0 0.08833333333333333 0.06375 0.04 0.075
0 0.02416633333333333 0.236875 0.038333000000000006 0.06875
0 0.09833333333333334 0.231875 0.03333299999999999 0.07125000000000001
0 0.13166633333333339 0.22875 0.033333000000000015 0.075
0 0.34166633333333335 0.208125 0.02 0.04875
0 0.3675003333333334 0.210625 0.021667000000000013 0.05625
0 0.38916633333333334 0.210625 0.021667000000000013 0.04875
0 0.41583333333333333 0.206875 0.01833299999999999 0.04875
0 0.4733333333333334 0.203125 0.02 0.05375
0 0.5041663333333334 0.201875 0.025 0.058750000000000004
0 0.49583333333333335 0.214375 0.025 0.06375
0 0.5350003333333333 0.206875 0.02333299999999999 0.06875
0 0.5583333333333336 0.225625 0.03666700000000001 0.09875
0 0.5875003333333335 0.225625 0.041667000000000017 0.10625
0 0.6225003333333334 0.22 0.031667000000000015 0.09
0 0.6475003333333333 0.218125 0.035 0.09375
0 0.6925003333333333 0.21937500000000001 0.048332999999999994 0.10375000000000001
0 0.38166633333333333 0.38875 0.02 0.045
0 0.41250033333333336 0.385625 0.025 0.04875
0 0.41583333333333333 0.44375000000000003 0.025 0.06
0 0.44416633333333333 0.435625 0.025 0.05625
0 0.4575003333333333 0.47000000000000003 0.02833299999999999 0.055
0 0.017500333333333333 0.471875 0.035 0.06125
0 0.020833333333333336 0.455625 0.031667 0.05375
0 0.09500033333333335 0.416875 0.020000000000000014 0.04875
0 0.12750033333333335 0.44625000000000004 0.021667000000000013 0.0575
0 0.15083333333333335 0.46125 0.02833299999999999 0.06
0 0.19166633333333336 0.44875 0.030000000000000002 0.06
0 0.20083333333333334 0.445625 0.03166699999999999 0.05375
0 0.26833333333333337 0.489375 0.03333299999999999 0.06625
0 0.2733333333333334 0.531875 0.026667000000000014 0.051250000000000004
