0 0.29916633333333337 0.348125 0.188333 0.37875000000000003
0 0.7408333333333333 0.344375 0.22166699999999992 0.46875
0 0.9833333333333334 0.141875 0.026666999999999916 0.07625
0 0.9516663333333333 0.144375 0.033333000000000085 0.07125000000000001
0 0.9058333333333334 0.14250000000000002 0.03166699999999992 0.07000000000000002
0 0.8833333333333334 0.150625 0.030000000000000002 0.07124999999999998
0 0.7591663333333334 0.15062500000000004 0.025 0.06875000000000002
0 0.6183333333333334 0.481875 0.03333299999999999 0.07125000000000001
0 0.6608333333333334 0.48125 0.035 0.0825
0 0.8416663333333333 0.34625 0.02333299999999999 0.055
0 0.8741663333333333 0.3525 0.025 0.0575
0 0.9041663333333335 0.378125 0.02166699999999992 0.058750000000000004
