0 0.37833333333333335 0.439375 0.21000000000000002 0.42125
0 0.13000033333333336 0.338125 0.05 0.14625
0 0.18166633333333335 0.34625 0.04 0.1275
0 0.04166633333333334 0.36375 0.08333300000000002 0.20750000000000002
0 0.44583333333333336 0.39125 0.085 0.2325
0 0.48833333333333334 0.418125 0.093333 0.24875
0 0.5308333333333334 0.415625 0.108333 0.27625
0 0.6008333333333333 0.40375 0.095 0.28750000000000003
0 0.8316663333333335 0.434375 0.1200000000000001 0.32875
0 0.7008333333333334 0.529375 0.2616669999999999 0.70875
