0 0.5791663333333334 0.41000000000000003 0.31833300000000003 0.6375000000000001
0 0.7683333333333334 0.218125 0.08333299999999999 0.22875
0 0.6475003333333335 0.18 0.05166700000000001 0.14
0 0.49333333333333335 0.174375 0.04333299999999999 0.09875
0 0.38416633333333333 0.1675 0.045000000000000005 0.12
0 0.35083333333333333 0.17125 0.041667000000000017 0.10250000000000001
0 0.28416633333333335 0.169375 0.041667000000000017 0.10125
0 0.21666633333333335 0.358125 0.03333299999999999 0.058750000000000004
0 0.19500033333333336 0.354375 0.030000000000000002 0.05375
0 0.14083333333333334 0.359375 0.028333000000000014 0.05375
0 0.12166633333333333 0.36 0.02333299999999999 0.055
0 0.04916633333333334 0.36 0.028333000000000007 0.0575
0 0.14916633333333335 0.416875 0.035 0.07125000000000001
0 0.17166633333333334 0.41625 0.04 0.0725
0 0.21250033333333335 0.446875 0.035 0.06125
0 0.36583333333333334 0.48125 0.041667000000000017 0.085
0 0.017500333333333333 0.149375 0.035 0.07125000000000001
0 0.023333333333333334 0.14875 0.033333 0.0675
0 0.08250033333333336 0.153125 0.035 0.07624999999999998
