0 0.5766663333333335 0.4375 0.283333 0.6975
0 0.41583333333333333 0.349375 0.31166699999999997 0.68375
0 0.6808333333333334 0.15312500000000004 0.02833299999999999 0.06875000000000002
0 0.7533333333333334 0.150625 0.026667000000000014 0.07374999999999998
0 0.8375003333333333 0.15625 0.03833299999999999 0.0775
0 0.8950003333333333 0.169375 0.05333300000000009 0.10125
0 0.9625003333333333 0.17 0.048333000000000084 0.11
0 0.9033333333333334 0.203125 0.07 0.15875
0 0.030833333333333334 0.34875 0.025 0.06
0 0.012500333333333334 0.373125 0.024999999999999998 0.06125
0 0.19083333333333335 0.361875 0.025 0.058750000000000004
0 0.20750033333333331 0.3725 0.03166699999999999 0.0575
0 0.24250033333333337 0.37375 0.02833299999999999 0.055
0 0.2525003333333333 0.421875 0.02833299999999999 0.06625
0 0.22333333333333336 0.426875 0.03333299999999999 0.06375
0 0.36833333333333335 0.45375 0.03666700000000001 0.0725
0 0.3791663333333333 0.50375 0.02833299999999999 0.0575
