0 0.5758333333333334 0.39437500000000003 0.23833300000000002 0.49875
0 0.4225003333333334 0.34875 0.25166700000000003 0.53
0 0.02416633333333333 0.208125 0.048333 0.11875000000000001
0 0.08083333333333334 0.20500000000000002 0.058332999999999996 0.1225
0 0.1050003333333333 0.24625 0.086667 0.17250000000000001
0 0.26250033333333334 0.24375 0.06833299999999999 0.17250000000000001
0 0.22833333333333336 0.24875 0.073333 0.185
0 0.19500033333333336 0.255625 0.073333 0.19374999999999998
0 0.6408333333333334 0.22375 0.065 0.17
0 0.6841663333333333 0.2525 0.09833299999999999 0.24750000000000005
0 0.7300003333333333 0.26125 0.08666700000000002 0.20750000000000002
0 0.8591663333333333 0.265 0.095 0.195
