0 0.6575003333333332 0.239375 0.178333 0.38375000000000004
0 0.5266663333333335 0.2625 0.143333 0.41250000000000003
0 0.4808333333333334 0.24875 0.14166699999999996 0.34500000000000003
0 0.22750033333333336 0.174375 0.041667000000000017 0.09125
0 0.27750033333333335 0.181875 0.03833299999999999 0.10125
0 0.30250033333333337 0.171875 0.02833299999999999 0.07375
0 0.42500033333333337 0.195625 0.046666999999999965 0.11125
0 0.4083333333333334 0.1875 0.05000000000000005 0.105
0 0.39750033333333334 0.17875 0.048332999999999994 0.11
0 0.35250033333333336 0.181875 0.055 0.13875
0 0.16083333333333336 0.184375 0.09166700000000001 0.18125
0 0.04916633333333334 0.30125 0.09833300000000002 0.4825
