0 0.6341663333333333 0.26875 0.11166700000000002 0.225
0 0.7700003333333335 0.283125 0.10666700000000001 0.21625
0 0.36166633333333337 0.20500000000000002 0.05 0.1
0 0.28583333333333333 0.185 0.01833299999999999 0.0425
0 0.4633333333333334 0.19875 0.01666700000000001 0.045
0 0.45500033333333345 0.1975 0.01666700000000001 0.0475
0 0.48000033333333336 0.19875 0.02 0.04
0 0.47916633333333347 0.205625 0.011667000000000012 0.03125
0 0.5058333333333331 0.2025 0.01833299999999999 0.045
0 0.5250003333333335 0.200625 0.01666700000000001 0.043750000000000004
