0 0.20916633333333334 0.230625 0.065 0.12875
0 0.36000033333333337 0.36562500000000003 0.16666700000000007 0.33375
0 0.012500333333333334 0.200625 0.024999999999999998 0.06375
0 0.08500033333333334 0.20750000000000002 0.026667 0.0625
0 0.11166633333333333 0.209375 0.02666699999999999 0.06375
0 0.14500033333333334 0.203125 0.030000000000000002 0.06375
0 0.18000033333333335 0.20875 0.030000000000000002 0.0675
0 0.23916633333333334 0.22125 0.03833299999999999 0.095
0 0.29916633333333337 0.2225 0.041667000000000017 0.09
0 0.33333333333333337 0.236875 0.05 0.11125
0 0.03416633333333333 0.23500000000000001 0.06166700000000001 0.115
