0 0.5833333333333334 0.2725 0.103333 0.20750000000000002
0 0.11000033333333335 0.3325 0.22 0.465
0 0.30583333333333335 0.294375 0.16166700000000003 0.32375
0 0.7600003333333333 0.368125 0.29666699999999996 0.49125
0 0.19166633333333338 0.195625 0.023333000000000013 0.05625
0 0.31833333333333336 0.19375 0.02 0.055
0 0.34666633333333335 0.19875 0.01666700000000001 0.0475
0 0.6475003333333335 0.255625 0.07166700000000002 0.17124999999999996
0 0.9716663333333335 0.245625 0.04666699999999992 0.11875000000000001
0 0.9216663333333333 0.23750000000000002 0.05333300000000009 0.11
