0 0.7700003333333334 0.330625 0.16 0.38625
0 0.8816663333333334 0.37 0.19666699999999993 0.4325
0 0.18750033333333335 0.3575 0.18500000000000003 0.37
0 0.5358333333333334 0.21937500000000001 0.015000000000000001 0.04875
0 0.5291663333333333 0.22 0.01833299999999999 0.05
0 0.5516663333333335 0.22062500000000002 0.01666700000000001 0.05375
0 0.27416633333333335 0.21937500000000001 0.021667000000000013 0.058750000000000004
0 0.22583333333333336 0.21125 0.021667000000000013 0.0475
0 0.19833333333333333 0.215625 0.01666700000000001 0.04625
0 0.025000333333333333 0.230625 0.030000000000000002 0.06375
0 0.09750033333333336 0.224375 0.02833299999999999 0.06375
0 0.050833333333333335 0.226875 0.03166700000000001 0.06875
0 0.4658333333333334 0.214375 0.021667000000000013 0.05375
0 0.5916663333333334 0.28750000000000003 0.07666700000000001 0.2025
0 0.40916633333333335 0.284375 0.07500000000000001 0.18625
