0 0.6591663333333333 0.34500000000000003 0.24166700000000002 0.5125
0 0.31583333333333335 0.39625 0.22166699999999998 0.4625
0 0.48416633333333337 0.424375 0.17500000000000002 0.35125
0 0.8608333333333333 0.301875 0.15833300000000008 0.29875
0 0.8050003333333333 0.18875 0.04333299999999999 0.09
0 0.5508333333333334 0.196875 0.035 0.08625000000000001
0 0.5250003333333334 0.19062500000000002 0.04 0.10125
0 0.39416633333333334 0.194375 0.031667000000000015 0.09375
0 0.22666633333333333 0.196875 0.056667000000000016 0.10625
0 0.04666633333333334 0.18812500000000001 0.05333300000000001 0.10375000000000001
0 0.11250033333333335 0.195625 0.041667000000000017 0.10375000000000001
