0 0.24583333333333335 0.345625 0.15166699999999997 0.30625
0 0.36500033333333337 0.45875 0.23 0.5375
0 0.4350003333333334 0.39375 0.206667 0.52
0 0.7075003333333333 0.3675 0.01833299999999999 0.045
0 0.6916663333333335 0.366875 0.01666700000000001 0.04625
0 0.5850003333333333 0.41875 0.02 0.0525
0 0.5666663333333335 0.41625 0.026667000000000014 0.0525
0 0.5525003333333334 0.45937500000000003 0.025 0.06625
0 0.5358333333333334 0.475625 0.035 0.07625
0 0.5008333333333332 0.475625 0.035 0.07125000000000001
0 0.9191663333333335 0.068125 0.02166699999999992 0.048749999999999995
0 0.9050003333333333 0.078125 0.026666999999999916 0.04875
0 0.8775003333333335 0.0825 0.02166699999999992 0.0575
0 0.8166663333333333 0.078125 0.02333299999999999 0.051250000000000004
0 0.7716663333333335 0.204375 0.026667000000000014 0.05625
0 0.7008333333333334 0.200625 0.025 0.05625
0 0.6816663333333333 0.209375 0.02333299999999999 0.06625
0 0.6575003333333332 0.20875 0.025 0.0575
0 0.6433333333333334 0.21125 0.026667000000000014 0.07
0 0.6250003333333334 0.215 0.030000000000000002 0.07
0 0.5725003333333333 0.21375 0.02833299999999999 0.0675
0 0.5350003333333334 0.21375 0.030000000000000002 0.0725
0 0.4650003333333333 0.2275 0.02333299999999999 0.055
