0 0.5800003333333333 0.283125 0.14 0.28125
0 0.8108333333333334 0.29125 0.12166699999999993 0.245
0 0.6358333333333334 0.31625000000000003 0.15166700000000002 0.365
0 0.3458333333333333 0.28125 0.125 0.25500000000000006
0 0.17583333333333334 0.21937500000000001 0.02833299999999999 0.06625
0 0.030833333333333334 0.225 0.031667 0.0775
0 0.05500033333333334 0.224375 0.036667 0.08625000000000001
0 0.09083333333333334 0.216875 0.035 0.07625
0 0.14500033333333334 0.230625 0.04333300000000002 0.11125
0 0.20500033333333337 0.25499999999999995 0.060000000000000026 0.14499999999999996
0 0.40416633333333335 0.245625 0.07500000000000001 0.19625
0 0.6958333333333334 0.27187500000000003 0.131667 0.26625
