0 0.5366663333333334 0.406875 0.23666700000000007 0.53125
0 0.36833333333333335 0.299375 0.073333 0.14875000000000005
0 0.46916633333333346 0.279375 0.041667000000000017 0.09625
0 0.30083333333333334 0.27 0.031667000000000015 0.0775
0 0.32500033333333334 0.276875 0.04 0.09875
0 0.2808333333333333 0.27187500000000003 0.035 0.09625
0 0.18250033333333335 0.26562499999999994 0.028333000000000014 0.07125000000000001
0 0.21500033333333335 0.26562499999999994 0.03666700000000001 0.09125
0 0.24166633333333334 0.27125 0.05333299999999999 0.12749999999999997
0 0.15833333333333335 0.2725 0.046667000000000014 0.1125
0 0.058333333333333334 0.261875 0.033332999999999995 0.07375
0 0.03833333333333334 0.26562499999999994 0.05 0.10625
0 0.10083333333333332 0.2675 0.041667 0.10250000000000001
