0 0.2525003333333333 0.295 0.195 0.39
0 0.5950003333333332 0.23875000000000002 0.093333 0.1875
0 0.5141663333333333 0.20125 0.03833299999999999 0.0975
0 0.5000003333333334 0.19875 0.04 0.095
0 0.45500033333333345 0.21375 0.046667000000000014 0.11750000000000001
0 0.49333333333333335 0.224375 0.03666700000000001 0.10125
0 0.40666633333333335 0.206875 0.05 0.10875
0 0.36833333333333335 0.21 0.05 0.1275
0 0.34916633333333336 0.205625 0.058332999999999996 0.14125000000000001
0 0.30833333333333335 0.200625 0.04333299999999999 0.10375000000000001
0 0.06500033333333334 0.211875 0.05333300000000001 0.12625
0 0.09500033333333334 0.20375000000000001 0.06333300000000001 0.155
0 0.16750033333333336 0.20875 0.061667000000000013 0.115
