0 0.44416633333333333 0.464375 0.19833300000000004 0.44375000000000003
0 0.5641663333333334 0.380625 0.118333 0.23875000000000002
0 0.9608333333333334 0.32375 0.048333000000000084 0.11750000000000001
0 0.9183333333333334 0.3375 0.06666699999999992 0.17500000000000002
0 0.8716663333333334 0.328125 0.06333300000000008 0.13125
0 0.7700003333333335 0.37 0.10666700000000001 0.255
0 0.5900003333333335 0.370625 0.10666700000000001 0.21875
0 0.06666633333333334 0.43875000000000003 0.13333300000000003 0.36
0 0.16333333333333333 0.424375 0.153333 0.36625
0 0.28583333333333333 0.388125 0.13833300000000004 0.28625
