0 0.6850003333333334 0.520625 0.3533329999999999 0.84125
0 0.2500003333333333 0.354375 0.213333 0.50875
0 0.5750003333333333 0.1525 0.03333299999999999 0.075
0 0.6058333333333333 0.1825 0.045000000000000005 0.105
0 0.5633333333333332 0.173125 0.030000000000000002 0.07625
0 0.5733333333333334 0.193125 0.03333299999999999 0.08625000000000001
0 0.5725003333333334 0.215625 0.045000000000000005 0.09875
0 0.5191663333333334 0.289375 0.065 0.19624999999999998
0 0.8900003333333333 0.280625 0.060000000000000005 0.13125
0 0.8341663333333335 0.29 0.05166699999999992 0.1275
0 0.4608333333333334 0.361875 0.125 0.33625
0 0.3433333333333333 0.355 0.136667 0.34750000000000003
0 0.24250033333333337 0.130625 0.055 0.15375
0 0.29833333333333334 0.148125 0.060000000000000005 0.15875
0 0.07833333333333334 0.27 0.06333299999999999 0.18
