0 0.5266663333333335 0.36375 0.166667 0.3675
0 0.6541663333333334 0.32625 0.10500000000000001 0.2575
0 0.36666633333333337 0.32625 0.07 0.165
0 0.31583333333333335 0.30875 0.05166700000000001 0.1325
0 0.29583333333333334 0.2975 0.055 0.1325
0 0.22833333333333336 0.3075 0.056667000000000016 0.17249999999999996
0 0.09416633333333334 0.32125 0.08500000000000003 0.1925
0 0.15000033333333332 0.315 0.06666699999999999 0.18000000000000005
0 0.03916633333333334 0.32625 0.07833300000000001 0.245
0 0.19666633333333333 0.433125 0.19999999999999998 0.28375
