0 0.6841663333333333 0.42312500000000003 0.131667 0.28625
0 0.46416633333333335 0.408125 0.125 0.28125
0 0.29666633333333337 0.39437500000000003 0.093333 0.20375000000000001
0 0.22916633333333333 0.404375 0.085 0.18625
0 0.025833333333333337 0.155 0.041667000000000017 0.1225
0 0.07666633333333334 0.18875 0.05666699999999999 0.1325
0 0.05416633333333334 0.214375 0.04833300000000001 0.14625
0 0.035833333333333335 0.28875 0.065 0.15000000000000005
0 0.030833333333333334 0.36375 0.061667000000000013 0.17250000000000001
0 0.18333333333333335 0.3525 0.05 0.13
0 0.26500033333333334 0.3775 0.056667000000000016 0.1825
0 0.33666633333333335 0.23375 0.03333299999999999 0.075
0 0.3791663333333333 0.23875000000000002 0.035 0.0675
0 0.34500033333333335 0.245 0.03666700000000001 0.0775
0 0.38000033333333333 0.26812499999999995 0.03333299999999999 0.07375
0 0.3433333333333333 0.25812500000000005 0.03333299999999999 0.07375
0 0.34416633333333335 0.3 0.03833299999999999 0.08750000000000001
0 0.38750033333333334 0.305625 0.031667000000000015 0.09625
0 0.37333333333333335 0.29875 0.03333299999999999 0.0825
0 0.34916633333333336 0.368125 0.048332999999999994 0.11875000000000001
0 0.40166633333333335 0.380625 0.07 0.20375000000000001
0 0.6225003333333334 0.369375 0.041667000000000017 0.11375
0 0.5750003333333334 0.38125000000000003 0.046667000000000014 0.13
0 0.5375003333333332 0.39187500000000003 0.07500000000000001 0.19125
