0 0.5825003333333333 0.4 0.168333 0.34750000000000003
0 0.6950003333333334 0.4175 0.17666700000000002 0.41250000000000003
0 0.10250033333333335 0.36625 0.168333 0.34
0 0.41000033333333336 0.375 0.12666700000000006 0.2775
0 0.14333333333333334 0.193125 0.056667000000000016 0.15125
0 0.12416633333333334 0.25625 0.065 0.1525
0 0.04083333333333334 0.366875 0.081667 0.19875
0 0.2758333333333334 0.31875000000000003 0.03833299999999999 0.09
0 0.3383333333333334 0.32625 0.04333299999999999 0.11
0 0.29833333333333334 0.33875 0.056667000000000016 0.14250000000000002
0 0.4658333333333334 0.1925 0.02833299999999999 0.065
0 0.42583333333333334 0.19062500000000002 0.02833300000000004 0.06125
0 0.4300003333333334 0.215625 0.030000000000000002 0.07125000000000001
0 0.4708333333333334 0.226875 0.031667000000000015 0.08125
0 0.4375003333333334 0.225625 0.031666999999999966 0.07125000000000001
0 0.4375003333333334 0.245625 0.035 0.08125
0 0.5050003333333335 0.355 0.103333 0.2475
0 0.8333333333333334 0.339375 0.06666699999999992 0.19375
