0 0.46666633333333335 0.349375 0.25 0.5437500000000001
0 0.8958333333333334 0.12375 0.028333000000000084 0.08750000000000001
0 0.8758333333333334 0.13 0.035 0.0775
0 0.7983333333333333 0.128125 0.030000000000000002 0.07375000000000002
0 0.7641663333333334 0.1275 0.035 0.0725
0 0.6725003333333333 0.14250000000000002 0.03833299999999999 0.09750000000000002
0 0.29916633333333337 0.153125 0.061667000000000013 0.12374999999999999
0 0.2525003333333333 0.150625 0.055 0.12124999999999998
0 0.23000033333333336 0.15687500000000001 0.06333299999999999 0.12875000000000003
0 0.9675003333333333 0.340625 0.025 0.05375
0 0.9500003333333334 0.335 0.030000000000000002 0.05
0 0.8608333333333333 0.34750000000000003 0.028333000000000084 0.065
0 0.8408333333333334 0.34875 0.028333000000000084 0.0625
0 0.6925003333333333 0.351875 0.02833299999999999 0.05625
0 0.7200003333333332 0.34750000000000003 0.026667000000000014 0.0575
0 0.6508333333333334 0.389375 0.02833299999999999 0.05625
0 0.6825003333333335 0.39125 0.021667000000000013 0.0575
0 0.6858333333333334 0.41500000000000004 0.02833299999999999 0.0525
0 0.7266663333333333 0.405 0.03333299999999999 0.0775
0 0.7533333333333334 0.424375 0.02333299999999999 0.051250000000000004
0 0.8300003333333333 0.39375 0.03333299999999999 0.075
0 0.9483333333333334 0.365 0.033333000000000085 0.0725
0 0.027500333333333335 0.171875 0.055 0.13625
