0 0.4975003333333334 0.34500000000000003 0.255 0.5725
0 0.36000033333333337 0.309375 0.19333300000000006 0.46875
0 0.08083333333333334 0.33437500000000003 0.031667 0.058750000000000004
0 0.10333333333333335 0.32937500000000003 0.030000000000000002 0.06125
0 0.12583333333333335 0.385625 0.021667000000000013 0.04875
0 0.2025003333333333 0.390625 0.02166699999999999 0.043750000000000004
0 0.17083333333333334 0.37625000000000003 0.028333000000000014 0.0725
0 0.21666633333333335 0.33187500000000003 0.026667000000000014 0.05625
0 0.24000033333333337 0.33375 0.026667000000000014 0.065
0 0.30250033333333337 0.315 0.02833299999999999 0.05750000000000004
0 0.29083333333333333 0.36 0.035 0.0725
0 0.25333333333333335 0.109375 0.03666700000000001 0.09125
0 0.23500033333333337 0.1125 0.03333299999999999 0.08
0 0.08166633333333333 0.10625 0.033333 0.08
0 0.13000033333333336 0.10625 0.03333299999999999 0.0725
0 0.7633333333333334 0.124375 0.030000000000000002 0.07375000000000002
0 0.9825003333333335 0.135625 0.03166699999999992 0.07625
0 0.9583333333333334 0.140625 0.03666699999999992 0.07625
0 0.9258333333333334 0.135625 0.03833300000000009 0.08625000000000001
0 0.8783333333333334 0.13 0.04333300000000009 0.0975
0 0.8291663333333334 0.13625 0.035 0.08499999999999998
