0 0.49166633333333337 0.21 0.11 0.23500000000000001
0 0.3983333333333334 0.2175 0.1 0.23750000000000002
0 0.28833333333333333 0.255625 0.183333 0.36875
0 0.6800003333333334 0.2325 0.21000000000000002 0.465
0 0.8933333333333334 0.228125 0.18666699999999992 0.42875
0 0.5408333333333334 0.206875 0.07166700000000002 0.18375
0 0.14000033333333337 0.07 0.033333000000000015 0.0925
0 0.15333333333333335 0.12375 0.046667000000000014 0.1125
0 0.14916633333333335 0.15937500000000002 0.045000000000000005 0.11375
0 0.2025003333333333 0.186875 0.071667 0.18875
0 0.22250033333333336 0.23500000000000001 0.078333 0.195
0 0.09583333333333334 0.299375 0.19166700000000003 0.49625
