0 0.7725003333333335 0.29875 0.148333 0.2975
0 0.5766663333333333 0.3075 0.15666700000000003 0.31499999999999995
0 0.41833333333333333 0.293125 0.12666699999999997 0.25625
0 0.04833333333333334 0.113125 0.07 0.16125
0 0.028333333333333335 0.1475 0.056667000000000016 0.17
0 0.19750033333333336 0.25625 0.041667000000000017 0.115
0 0.24583333333333335 0.251875 0.045000000000000005 0.12375
0 0.3775003333333333 0.115625 0.02833299999999999 0.07625
0 0.32166633333333333 0.12687500000000002 0.03333299999999999 0.08375000000000002
0 0.33416633333333334 0.155625 0.035 0.09375000000000001
0 0.38250033333333333 0.15687500000000001 0.041667000000000017 0.08875000000000002
0 0.3775003333333333 0.1825 0.035 0.0825
0 0.35583333333333333 0.18812500000000001 0.041667000000000017 0.09125
0 0.35250033333333336 0.25499999999999995 0.05166700000000001 0.12
0 0.3116663333333333 0.268125 0.060000000000000005 0.14875000000000005
0 0.6441663333333334 0.265625 0.065 0.16625000000000004
0 0.6900003333333333 0.27125 0.06333299999999999 0.17499999999999996
