0 0.5933333333333334 0.305625 0.21000000000000002 0.42125
0 0.30416633333333337 0.3225 0.21166700000000002 0.425
0 0.12250033333333335 0.14125000000000001 0.035 0.10250000000000002
0 0.18166633333333335 0.13875 0.04 0.09249999999999999
0 0.21750033333333335 0.1475 0.03833299999999999 0.08750000000000001
0 0.2500003333333333 0.13125 0.04 0.0975
0 0.32750033333333334 0.14625 0.035 0.0775
0 0.3433333333333333 0.141875 0.03333299999999999 0.07875
0 0.40750033333333335 0.1375 0.02833299999999999 0.07749999999999999
0 0.5433333333333333 0.201875 0.11333299999999999 0.20625000000000002
