0 0.3175003333333333 0.405 0.24499999999999997 0.49
0 0.6125003333333334 0.35000000000000003 0.21166700000000002 0.425
0 0.7450003333333333 0.29125 0.05333299999999999 0.13
0 0.8066663333333334 0.29812500000000003 0.07 0.15375
0 0.8366663333333335 0.33437500000000003 0.09666700000000002 0.23875000000000002
0 0.5291663333333334 0.2925 0.07500000000000001 0.19
0 0.47750033333333347 0.323125 0.061667000000000013 0.16875
0 0.4133333333333334 0.309375 0.06666699999999996 0.18375
0 0.13333333333333333 0.313125 0.093333 0.23875000000000002
0 0.21416633333333335 0.325625 0.095 0.24875
