0 0.5575 0.5633337777777777 0.1225 0.637778
0 0.646875 0.5822217777777777 0.11125 0.5288889999999999
0 0.335 0.4788887777777777 0.0625 0.3311109999999999
0 0.47750000000000004 0.4633337777777778 0.07 0.3355560000000001
0 0.100625 0.39666677777777776 0.02625 0.144444
0 0.123125 0.45666677777777775 0.04875 0.3133329999999999
0 0.225 0.3933337777777778 0.02 0.11555600000000002
0 0.25562500000000005 0.3944447777777778 0.01875 0.10888900000000004
0 0.27125000000000005 0.39888877777777776 0.0175 0.10444399999999998
0 0.30250000000000005 0.41666677777777783 0.03 0.16666700000000004
0 0.408125 0.3977777777777778 0.03375 0.17333300000000001
0 0.3775 0.4555557777777777 0.0575 0.34222199999999997
