0 0.45166633333333334 0.330625 0.22666700000000006 0.47125
0 0.6675003333333333 0.319375 0.23500000000000001 0.48375
0 0.9700003333333334 0.149375 0.03666699999999992 0.06375
0 0.8750003333333333 0.14125000000000001 0.04 0.06750000000000002
0 0.8108333333333334 0.14625 0.02833299999999999 0.0575
0 0.7225003333333335 0.15 0.031667000000000015 0.0775
0 0.7066663333333334 0.15875 0.030000000000000002 0.0825
0 0.5791663333333334 0.15875 0.031667000000000015 0.075
0 0.5050003333333335 0.169375 0.03666700000000001 0.08875
0 0.07666633333333334 0.195 0.05666699999999999 0.1225
0 0.5825003333333333 0.36125 0.02833299999999999 0.055
0 0.5625003333333334 0.39437500000000003 0.025 0.06125
0 0.5916663333333334 0.42562500000000003 0.026667000000000014 0.05625
