0 0.658125 0.5966667777777778 0.11875000000000001 0.5666670000000001
0 0.596875 0.6688887777777778 0.06625 0.32
0 0.750625 0.4422217777777778 0.05375 0.25777800000000006
0 0.89 0.47444477777777777 0.06 0.32666700000000004
0 0.69125 0.4622217777777778 0.0475 0.271111
0 0.7056250000000001 0.43222177777777776 0.043750000000000004 0.251111
0 0.60875 0.4177777777777778 0.025 0.15555600000000003
0 0.595 0.4299997777777778 0.035 0.18888900000000003
0 0.513125 0.4577777777777778 0.04125 0.22222200000000006
0 0.551875 0.4744447777777778 0.06875 0.3711110000000001
