0 0.366875 0.5211107777777778 0.11125 0.526667
0 0.44875 0.5055557777777777 0.08750000000000001 0.5
0 0.514375 0.3977777777777778 0.02875 0.16
0 0.5381250000000001 0.4133337777777778 0.04125 0.24888900000000003
0 0.57625 0.42555577777777787 0.045 0.23777800000000002
0 0.631875 0.4588887777777777 0.06624999999999993 0.41111099999999995
0 0.68 0.5111107777777779 0.05 0.34222200000000014
0 0.74 0.4966667777777778 0.0675 0.384444
0 0.816875 0.4099997777777777 0.03625 0.21111099999999997
0 0.9475 0.44333377777777777 0.0475 0.22444400000000006
0 0.9712500000000001 0.4522217777777778 0.05 0.24666699999999997
