0 0.6091663333333333 0.47125 0.168333 0.3375
0 0.8541663333333332 0.40875 0.10166699999999992 0.2025
0 0.9400003333333335 0.355625 0.023333000000000086 0.06625
0 0.9241663333333334 0.35000000000000003 0.018333000000000085 0.0475
0 0.7708333333333334 0.369375 0.031667000000000015 0.08125
0 0.7416663333333334 0.3675 0.026667000000000014 0.0775
0 0.6816663333333335 0.37 0.03666700000000001 0.08750000000000001
0 0.5758333333333334 0.36062500000000003 0.021667000000000013 0.06375
0 0.5433333333333333 0.369375 0.03333299999999999 0.09625
0 0.45500033333333345 0.36875 0.03666700000000001 0.095
0 0.48166633333333325 0.38 0.03333299999999999 0.1
0 0.49916633333333327 0.3925 0.048332999999999994 0.1275
0 0.3675003333333334 0.38375000000000004 0.045000000000000005 0.1375
0 0.30250033333333337 0.354375 0.021667000000000013 0.06125
0 0.28500033333333336 0.36 0.02333299999999999 0.0675
0 0.24500033333333335 0.36312500000000003 0.030000000000000002 0.09375
0 0.25666633333333333 0.36875 0.04 0.0925
0 0.16083333333333336 0.39437500000000003 0.061667000000000013 0.15125
0 0.10583333333333333 0.3575 0.025 0.065
0 0.03250033333333334 0.361875 0.028333000000000004 0.07875
0 0.044166333333333335 0.355625 0.025 0.07625
0 0.020000333333333335 0.37 0.04 0.1075
