0 0.43875000000000003 0.6155557777777778 0.14250000000000002 0.7555560000000001
0 0.5018750000000001 0.6233337777777778 0.14625 0.7444439999999999
0 0.781875 0.48777777777777775 0.03125 0.16222200000000006
0 0.74875 0.4488887777777778 0.0375 0.20888900000000005
0 0.370625 0.5588887777777778 0.06875 0.411111
0 0.038125 0.6877777777777778 0.07625 0.6111109999999997
0 0.20625000000000002 0.6666667777777777 0.12 0.657778
0 0.808125 0.42444477777777784 0.02125 0.10666699999999998
0 0.8425 0.42777777777777776 0.0225 0.12666699999999997
0 0.105625 0.11666677777777777 0.01875 0.10444400000000002
0 0.07125000000000001 0.10222177777777777 0.02000000000000001 0.111111
0 0.085 0.10888877777777778 0.02 0.11111099999999997
