0 0.41916633333333336 0.384375 0.24166700000000008 0.5387500000000001
0 0.4325003333333334 0.025 0.021666999999999964 0.0475
0 0.41500033333333336 0.02625 0.033333000000000036 0.0525
0 0.35750033333333336 0.026875 0.02833299999999999 0.05375
0 0.25583333333333336 0.02875 0.02833299999999999 0.0575
0 0.33916633333333335 0.165 0.021667000000000013 0.055
0 0.32583333333333336 0.16875 0.025 0.0525
0 0.16500033333333336 0.17875 0.03333299999999999 0.08
0 0.1525003333333333 0.18 0.03166699999999999 0.0775
0 0.09166633333333334 0.17875 0.03666699999999999 0.075
0 0.030000333333333334 0.19187500000000002 0.033333 0.05625
0 0.26833333333333337 0.171875 0.03333299999999999 0.06125
0 0.18083333333333335 0.42375 0.02833299999999999 0.07
0 0.26000033333333333 0.40625 0.03333299999999999 0.065
0 0.5841663333333335 0.169375 0.02833299999999999 0.06375
0 0.6225003333333334 0.17250000000000001 0.025 0.0625
0 0.9050003333333333 0.15875 0.03666699999999992 0.0825
0 0.8758333333333334 0.185 0.035 0.095
0 0.8433333333333334 0.17875 0.04333300000000009 0.1075
0 0.9241663333333334 0.18937500000000002 0.055 0.14125000000000001
0 0.7766663333333335 0.25499999999999995 0.11666700000000002 0.2750000000000001
