0 0.4350003333333335 0.40875 0.31666700000000003 0.6925
0 0.9066663333333332 0.0575 0.023333000000000086 0.0525
0 0.7141663333333335 0.06125 0.02833299999999999 0.0625
0 0.6325003333333334 0.19 0.031667000000000015 0.0625
0 0.9566663333333335 0.19625 0.026666999999999916 0.0525
0 0.5733333333333334 0.1975 0.026667000000000014 0.06
0 0.5633333333333334 0.199375 0.026667000000000014 0.06625
0 0.5366663333333335 0.1975 0.026667000000000014 0.065
0 0.4700003333333333 0.2025 0.03333299999999999 0.0775
0 0.20583333333333334 0.21937500000000001 0.048332999999999994 0.09875
0 0.16500033333333336 0.22062500000000002 0.04333299999999999 0.11875000000000001
0 0.07083333333333333 0.228125 0.065 0.16625
0 0.6141663333333335 0.38625 0.021667000000000013 0.055
0 0.6341663333333335 0.39625 0.021667000000000013 0.055
0 0.6783333333333336 0.380625 0.026667000000000014 0.04875
0 0.7150003333333333 0.379375 0.02333299999999999 0.04625
0 0.7550003333333335 0.36312500000000003 0.026667000000000014 0.051250000000000004
0 0.7441663333333334 0.39625 0.025 0.045
0 0.7416663333333334 0.424375 0.026667000000000014 0.05625
0 0.8541663333333332 0.39687500000000003 0.028333000000000084 0.06125
0 0.9733333333333334 0.40375 0.026666999999999916 0.06
0 0.9216663333333333 0.395625 0.033333000000000085 0.05625
0 0.8408333333333334 0.458125 0.03166699999999992 0.051250000000000004
