0 0.738125 0.5855557777777779 0.16875 0.811111
0 0.93375 0.6022217777777777 0.1225 0.7822219999999998
0 0.433125 0.8366667777777778 0.058750000000000004 0.3
0 0.5018750000000001 0.8588887777777775 0.05375 0.264444
0 0.605 0.7688887777777778 0.08750000000000008 0.448889
0 0.8718750000000001 0.6699997777777777 0.11125 0.6422219999999998
0 0.25125000000000003 0.7922217777777778 0.0775 0.4066669999999999
0 0.34500000000000003 0.5944447777777777 0.1375 0.7933329999999998
0 0.1975 0.5877777777777777 0.1775 0.811111
0 0.678125 0.7011107777777777 0.11875000000000001 0.566667
