0 0.34750000000000003 0.6311107777777779 0.1325 0.671111
0 0.888125 0.5211107777777778 0.06875 0.3577780000000001
0 0.820625 0.5633337777777777 0.043750000000000004 0.22444399999999998
0 0.47500000000000003 0.5088887777777776 0.0725 0.43111099999999997
0 0.40625 0.4444447777777778 0.0225 0.133333
0 0.256875 0.4288887777777778 0.02875 0.137778
0 0.21875 0.4311107777777778 0.0325 0.2
0 0.185 0.4311107777777778 0.0325 0.2
0 0.131875 0.4644447777777777 0.04625 0.23111099999999996
0 0.03 0.4288887777777778 0.045 0.217778
