0 0.37 0.5099997777777777 0.1625 0.7755560000000001
0 0.951875 0.3088887777777778 0.058750000000000004 0.3466669999999999
0 0.88875 0.2244447777777778 0.0325 0.17333300000000001
0 0.85 0.22999977777777778 0.03 0.15333299999999997
0 0.693125 0.2066667777777778 0.02125 0.12444400000000001
0 0.24375 0.31999977777777777 0.0525 0.36
0 0.6006250000000001 0.2455557777777778 0.04875 0.26
0 0.5331250000000001 0.23444477777777775 0.03375 0.184444
0 0.494375 0.23888877777777778 0.03125 0.18888900000000003
0 0.47750000000000004 0.23444477777777775 0.0325 0.19333299999999998
0 0.44125000000000003 0.23999977777777776 0.0275 0.17777800000000005
0 0.33375 0.31111077777777774 0.0575 0.364444
0 0.56625 0.5244447777777778 0.1875 0.8888890000000002
0 0.733125 0.5388887777777778 0.19125 0.908889
