0 0.5666663333333335 0.43375 0.10666700000000001 0.215
0 0.21916633333333332 0.405 0.088333 0.1775
0 0.6575003333333332 0.365 0.015000000000000001 0.0525
0 0.6366663333333334 0.359375 0.02 0.043750000000000004
0 0.5925003333333333 0.375625 0.02833299999999999 0.07375
0 0.5425003333333333 0.37125 0.025 0.0625
0 0.47666633333333347 0.368125 0.01666700000000001 0.051250000000000004
0 0.4650003333333333 0.36125 0.013332999999999989 0.0425
0 0.5008333333333331 0.385 0.03833299999999999 0.0925
0 0.41583333333333333 0.365 0.01833299999999999 0.0575
0 0.4450003333333334 0.420625 0.060000000000000005 0.16625
0 0.38916633333333334 0.42562500000000003 0.07500000000000001 0.18375
0 0.32500033333333334 0.359375 0.02 0.04875
0 0.3150003333333333 0.361875 0.01666700000000001 0.04875
0 0.30083333333333334 0.38125000000000003 0.02833299999999999 0.0825
0 0.2733333333333334 0.380625 0.030000000000000002 0.08125
0 0.025833333333333337 0.366875 0.028333000000000004 0.07625
0 0.014166333333333335 0.37875000000000003 0.028333000000000004 0.09
0 0.06333333333333334 0.37375 0.036667000000000005 0.0925
0 0.09750033333333336 0.366875 0.021667000000000013 0.05625
0 0.11916633333333333 0.3925 0.048332999999999994 0.1325
