0 0.5791663333333334 0.499375 0.48500000000000004 0.91125
0 0.6641663333333333 0.244375 0.058332999999999996 0.15625
0 0.3675003333333334 0.23 0.048332999999999994 0.11750000000000001
0 0.32500033333333334 0.2025 0.04333299999999999 0.095
0 0.2733333333333334 0.2025 0.030000000000000002 0.0775
0 0.24500033333333335 0.193125 0.026667000000000014 0.06125
0 0.22166633333333333 0.19 0.030000000000000002 0.0675
0 0.19750033333333336 0.1925 0.025 0.06
0 0.03166633333333334 0.195 0.02 0.0525
0 0.13833333333333334 0.19125 0.02666699999999999 0.0525
0 0.07500033333333334 0.051250000000000004 0.030000000000000002 0.06
0 0.09666633333333333 0.051250000000000004 0.03333299999999999 0.0625
0 0.2541663333333333 0.408125 0.01833299999999999 0.03625
0 0.22750033333333336 0.41875 0.021667000000000013 0.045
0 0.21000033333333332 0.37625000000000003 0.02666699999999999 0.05
0 0.10583333333333333 0.37 0.021667000000000013 0.0425
0 0.06416633333333335 0.364375 0.021667000000000002 0.043750000000000004
0 0.08500033333333334 0.373125 0.02 0.051250000000000004
0 0.07583333333333334 0.476875 0.028333000000000004 0.06125
0 0.06166633333333334 0.49062500000000003 0.026666999999999996 0.05625
0 0.08833333333333333 0.49 0.030000000000000002 0.06
