0 0.629375 0.5413533007518797 0.12125 0.5225560000000001
0 0.845 0.5310153007518796 0.14 0.5996240000000002
0 0.174375 0.6033833007518796 0.15375 0.6804509999999998
0 0.069375 0.3853383007518797 0.02625000000000001 0.097744
0 0.29937499999999995 0.3674813007518797 0.01875 0.09210500000000002
0 0.343125 0.3712403007518797 0.02375 0.09210500000000002
0 0.38125000000000003 0.3731203007518797 0.0225 0.084586
0 0.403125 0.36184230075187973 0.01625 0.08082700000000001
0 0.458125 0.36654130075187963 0.02375 0.09398500000000001
0 0.420625 0.3815793007518797 0.02625 0.120301
0 0.440625 0.37875930075187964 0.01875 0.11842100000000003
0 0.540625 0.3693613007518797 0.01875 0.11842100000000003
0 0.50375 0.37781930075187964 0.0275 0.109023
0 0.9275 0.5084583007518796 0.085 0.3101499999999999
