0 0.5850000000000001 0.5281953007518796 0.08750000000000001 0.394737
0 0.44 0.5422933007518798 0.085 0.3928569999999999
0 0.54 0.5469923007518797 0.0975 0.4248120000000001
0 0.465 0.46710530075187967 0.025 0.17105299999999996
0 0.733125 0.4445493007518797 0.02125 0.12593999999999994
0 0.753125 0.4530073007518796 0.03625 0.18421099999999996
0 0.609375 0.45582730075187966 0.03375 0.17481199999999997
0 0.655 0.44736830075187967 0.03 0.15037600000000007
0 0.6825 0.4436093007518797 0.03 0.15789499999999998
0 0.71125 0.4539473007518796 0.045 0.15225599999999995
