0 0.39083333333333337 0.344375 0.291667 0.58625
0 0.7583333333333334 0.414375 0.31 0.64625
0 0.13250033333333336 0.0925 0.03833299999999999 0.07
0 0.42833333333333334 0.07875 0.026666999999999965 0.0725
0 0.47000033333333335 0.0775 0.030000000000000002 0.075
0 0.48333333333333334 0.08375 0.03333299999999999 0.075
0 0.5008333333333334 0.085 0.031667000000000015 0.07
0 0.8825003333333334 0.09625 0.07166699999999993 0.17
0 0.8025003333333333 0.105625 0.06833299999999999 0.14875
0 0.7591663333333334 0.11125 0.07500000000000001 0.1625
0 0.6975003333333333 0.10875 0.078333 0.185
0 0.30416633333333337 0.315625 0.02833299999999999 0.06375
0 0.26750033333333334 0.325625 0.031667000000000015 0.07375
0 0.26250033333333334 0.341875 0.035 0.07125000000000001
0 0.11416633333333338 0.32875 0.028333000000000014 0.06
0 0.1400003333333333 0.3275 0.03666699999999999 0.0625
