0 0.5425003333333333 0.42312500000000003 0.17166700000000001 0.31625000000000003
0 0.17833333333333334 0.289375 0.08 0.24374999999999997
0 0.4133333333333334 0.349375 0.05666699999999997 0.13875
0 0.48416633333333337 0.3575 0.065 0.1575
0 0.6725003333333333 0.359375 0.06833299999999999 0.19875
0 0.7675003333333335 0.38375000000000004 0.09166700000000001 0.215
0 0.8208333333333334 0.356875 0.058332999999999996 0.16875
0 0.8816663333333334 0.35625 0.05666699999999992 0.185
0 0.9233333333333333 0.3575 0.05666699999999992 0.1925
0 0.9716663333333335 0.3325 0.05333300000000009 0.135
