0 0.32000033333333333 0.341875 0.17666700000000002 0.37125
0 0.09416633333333332 0.371875 0.188333 0.41625
0 0.8066663333333333 0.0475 0.03333299999999999 0.0675
0 0.8041663333333334 0.1875 0.025 0.06
0 0.9683333333333334 0.176875 0.026666999999999916 0.05375
0 0.7266663333333334 0.181875 0.01666700000000001 0.043750000000000004
0 0.6991663333333334 0.18375 0.021667000000000013 0.0525
0 0.8666663333333334 0.18 0.02 0.05
0 0.6766663333333334 0.19125 0.02 0.055
0 0.6600003333333335 0.195 0.026667000000000014 0.06
0 0.6333333333333334 0.1925 0.026667000000000014 0.0675
0 0.6166663333333334 0.195 0.026667000000000014 0.065
0 0.5966663333333334 0.195625 0.02 0.058750000000000004
0 0.5691663333333333 0.193125 0.025 0.06125
0 0.24583333333333335 0.235625 0.031667000000000015 0.08125
0 0.23000033333333336 0.22625 0.04 0.095
0 0.20416633333333334 0.225625 0.041667000000000017 0.11125
0 0.8475003333333335 0.3575 0.021667000000000013 0.0525
0 0.8225003333333335 0.35625 0.021667000000000013 0.0525
0 0.6675003333333333 0.333125 0.015000000000000001 0.02875
0 0.7058333333333334 0.348125 0.021667000000000013 0.043750000000000004
0 0.7083333333333334 0.36125 0.02 0.0425
0 0.6891663333333334 0.356875 0.021667000000000013 0.04625
0 0.7016663333333333 0.385625 0.02333299999999999 0.051250000000000004
0 0.6391663333333333 0.3525 0.01833299999999999 0.045
0 0.6200003333333334 0.35375 0.02 0.04
0 0.5416663333333332 0.405625 0.02333299999999999 0.051250000000000004
0 0.5350003333333334 0.416875 0.02 0.058750000000000004
0 0.5141663333333335 0.41125 0.021667000000000013 0.0525
0 0.5991663333333334 0.3975 0.025 0.0475
0 0.5925003333333334 0.41000000000000003 0.025 0.06
0 0.5808333333333334 0.4525 0.025 0.06
0 0.8116663333333333 0.460625 0.02333299999999999 0.05625
0 0.9566663333333335 0.43625 0.030000000000000002 0.05
0 0.9683333333333334 0.413125 0.026666999999999916 0.05375
0 0.9400003333333335 0.39937500000000004 0.023333000000000086 0.051250000000000004
0 0.9275003333333333 0.42875 0.03166699999999992 0.06
0 0.6466663333333335 0.03125 0.030000000000000002 0.0625
