0 0.63125 0.3066667777777778 0.04250000000000007 0.18222199999999997
0 0.48375 0.6166667777777778 0.045 0.23777799999999993
0 0.639375 0.8877777777777778 0.04125 0.19777799999999995
0 0.745 0.8711107777777779 0.055 0.23555600000000002
0 0.7987500000000001 0.6911107777777777 0.0525 0.2
0 0.87125 0.6622217777777778 0.0675 0.21333300000000002
0 0.9125 0.28999977777777775 0.0425 0.15777800000000003
0 0.87875 0.13888877777777778 0.035 0.157778
0 0.880625 0.16999977777777778 0.03375 0.14
0 0.911875 0.15222177777777776 0.03125 0.14888899999999997
0 0.909375 0.1866667777777778 0.04125 0.15111099999999997
0 0.759375 0.1377777777777778 0.02875 0.151111
