0 0.39583333333333337 0.36375 0.36166699999999996 0.725
0 0.48250033333333325 0.355 0.03833299999999999 0.0725
0 0.46250033333333346 0.374375 0.041667000000000017 0.09375
0 0.6083333333333334 0.389375 0.03666700000000001 0.08875
0 0.5708333333333334 0.389375 0.041667000000000017 0.08875
0 0.09750033333333336 0.395625 0.041667000000000017 0.09375
0 0.13916633333333334 0.389375 0.05166699999999999 0.10125
0 0.10083333333333334 0.42125 0.04500000000000001 0.1
0 0.9775003333333333 0.040625 0.028333000000000084 0.07625
0 0.9316663333333333 0.039375 0.026666999999999916 0.06625
0 0.9000003333333333 0.036875 0.030000000000000002 0.06375
0 0.8350003333333333 0.038125 0.02333299999999999 0.051250000000000004
0 0.7850003333333333 0.04 0.03333299999999999 0.0775
0 0.7508333333333334 0.04625 0.041667000000000017 0.0825
0 0.15750033333333335 0.065625 0.035 0.08125
0 0.19083333333333335 0.0575 0.048332999999999994 0.10250000000000001
0 0.11000033333333335 0.050625 0.05 0.09625
0 0.05416633333333334 0.049375 0.051667 0.09875
0 0.28833333333333333 0.0375 0.026667000000000014 0.0575
0 0.5208333333333334 0.494375 0.045000000000000005 0.09375
0 0.9716663333333335 0.465625 0.04 0.08375
