0 0.5068750000000001 0.6711107777777777 0.051250000000000004 0.2444439999999999
0 0.380625 0.20444477777777775 0.01875 0.10666700000000001
0 0.39937500000000004 0.19555577777777777 0.02375 0.12
0 0.47875 0.3511107777777779 0.03 0.16888900000000004
0 0.12437499999999999 0.39999977777777773 0.03125 0.15111099999999997
0 0.10187500000000001 0.4011107777777778 0.03125 0.184444
0 0.2475 0.35222177777777774 0.0275 0.15333300000000002
0 0.28124999999999994 0.3488887777777778 0.03 0.16444400000000003
0 0.28687500000000005 0.5788887777777778 0.04125 0.18888899999999997
0 0.3175 0.5755557777777779 0.040000000000000036 0.1955560000000001
0 0.625625 0.2155557777777778 0.02125 0.12
0 0.24875 0.44222177777777777 0.0375 0.182222
