0 0.5466663333333335 0.39937500000000004 0.31666700000000003 0.64375
0 0.07333333333333333 0.304375 0.026667 0.06625000000000003
0 0.06333333333333334 0.324375 0.07 0.11375
0 0.11416633333333336 0.330625 0.041667000000000017 0.12125
0 0.15666633333333335 0.31375000000000003 0.05 0.11750000000000001
0 0.19583333333333336 0.305625 0.055 0.12875
0 0.32083333333333336 0.30062500000000003 0.041667000000000017 0.10125
0 0.27750033333333335 0.296875 0.045000000000000005 0.10875000000000004
0 0.26583333333333337 0.316875 0.05166700000000001 0.13375
0 0.39416633333333334 0.34125 0.11833299999999995 0.3225
0 0.8600003333333333 0.42 0.27666699999999994 0.84
