0 0.246875 0.5977777777777777 0.09375 0.44444400000000006
0 0.699375 0.43888877777777774 0.02125 0.10444399999999998
0 0.5675 0.42666677777777784 0.025 0.12
0 0.179375 0.45444477777777775 0.05375 0.3577780000000001
0 0.153125 0.5111107777777778 0.06374999999999999 0.35555600000000004
0 0.09 0.5244447777777778 0.0625 0.35555600000000004
0 0.0275 0.5366667777777777 0.055 0.46444400000000013
0 0.93625 0.4533337777777778 0.0475 0.23111100000000004
0 0.9762500000000001 0.4777777777777778 0.0425 0.25777799999999995
0 0.950625 0.4611107777777778 0.03625 0.21555600000000003
