0 0.215625 0.7233337777777777 0.10375000000000001 0.49555600000000005
0 0.026875 0.6211107777777779 0.05375 0.3133329999999999
0 0.476875 0.48777777777777775 0.01875 0.09111100000000003
0 0.9756250000000001 0.5811107777777778 0.03875 0.22
0 0.798125 0.7222217777777777 0.10125 0.5333330000000001
0 0.76 0.7333337777777778 0.1075 0.511111
0 0.696875 0.6977777777777778 0.07625 0.42222200000000004
0 0.5975 0.7322217777777777 0.1075 0.513333
0 0.4425 0.6333337777777779 0.055 0.3377780000000001
0 0.375 0.5533337777777778 0.06 0.284444
0 0.338125 0.6311107777777779 0.05375 0.28
0 0.30312500000000003 0.6799997777777779 0.051250000000000004 0.27555599999999997
0 0.13625 0.6522217777777777 0.07249999999999998 0.36222199999999993
0 0.26562499999999994 0.6622217777777777 0.05625 0.30222199999999994
