0 0.555 0.7877777777777778 0.0725 0.3488890000000001
0 0.061875 0.7277777777777777 0.04875 0.3
0 0.251875 0.7088887777777778 0.04125 0.195556
0 0.21875 0.7299997777777778 0.0575 0.2777780000000001
0 0.29375 0.7488887777777778 0.0675 0.2888890000000001
0 0.5956250000000001 0.7177777777777777 0.04875 0.28
0 0.420625 0.7399997777777778 0.043750000000000004 0.24
0 0.39625 0.7344447777777777 0.045 0.23333299999999996
0 0.36312500000000003 0.7511107777777779 0.05375 0.27111100000000005
0 0.46875 0.7411107777777779 0.0625 0.31777799999999995
0 0.508125 0.7022217777777776 0.04125 0.195556
0 0.716875 0.7122217777777777 0.03375 0.1933330000000001
0 0.68375 0.7155557777777779 0.0375 0.26666699999999993
0 0.675 0.7433337777777776 0.0375 0.2822219999999999
0 0.6625 0.7699997777777777 0.045 0.3
0 0.759375 0.7499997777777777 0.06375 0.291111
0 0.79625 0.7099997777777778 0.045 0.255556
0 0.84125 0.7111107777777779 0.035 0.204444
0 0.8825000000000001 0.7366667777777778 0.0675 0.3
