0 0.25125000000000003 0.5088887777777777 0.1 0.47555600000000003
0 0.5625 0.48777777777777775 0.08750000000000001 0.41555599999999987
0 0.61125 0.4522217777777778 0.08499999999999994 0.41555599999999987
0 0.71 0.4177777777777778 0.0525 0.29333300000000007
0 0.669375 0.4111107777777779 0.04125 0.2800000000000001
0 0.68625 0.44111077777777774 0.0625 0.3355560000000001
0 0.465 0.3744447777777778 0.0225 0.10888900000000004
0 0.48375 0.3855557777777778 0.035 0.17111100000000004
0 0.5225000000000001 0.36777777777777776 0.0325 0.157778
0 0.5800000000000001 0.38666677777777775 0.0425 0.204444
