0 0.7775 0.5122217777777778 0.13 0.62
0 0.8775000000000001 0.47999977777777786 0.0925 0.44000000000000006
0 0.825625 0.1266667777777778 0.04625 0.222222
0 0.891875 0.08666677777777779 0.03625 0.17333300000000001
0 0.8718750000000001 0.12111077777777776 0.04125 0.197778
0 0.8718750000000001 0.2711107777777778 0.051250000000000004 0.24444400000000002
0 0.9712500000000001 0.49888877777777774 0.055 0.424444
0 0.47125 0.38888877777777775 0.0375 0.195556
0 0.24 0.4488887777777777 0.0375 0.17777800000000002
0 0.06937499999999999 0.5511107777777777 0.13875 0.8355560000000002
0 0.36375 0.4288887777777778 0.06 0.28444400000000003
