0 0.67 0.6077777777777778 0.16 0.7622220000000001
0 0.729375 0.5855557777777779 0.12625 0.7
0 0.7875 0.2622217777777778 0.025 0.146667
0 0.864375 0.2855557777777778 0.03125 0.15333299999999997
0 0.9175 0.25222177777777777 0.035 0.17111099999999999
0 0.953125 0.2955557777777777 0.03125 0.15111099999999997
0 0.820625 0.26111077777777775 0.02625 0.12666699999999997
0 0.604375 0.20777777777777778 0.02625 0.13111100000000003
0 0.628125 0.2088887777777778 0.02625 0.12444400000000001
0 0.650625 0.2199997777777778 0.02625 0.12888900000000003
0 0.5381250000000001 0.11111077777777778 0.01875 0.08888900000000001
0 0.563125 0.10444477777777779 0.02125 0.10222200000000001
0 0.5800000000000001 0.10555577777777779 0.02 0.10000000000000002
