0 0.6733333333333333 0.5375 0.35000000000000003 0.685
0 0.5191663333333334 0.45375 0.17166700000000001 0.47250000000000003
0 0.9775003333333333 0.320625 0.03833300000000009 0.11875000000000001
0 0.9158333333333334 0.31499999999999995 0.045000000000000005 0.14499999999999996
0 0.7900003333333334 0.315 0.04 0.12250000000000004
0 0.8175003333333333 0.3225 0.048332999999999994 0.14
0 0.8775003333333335 0.355625 0.07833300000000008 0.21375
0 0.4216663333333334 0.325625 0.05000000000000005 0.13125
0 0.37333333333333335 0.3325 0.05 0.145
0 0.017500333333333333 0.3575 0.035 0.2225
0 0.06166633333333334 0.349375 0.05 0.18125
0 0.12750033333333335 0.371875 0.058332999999999996 0.21875
0 0.18250033333333332 0.358125 0.041667000000000017 0.19625
0 0.24333333333333335 0.3075 0.03333299999999999 0.09999999999999996
0 0.23083333333333333 0.3275 0.035 0.1125
