0 0.483125 0.5933337777777777 0.13125 0.622222
0 0.378125 0.5988887777777777 0.11125 0.531111
0 0.26125 0.6733337777777777 0.075 0.40444399999999997
0 0.18125 0.6144447777777777 0.085 0.5355559999999999
0 0.065 0.5733337777777778 0.1075 0.5955560000000001
0 0.6162500000000002 0.5955557777777777 0.07000000000000008 0.38222199999999995
0 0.700625 0.6133337777777778 0.051250000000000004 0.328889
0 0.721875 0.6166667777777778 0.051250000000000004 0.34444400000000003
0 0.964375 0.6544447777777777 0.06875 0.544444
0 0.863125 0.6266667777777778 0.06875 0.555556
0 0.87875 0.6499997777777776 0.07 0.522222
0 0.785625 0.6611107777777777 0.09125 0.571111
0 0.584375 0.6099997777777778 0.09625 0.633333
