0 0.5725003333333334 0.448125 0.318333 0.55625
0 0.15666633333333332 0.5 0.31 0.6225
0 0.4700003333333333 0.045625 0.02333299999999999 0.06625
0 0.45333333333333337 0.045625 0.026667000000000014 0.06375
0 0.11000033333333335 0.04875 0.026667000000000014 0.06
0 0.15666633333333332 0.051875000000000004 0.02666699999999999 0.05375
0 0.21166633333333335 0.05375 0.02 0.0475
0 0.22583333333333336 0.18 0.01833299999999999 0.0425
0 0.20833333333333334 0.178125 0.02 0.04875
0 0.15750033333333335 0.185 0.025 0.05
0 0.13583333333333333 0.18812500000000001 0.021667000000000013 0.051250000000000004
0 0.11000033333333335 0.183125 0.02333299999999999 0.05375
0 0.06416633333333334 0.184375 0.025 0.05625
0 0.05416633333333334 0.18875 0.028333000000000007 0.06
0 0.49833333333333335 0.1825 0.01666700000000001 0.0525
0 0.5183333333333333 0.181875 0.02 0.05375
0 0.5450003333333333 0.178125 0.02333299999999999 0.05625
0 0.6000003333333332 0.17375000000000002 0.02 0.0425
0 0.5866663333333334 0.17625 0.02 0.0475
0 0.6158333333333335 0.178125 0.025 0.05625
0 0.6383333333333334 0.18125 0.030000000000000002 0.0675
0 0.8516663333333333 0.215625 0.05333299999999999 0.13375
0 0.8016663333333334 0.19125 0.04 0.11
0 0.8258333333333334 0.211875 0.058333000000000086 0.14875
0 0.37333333333333335 0.356875 0.01666700000000001 0.043750000000000004
0 0.26000033333333333 0.34875 0.01666700000000001 0.0425
0 0.24750033333333335 0.34875 0.015000000000000001 0.045
0 0.19500033333333336 0.37375 0.02 0.0425
0 0.17916633333333334 0.385 0.021667000000000013 0.05
0 0.28583333333333333 0.375625 0.021667000000000013 0.04875
0 0.3775003333333333 0.419375 0.031667000000000015 0.051250000000000004
0 0.27750033333333335 0.416875 0.021667000000000013 0.051250000000000004
0 0.2833333333333333 0.449375 0.02333299999999999 0.051250000000000004
0 0.28583333333333333 0.47500000000000003 0.025 0.0575
