0 0.160625 0.6199997777777778 0.10875 0.52
0 0.48625 0.6355557777777777 0.0975 0.4622220000000001
0 0.6525 0.5877777777777777 0.0775 0.38
0 0.9762500000000001 0.4888887777777778 0.0375 0.21333300000000002
0 0.868125 0.4688887777777778 0.03125 0.15111100000000002
0 0.9081250000000001 0.5633337777777777 0.06875 0.375556
0 0.818125 0.5322217777777778 0.05375 0.2866669999999999
0 0.771875 0.5988887777777777 0.05375 0.3355560000000001
0 0.721875 0.5055557777777777 0.051250000000000004 0.24666699999999997
0 0.618125 0.48555577777777786 0.03125 0.1933330000000001
0 0.57125 0.46666677777777776 0.0375 0.17777800000000002
0 0.5387500000000001 0.47444477777777777 0.035 0.17111100000000004
0 0.42 0.45111077777777775 0.025 0.12
0 0.44375000000000003 0.5066667777777778 0.035 0.21777799999999994
0 0.39375 0.4577777777777778 0.0325 0.15555600000000003
0 0.35625 0.47555577777777774 0.035 0.17777800000000002
0 0.313125 0.5133337777777778 0.03625 0.17333300000000001
0 0.283125 0.4811107777777777 0.02875 0.2066669999999999
0 0.254375 0.5166667777777779 0.02875 0.14000000000000007
0 0.24 0.47999977777777775 0.0325 0.17333299999999996
0 0.22125 0.4922217777777778 0.03 0.19777800000000006
0 0.13999999999999999 0.4933337777777778 0.035 0.20888899999999996
0 0.1 0.4899997777777777 0.0375 0.2066669999999999
0 0.02125 0.5066667777777779 0.0425 0.24888900000000003
0 0.04625 0.5011107777777778 0.0325 0.21555600000000003
