0 0.3125 0.5588887777777778 0.16250000000000003 0.7755559999999999
0 0.93875 0.31666677777777774 0.0325 0.22444400000000006
0 0.895 0.35222177777777774 0.06 0.4066669999999999
0 0.74375 0.27666677777777776 0.0375 0.21111099999999997
0 0.705 0.27111077777777776 0.035 0.217778
0 0.685625 0.27555577777777784 0.02875 0.17777800000000002
0 0.651875 0.2844447777777777 0.03125 0.15111099999999997
0 0.631875 0.2777777777777778 0.02374999999999993 0.137778
0 0.59125 0.28333377777777774 0.0325 0.184444
0 0.550625 0.3377777777777778 0.06125 0.244444
0 0.495 0.2722217777777778 0.035 0.18888899999999997
0 0.47375 0.27777777777777785 0.025 0.20444400000000001
0 0.415625 0.2955557777777778 0.03125 0.21777800000000003
0 0.451875 0.31222177777777776 0.05625 0.24666699999999997
0 0.64875 0.5533337777777779 0.11750000000000001 0.5244440000000001
0 0.80875 0.4477777777777778 0.1125 0.54
0 0.39125 0.3033337777777778 0.0325 0.18888899999999997
0 0.359375 0.2811107777777778 0.02625 0.18444400000000002
0 0.150625 0.2933337777777778 0.038749999999999986 0.19111100000000003
0 0.10625 0.29222177777777775 0.0275 0.18888899999999997
0 0.058750000000000004 0.30222177777777776 0.0325 0.195556
