0 0.42875 0.5511107777777777 0.185 0.88
0 0.32375 0.31111077777777774 0.0325 0.17777799999999996
0 0.293125 0.31222177777777776 0.03375 0.20222200000000007
0 0.26 0.3277777777777778 0.045 0.24666699999999997
0 0.230625 0.3355557777777778 0.03625 0.253333
0 0.210625 0.3333337777777778 0.03375 0.26222200000000007
0 0.185625 0.3355557777777778 0.04125 0.25777800000000006
0 0.149375 0.34222177777777774 0.02875 0.26666699999999993
0 0.12125 0.3433337777777778 0.0425 0.26888900000000004
0 0.089375 0.32888877777777775 0.04125 0.311111
0 0.050625 0.34999977777777774 0.043750000000000004 0.304444
0 0.0175 0.3466667777777778 0.035 0.29333299999999995
0 0.96875 0.2744447777777778 0.0375 0.23777800000000002
0 0.93375 0.29777777777777775 0.035 0.22666699999999998
0 0.878125 0.31111077777777774 0.043750000000000004 0.21333300000000002
0 0.813125 0.2833337777777777 0.03875 0.21111099999999997
0 0.7825 0.31111077777777774 0.04 0.21777799999999997
0 0.730625 0.30999977777777776 0.03875 0.21555600000000003
0 0.70375 0.2888887777777778 0.035 0.24
0 0.6843750000000001 0.30555577777777787 0.02875 0.22888900000000004
0 0.660625 0.29222177777777775 0.03625 0.21555599999999994
0 0.625625 0.29222177777777775 0.03875000000000007 0.24666699999999997
0 0.59125 0.30222177777777776 0.0325 0.23111100000000004
0 0.5593750000000001 0.30999977777777776 0.03625 0.22444399999999998
0 0.5118750000000001 0.32111077777777775 0.02625 0.16666699999999998
0 0.5337500000000001 0.2988887777777778 0.03 0.21111100000000002
0 0.5068750000000001 0.29666677777777783 0.02875 0.20666700000000002
0 0.37 0.5533337777777778 0.1775 0.844444
