0 0.5075000000000001 0.5322217777777778 0.17 0.891111
0 0.38 0.29777777777777775 0.0225 0.15111100000000002
0 0.3525 0.3255557777777778 0.0375 0.264444
0 0.32937500000000003 0.32444477777777775 0.02875 0.266667
0 0.30875 0.3255557777777778 0.0325 0.2777780000000001
0 0.278125 0.3299997777777778 0.03875 0.27333299999999994
0 0.25125000000000003 0.31888877777777774 0.035 0.255556
0 0.2225 0.3277777777777778 0.035 0.26444400000000007
0 0.1875 0.31555577777777777 0.0375 0.328889
0 0.15 0.3333337777777778 0.045 0.28
0 0.11625 0.33999977777777785 0.0475 0.275556
0 0.085625 0.3744447777777777 0.04125 0.20222199999999999
0 0.06125 0.33555577777777773 0.0375 0.271111
0 0.045625 0.34444477777777777 0.08125 0.33333299999999993
0 0.424375 0.29222177777777775 0.03875 0.19777799999999998
0 0.535625 0.28333377777777774 0.03375 0.22444399999999998
0 0.589375 0.30222177777777776 0.01625 0.16888899999999998
0 0.609375 0.30222177777777776 0.02625 0.16888899999999998
0 0.5693750000000001 0.2866667777777778 0.02625 0.2
0 0.625 0.28333377777777774 0.0275 0.20666700000000002
0 0.650625 0.28444477777777777 0.02875 0.204444
0 0.9775 0.2911107777777778 0.0325 0.24
0 0.913125 0.2633337777777778 0.03375 0.20666699999999993
0 0.8768750000000001 0.29222177777777775 0.03875 0.23333300000000004
0 0.82625 0.2933337777777778 0.035 0.22222200000000003
0 0.801875 0.26888877777777775 0.03375 0.24444399999999997
0 0.7781250000000001 0.28111077777777776 0.03125 0.22444400000000006
0 0.755625 0.2655557777777778 0.03125 0.20222199999999999
0 0.721875 0.2722217777777778 0.043750000000000004 0.251111
0 0.67875 0.28222177777777774 0.04 0.22222200000000003
