0 0.031875 0.5499997777777778 0.06375 0.455556
0 0.1975 0.6644447777777778 0.14 0.6488889999999999
0 0.106875 0.5099997777777777 0.04125 0.268889
0 0.2625 0.5522217777777778 0.0475 0.335556
0 0.31625000000000003 0.49555577777777776 0.06 0.35555600000000004
0 0.385 0.5599997777777777 0.045 0.35111099999999995
0 0.44 0.5066667777777778 0.045 0.324444
0 0.481875 0.5022217777777778 0.04625 0.328889
0 0.4525 0.5611107777777777 0.0425 0.36666699999999997
0 0.530625 0.5344447777777777 0.05625 0.3399999999999999
0 0.681875 0.5511107777777777 0.051250000000000004 0.3466669999999999
0 0.619375 0.6066667777777778 0.06375 0.448889
