0 0.320625 0.5888887777777778 0.15125 0.777778
0 0.719375 0.5999997777777778 0.13875 0.7377779999999999
0 0.245625 0.5799997777777778 0.15125 0.777778
0 0.25125000000000003 0.39555577777777773 0.0225 0.146667
0 0.225 0.3944447777777778 0.025 0.162222
0 0.208125 0.39555577777777773 0.01875 0.146667
0 0.171875 0.39111077777777775 0.01875 0.12888899999999998
0 0.1875 0.3933337777777778 0.025 0.15555600000000003
0 0.12875 0.3733337777777778 0.0225 0.12888899999999998
0 0.059375000000000004 0.3999997777777778 0.03375 0.204444
0 0.06625 0.4088887777777778 0.0275 0.195556
0 0.0125 0.4088887777777778 0.025 0.21333300000000002
0 0.0325 0.41222177777777774 0.0225 0.206667
0 0.43125 0.3988887777777777 0.0225 0.157778
0 0.415625 0.38666677777777775 0.02125 0.16888899999999998
0 0.400625 0.3977777777777778 0.02125 0.15111100000000002
0 0.38375000000000004 0.3888887777777777 0.02 0.15111099999999997
0 0.36625 0.3855557777777778 0.0275 0.17111100000000004
0 0.54625 0.40444477777777776 0.025 0.15555600000000003
0 0.571875 0.39999977777777773 0.02625 0.146667
0 0.606875 0.4099997777777778 0.02375 0.135556
0 0.63375 0.39666677777777776 0.0225 0.157778
0 0.769375 0.40666677777777777 0.03375 0.19111100000000003
0 0.9556250000000001 0.43555577777777776 0.043750000000000004 0.24
0 0.8300000000000001 0.4011107777777778 0.03 0.18
0 0.478125 0.5899997777777778 0.17125 0.811111
