0 0.58375 0.5577777777777778 0.135 0.844444
0 0.460625 0.5744447777777778 0.14375000000000002 0.7844439999999998
0 0.949375 0.34444477777777777 0.02875 0.244444
0 0.971875 0.3444447777777778 0.043750000000000004 0.24888900000000003
0 0.913125 0.34333377777777774 0.04125 0.23333299999999998
0 0.885 0.3222217777777778 0.035 0.25777799999999995
0 0.8625 0.34222177777777774 0.0325 0.24
0 0.839375 0.32111077777777775 0.02875 0.20222200000000007
0 0.80625 0.3333337777777778 0.04 0.25777799999999995
0 0.7681250000000001 0.3333337777777778 0.03625 0.22666699999999998
0 0.739375 0.3411107777777778 0.03625 0.22444399999999998
0 0.706875 0.34222177777777774 0.03625 0.21777799999999997
0 0.685625 0.3611107777777778 0.03125 0.17111100000000004
0 0.669375 0.3611107777777778 0.02625 0.18
0 0.614375 0.3288887777777777 0.03625 0.19111099999999998
0 0.36625 0.37222177777777776 0.035 0.2866669999999999
0 0.34 0.37555577777777777 0.0325 0.275556
0 0.30437499999999995 0.3833337777777778 0.03624999999999996 0.277778
0 0.27375000000000005 0.36777777777777776 0.0325 0.313333
0 0.23375 0.3899997777777778 0.0475 0.32222199999999995
0 0.20125 0.3933337777777778 0.0375 0.28
0 0.170625 0.42999977777777776 0.03125 0.21555600000000003
0 0.144375 0.40999977777777785 0.03375 0.251111
0 0.1 0.3977777777777778 0.0325 0.284444
0 0.07 0.4099997777777778 0.03500000000000001 0.28666700000000006
0 0.039375 0.41888877777777783 0.03625 0.26444400000000007
0 0.0125 0.40555577777777774 0.025 0.291111
