0 0.5908333333333333 0.548125 0.385 0.7887500000000001
0 0.8091663333333334 0.09625 0.021667000000000013 0.0675
0 0.7941663333333334 0.0975 0.031667000000000015 0.065
0 0.5133333333333334 0.11125 0.026667000000000014 0.0475
0 0.5425003333333333 0.104375 0.031667000000000015 0.06125
0 0.8041663333333333 0.2325 0.02833299999999999 0.06
0 0.4300003333333334 0.2325 0.02 0.0425
0 0.4108333333333334 0.241875 0.025 0.06125
0 0.27750033333333335 0.244375 0.035 0.07375
0 0.8866663333333334 0.2275 0.023333000000000086 0.045
0 0.9116663333333332 0.2325 0.030000000000000002 0.0575
0 0.9358333333333334 0.240625 0.035 0.07125000000000001
0 0.9575003333333333 0.240625 0.035 0.07625
0 0.17166633333333334 0.250625 0.030000000000000002 0.07875
0 0.15250033333333332 0.26 0.045000000000000005 0.09
0 0.10166633333333333 0.276875 0.04333299999999999 0.10875
0 0.06250033333333334 0.2725 0.06166699999999999 0.11750000000000001
0 0.8316663333333333 0.460625 0.02333299999999999 0.043750000000000004
0 0.9283333333333333 0.510625 0.033333000000000085 0.06375
0 0.8966663333333335 0.50875 0.03666699999999992 0.08
0 0.4608333333333334 0.383125 0.01833299999999999 0.03375
0 0.42666633333333337 0.385 0.016666999999999963 0.0375
0 0.45083333333333336 0.43 0.01833299999999999 0.0325
0 0.47416633333333347 0.4175 0.021667000000000013 0.05
0 0.4316663333333334 0.41625 0.02 0.0425
0 0.4108333333333334 0.42125 0.01833299999999999 0.05
0 0.29666633333333337 0.46625 0.026667000000000014 0.0575
0 0.29500033333333336 0.499375 0.026667000000000014 0.05375
