0 0.6983333333333334 0.444375 0.3733330000000001 0.74875
0 0.5208333333333334 0.373125 0.22833300000000006 0.52375
0 0.060833333333333336 0.38875 0.025 0.055
0 0.09166633333333332 0.424375 0.03333299999999999 0.06125
0 0.12833333333333335 0.45625 0.03333299999999999 0.0625
0 0.07666633333333332 0.438125 0.033333 0.06625
0 0.030000333333333334 0.42375 0.030000000000000002 0.055
0 0.04833333333333334 0.17875 0.030000000000000002 0.0675
0 0.06416633333333335 0.180625 0.03500000000000002 0.06375
0 0.11916633333333333 0.18875 0.035 0.08
0 0.15416633333333332 0.18875 0.031667000000000015 0.0775
