0 0.30250033333333337 0.4375 0.2616669999999999 0.5625
0 0.45166633333333334 0.378125 0.21333299999999997 0.50625
0 0.6466663333333335 0.36 0.233333 0.56
0 0.9316663333333333 0.028125 0.033333000000000085 0.05625
0 0.8558333333333333 0.166875 0.018333000000000085 0.043750000000000004
0 0.8408333333333334 0.16625 0.01833299999999999 0.0475
0 0.8266663333333334 0.16625 0.02 0.0525
0 0.7933333333333333 0.171875 0.026667000000000014 0.06125
0 0.7675003333333333 0.17 0.025 0.065
0 0.7291663333333334 0.169375 0.025 0.058750000000000004
0 0.5641663333333332 0.184375 0.02833299999999999 0.06875
0 0.5416663333333334 0.180625 0.030000000000000002 0.07875
0 0.7575003333333333 0.38 0.01833299999999999 0.05
0 0.7958333333333334 0.38375000000000004 0.02833299999999999 0.0525
0 0.7900003333333335 0.324375 0.01666700000000001 0.03625
0 0.8291663333333334 0.33125 0.01833299999999999 0.0375
0 0.8108333333333334 0.336875 0.021667000000000013 0.04875
0 0.8466663333333335 0.34125 0.020000000000000098 0.045
0 0.8633333333333334 0.336875 0.02 0.043750000000000004
0 0.8558333333333333 0.3425 0.018333000000000085 0.0475
0 0.8883333333333334 0.34875 0.02 0.0475
0 0.8800003333333333 0.3675 0.026666999999999916 0.0525
0 0.9266663333333333 0.336875 0.023333000000000086 0.04875
0 0.9283333333333333 0.345625 0.023333000000000086 0.04625
0 0.9675003333333333 0.366875 0.028333000000000084 0.05375
0 0.9675003333333333 0.3825 0.028333000000000084 0.055
0 0.9583333333333334 0.42375 0.033333000000000085 0.0575
0 0.9375003333333333 0.465625 0.025 0.051250000000000004
0 0.04833333333333334 0.24875 0.09666700000000002 0.20500000000000002
