0 0.5333333333333333 0.483125 0.31 0.64625
0 0.30333333333333334 0.40750000000000003 0.276667 0.5925
0 0.6191663333333333 0.33625 0.24166700000000002 0.5125
0 0.6200003333333333 0.04125 0.02333299999999999 0.06
0 0.5975003333333333 0.039375 0.02833299999999999 0.06625
0 0.40916633333333335 0.048125 0.021667000000000013 0.043750000000000004
0 0.3150003333333333 0.039375 0.026667000000000014 0.06125
0 0.20833333333333334 0.1825 0.026667000000000014 0.0575
0 0.043333333333333335 0.45937500000000003 0.033332999999999995 0.06625
0 0.09416633333333332 0.455625 0.02833299999999999 0.06875
0 0.10916633333333338 0.43 0.028333000000000014 0.065
0 0.19916633333333336 0.42875 0.025 0.0625
0 0.7475003333333333 0.176875 0.02833299999999999 0.05625
0 0.9675003333333333 0.214375 0.058333000000000086 0.13875
0 0.8908333333333334 0.21125 0.07500000000000001 0.15
0 0.6750003333333334 0.36312500000000003 0.02 0.04875
0 0.7241663333333335 0.17875 0.021667000000000013 0.0525
