0 0.5858333333333333 0.46875 0.2983330000000001 0.5975
0 0.28750033333333336 0.418125 0.24166700000000002 0.58875
0 0.44833333333333336 0.359375 0.19666699999999998 0.52875
0 0.8266663333333335 0.248125 0.0900000000000001 0.18125
0 0.9016663333333335 0.24625 0.08333300000000009 0.1675
0 0.15416633333333332 0.0475 0.02833299999999999 0.0675
0 0.12333333333333334 0.043125000000000004 0.026667000000000014 0.06875
0 0.19000033333333335 0.180625 0.02 0.051250000000000004
0 0.16916633333333334 0.180625 0.02166699999999999 0.051250000000000004
0 0.12583333333333335 0.1875 0.021667000000000013 0.055
0 0.12000033333333335 0.358125 0.023333000000000013 0.04875
0 0.1050003333333333 0.36625 0.02666699999999999 0.0475
0 0.030833333333333334 0.385 0.025 0.05
0 0.06500033333333335 0.403125 0.026667 0.058750000000000004
0 0.09500033333333334 0.39937500000000004 0.023333000000000013 0.051250000000000004
0 0.09750033333333336 0.418125 0.02833299999999999 0.05375
0 0.11416633333333338 0.48562500000000003 0.028333000000000014 0.04875
0 0.48833333333333334 0.225625 0.046667000000000014 0.10375000000000001
0 0.6875003333333334 0.23875000000000002 0.065 0.17250000000000001
