0 0.33000033333333334 0.3275 0.19666700000000006 0.4475
0 0.7866663333333332 0.33187500000000003 0.193333 0.41375
0 0.47416633333333336 0.35875 0.2216670000000001 0.47500000000000003
0 0.020833333333333336 0.18375 0.041667000000000017 0.095
0 0.042500333333333334 0.19187500000000002 0.041667000000000017 0.09125
0 0.060833333333333336 0.18 0.03166700000000001 0.0725
0 0.09916633333333334 0.184375 0.03166699999999999 0.07125000000000001
0 0.13083333333333333 0.179375 0.031667000000000015 0.07375
0 0.1666663333333334 0.18812500000000001 0.04333300000000002 0.09875
0 0.9625003333333333 0.206875 0.04166699999999992 0.12375
