0 0.5075003333333333 0.41875 0.298333 0.6
0 0.3766663333333333 0.04875 0.02333299999999999 0.065
0 0.35416633333333336 0.05 0.025 0.065
0 0.16166633333333336 0.058750000000000004 0.02 0.0475
0 0.2525003333333333 0.058750000000000004 0.021667000000000013 0.0475
0 0.3675003333333334 0.18625 0.025 0.0475
0 0.34666633333333335 0.184375 0.02333299999999999 0.051250000000000004
0 0.33333333333333337 0.186875 0.02 0.04625
0 0.12666633333333335 0.18125 0.02 0.0425
0 0.07833333333333334 0.18875 0.02 0.045
0 0.044166333333333335 0.1825 0.018332999999999995 0.04
0 0.010000333333333333 0.18812500000000001 0.02 0.04875
0 0.06583333333333334 0.18625 0.015000000000000001 0.04
0 0.5725003333333335 0.194375 0.031667000000000015 0.08625000000000001
0 0.6500003333333335 0.195625 0.03666700000000001 0.09125
0 0.6816663333333335 0.19187500000000002 0.03666700000000001 0.08875
0 0.40166633333333335 0.346875 0.02 0.04125
0 0.35416633333333336 0.3625 0.021667000000000013 0.0475
0 0.33666633333333335 0.3625 0.02 0.0475
0 0.30000033333333337 0.366875 0.01666700000000001 0.03875
0 0.3125003333333333 0.36375 0.01833299999999999 0.0375
0 0.32000033333333333 0.408125 0.02 0.043750000000000004
0 0.32333333333333336 0.4225 0.02 0.045
0 0.29083333333333333 0.43375 0.025 0.045
0 0.29500033333333336 0.469375 0.02333299999999999 0.051250000000000004
0 0.19083333333333335 0.36312500000000003 0.021667000000000013 0.043750000000000004
0 0.19500033333333336 0.42625 0.02333299999999999 0.0575
0 0.1525003333333333 0.384375 0.02166699999999999 0.05625
0 0.12500033333333335 0.395 0.026667000000000014 0.05
0 0.10500033333333332 0.39 0.02 0.05
0 0.07666633333333332 0.385625 0.023333000000000003 0.05375
0 0.06416633333333334 0.39437500000000003 0.025 0.05375
0 0.027500333333333335 0.41375 0.025 0.05
