0 0.5683333333333334 0.344375 0.173333 0.34875
0 0.6691663333333333 0.355625 0.168333 0.38875
0 0.03166633333333334 0.0725 0.033333 0.0675
0 0.011666333333333334 0.0725 0.023333000000000003 0.065
0 0.044166333333333335 0.20750000000000002 0.018332999999999995 0.05
0 0.10750033333333335 0.214375 0.025 0.06375
0 0.12166633333333333 0.215625 0.02333299999999999 0.05625
0 0.15250033333333332 0.213125 0.025 0.058750000000000004
0 0.32416633333333333 0.22625 0.035 0.08
0 0.26583333333333337 0.216875 0.025 0.06125
0 0.23750033333333337 0.2225 0.02833299999999999 0.0675
0 0.24833333333333335 0.229375 0.03333299999999999 0.08125
0 0.7633333333333334 0.304375 0.09666700000000002 0.24875000000000005
0 0.13583333333333333 0.405 0.01833299999999999 0.0475
0 0.15333333333333335 0.44375000000000003 0.02333299999999999 0.045
0 0.018333333333333333 0.388125 0.02 0.04125
0 0.06166633333333334 0.405625 0.023333000000000007 0.04875
0 0.06166633333333334 0.420625 0.030000000000000002 0.051250000000000004
0 0.010000333333333333 0.42312500000000003 0.02 0.051250000000000004
0 0.013333333333333334 0.5018750000000001 0.026667 0.05625
