0 0.5733333333333334 0.375625 0.17 0.39375
0 0.6600003333333333 0.38375000000000004 0.193333 0.42
0 0.32250033333333333 0.093125 0.02833299999999999 0.06375
0 0.29916633333333337 0.0925 0.025 0.0625
0 0.10666633333333334 0.1 0.02333299999999999 0.045
0 0.06750033333333334 0.093125 0.028333000000000004 0.058750000000000004
0 0.04500033333333334 0.09375 0.030000000000000002 0.06
0 0.025833333333333337 0.231875 0.025 0.051250000000000004
0 0.060000333333333336 0.2325 0.030000000000000002 0.0575
0 0.32000033333333333 0.22125 0.02 0.05
0 0.38166633333333333 0.225625 0.02333299999999999 0.051250000000000004
0 0.40000033333333335 0.22375 0.02333299999999999 0.0525
0 0.4241663333333334 0.225625 0.021667000000000013 0.04875
0 0.49416633333333326 0.235625 0.02833299999999999 0.07125000000000001
0 0.5125003333333333 0.236875 0.02833299999999999 0.07125000000000001
0 0.5325003333333332 0.235625 0.031667000000000015 0.08125
0 0.36666633333333337 0.41375 0.02 0.05
0 0.34833333333333333 0.404375 0.02 0.043750000000000004
0 0.40333333333333343 0.44625000000000004 0.026667000000000014 0.0425
0 0.29083333333333333 0.41875 0.021667000000000013 0.0475
0 0.26333333333333336 0.418125 0.02 0.04125
0 0.22333333333333336 0.420625 0.02 0.043750000000000004
0 0.24000033333333337 0.439375 0.02333299999999999 0.04875
0 0.26333333333333336 0.46125 0.02333299999999999 0.05
0 0.24500033333333335 0.46125 0.02 0.05
0 0.17500033333333334 0.42375 0.02 0.0475
0 0.16083333333333336 0.419375 0.01833299999999999 0.051250000000000004
0 0.020833333333333336 0.41875 0.025 0.0525
0 0.044166333333333335 0.43 0.025 0.0525
