0 0.5500003333333334 0.368125 0.123333 0.24625
0 0.9083333333333334 0.381875 0.13666699999999993 0.24375
0 0.13416633333333336 0.27375 0.041667000000000017 0.12499999999999997
0 0.19750033333333336 0.306875 0.041667000000000017 0.12875
0 0.24750033333333335 0.3175 0.025 0.08500000000000003
0 0.27750033333333335 0.3225 0.031667000000000015 0.10250000000000001
0 0.30250033333333337 0.320625 0.025 0.08375
0 0.34166633333333335 0.315625 0.02 0.08625000000000001
0 0.3741663333333333 0.33125 0.035 0.105
0 0.41750033333333336 0.32125 0.025 0.0725
0 0.43583333333333335 0.316875 0.01833299999999999 0.08375
0 0.47250033333333347 0.31375000000000003 0.021667000000000013 0.07
0 0.4475003333333333 0.32937500000000003 0.02833299999999999 0.09875
0 0.49000033333333326 0.325625 0.03333299999999999 0.09375
0 0.6175003333333333 0.32 0.01833299999999999 0.065
0 0.5991663333333332 0.326875 0.02833299999999999 0.08125
0 0.6533333333333333 0.325625 0.04333299999999999 0.09375
0 0.7275003333333334 0.3325 0.035 0.085
0 0.7641663333333335 0.325 0.031667000000000015 0.075
0 0.7958333333333334 0.330625 0.03833299999999999 0.09875
0 0.8158333333333334 0.35875 0.06833299999999999 0.1975
0 0.8908333333333334 0.366875 0.07166699999999993 0.19875
0 0.9641663333333335 0.375 0.065 0.195
0 0.6875003333333333 0.30875 0.01833299999999999 0.04
