0 0.6150003333333333 0.438125 0.303333 0.69625
0 0.09666633333333334 0.13375 0.02666699999999999 0.0525
0 0.12333333333333334 0.134375 0.02333299999999999 0.04875
0 0.17166633333333334 0.14125000000000001 0.02333299999999999 0.05500000000000002
0 0.20166633333333334 0.14250000000000002 0.02666699999999999 0.057500000000000016
0 0.22166633333333333 0.140625 0.030000000000000002 0.06125
0 0.2516663333333333 0.1375 0.03333299999999999 0.06749999999999999
0 0.3150003333333333 0.144375 0.026667000000000014 0.06125
0 0.3925003333333334 0.143125 0.025 0.06125
0 0.43083333333333335 0.165 0.035 0.105
0 0.4700003333333333 0.163125 0.04333299999999999 0.10125
0 0.9325003333333333 0.16625 0.055 0.135
0 0.7600003333333334 0.17875 0.060000000000000005 0.1325
0 0.7158333333333334 0.1875 0.055 0.155
0 0.21666633333333335 0.378125 0.030000000000000002 0.051250000000000004
0 0.08166633333333335 0.403125 0.026667 0.058750000000000004
0 0.04750033333333334 0.388125 0.028333000000000004 0.051250000000000004
0 0.04916633333333334 0.413125 0.025 0.051250000000000004
