0 0.5933333333333334 0.47000000000000003 0.44 0.88
0 0.8800003333333333 0.091875 0.026666999999999916 0.06375
0 0.8333333333333334 0.089375 0.03333299999999999 0.07375
0 0.7900003333333335 0.094375 0.026667000000000014 0.06375
0 0.7566663333333334 0.095625 0.026667000000000014 0.06375
0 0.33500033333333334 0.108125 0.02333299999999999 0.051250000000000004
0 0.3091663333333334 0.108125 0.02833299999999999 0.06375
0 0.27750033333333335 0.113125 0.021667000000000013 0.05625
0 0.23750033333333337 0.12375 0.031667000000000015 0.075
0 0.26416633333333334 0.11750000000000001 0.02833299999999999 0.065
0 0.18083333333333335 0.11625 0.02833299999999999 0.0675
0 0.16416633333333333 0.136875 0.03166699999999999 0.06875
0 0.39666633333333334 0.281875 0.02333299999999999 0.04625
0 0.49333333333333335 0.3425 0.030000000000000002 0.0625
0 0.08083333333333334 0.13625 0.045000000000000005 0.08749999999999998
0 0.6883333333333332 0.09375 0.02333299999999999 0.0575
