0 0.31313149831649834 0.4575 0.16835 0.335
0 0.4604374983164983 0.529375 0.13299700000000003 0.26375
0 0.5917504983164983 0.571875 0.18013499999999996 0.35625
0 0.9242424983164983 0.409375 0.13467999999999994 0.35875
0 0.7188554983164983 0.26875 0.09764299999999995 0.25
0 0.6077444983164982 0.193125 0.09427599999999994 0.25125000000000003
0 0.14225549831649834 0.1825 0.09932699999999998 0.305
0 0.06986549831649831 0.170625 0.085859 0.25375000000000003
0 0.6792924983164984 0.090625 0.08922600000000001 0.18125
0 0.5959594983164983 0.09125 0.10100999999999996 0.1825
