0 0.36666633333333337 0.33125 0.25666700000000003 0.515
0 0.9775003333333333 0.13125 0.028333000000000084 0.0825
0 0.9000003333333333 0.12625 0.026666999999999916 0.0675
0 0.8633333333333334 0.139375 0.04 0.06375
0 0.8625003333333335 0.129375 0.03833300000000009 0.08125
0 0.8008333333333334 0.135625 0.041667000000000017 0.09625
0 0.6991663333333334 0.14875 0.045000000000000005 0.1125
0 0.5641663333333333 0.143125 0.035 0.10375000000000001
0 0.5908333333333333 0.148125 0.041667000000000017 0.11375
0 0.6241663333333333 0.1475 0.048332999999999994 0.11
0 0.22333333333333336 0.174375 0.08 0.18625
0 0.05750033333333335 0.21375 0.115 0.24
0 0.7208333333333333 0.51 0.045000000000000005 0.10250000000000001
0 0.6016663333333334 0.484375 0.04 0.08875
0 0.9641663333333335 0.373125 0.035 0.07125000000000001
0 0.9791663333333332 0.3825 0.03166699999999992 0.0725
