0 0.3383834983164983 0.6525 0.181818 0.36
0 0.5614474983164983 0.7993750000000001 0.21043800000000001 0.38875
0 0.7828284983164984 0.761875 0.16498300000000002 0.32875
0 0.9368684983164983 0.8043750000000001 0.11279499999999998 0.38125000000000003
0 0.38299649831649835 0.08375 0.102694 0.1675
0 0.5858584983164983 0.325625 0.10774399999999998 0.31375000000000003
0 0.6952864983164982 0.255625 0.13804699999999995 0.26625
0 0.7112794983164984 0.45687500000000003 0.17003400000000002 0.32125
0 0.9511784983164986 0.184375 0.08417500000000001 0.31375000000000003
0 0.8956224983164983 0.6431250000000001 0.15151499999999998 0.36625
