0 0.36583333333333334 0.309375 0.271667 0.54625
0 0.9141663333333335 0.100625 0.03166699999999992 0.07125000000000001
0 0.8816663333333334 0.1 0.026666999999999916 0.06
0 0.8166663333333334 0.11937500000000001 0.030000000000000002 0.07125000000000001
0 0.6683333333333333 0.10375000000000001 0.026667000000000014 0.07
0 0.7400003333333334 0.10625 0.04 0.09
0 0.7108333333333334 0.110625 0.035 0.08625000000000001
0 0.5983333333333334 0.123125 0.04 0.10875
0 0.5375003333333332 0.1225 0.045000000000000005 0.1075
0 0.5033333333333334 0.121875 0.03666700000000001 0.10375000000000001
0 0.4683333333333334 0.11937500000000001 0.04 0.10125
0 0.24666633333333335 0.14125 0.056667000000000016 0.14499999999999996
0 0.4683333333333334 0.520625 0.046667000000000014 0.11375
0 0.5116663333333334 0.433125 0.04 0.08125
0 0.8216663333333334 0.354375 0.030000000000000002 0.06625
0 0.8508333333333334 0.35125 0.028333000000000084 0.07
0 0.8633333333333334 0.3575 0.030000000000000002 0.06
0 0.8983333333333334 0.3675 0.030000000000000002 0.0675
0 0.9383333333333334 0.41375 0.033333000000000085 0.0725
0 0.9158333333333334 0.41375 0.035 0.0775
0 0.9025003333333335 0.45687500000000003 0.04166699999999992 0.09125
0 0.8800003333333333 0.509375 0.033333000000000085 0.08125
