0 0.5833334983164983 0.686875 0.1633 0.32375
0 0.19949449831649826 0.145 0.09595999999999998 0.1875
0 0.3089224983164984 0.3075 0.11279500000000002 0.24249999999999997
0 0.24747449831649831 0.32937500000000003 0.07407399999999999 0.22125
0 0.3383834983164983 0.2525 0.08417500000000001 0.23250000000000004
0 0.6868684983164984 0.23125 0.10437699999999997 0.20750000000000002
0 0.6860264983164983 0.32625 0.119529 0.2325
0 0.7045454983164983 0.4625 0.122896 0.33
0 0.8409094983164983 0.49312500000000004 0.10269399999999995 0.30875
0 0.1506734983164983 0.414375 0.11279499999999998 0.29125
0 0.2870374983164983 0.42375 0.09932699999999998 0.2675
