0 0.6355214983164983 0.43 0.14646499999999996 0.305
0 0.6616164983164982 0.49062500000000003 0.117845 0.26375
0 0.1372054983164983 0.105625 0.10942799999999997 0.21125
0 0.33501649831649827 0.18937500000000002 0.10774400000000003 0.22875
0 0.2154884983164983 0.27125000000000005 0.09764299999999998 0.2849999999999999
0 0.04124549831649831 0.36875 0.082492 0.3075
0 0.4562284983164983 0.2925 0.09427599999999994 0.2525
0 0.5622894983164982 0.32 0.10100999999999996 0.2675
0 0.5799664983164983 0.11125 0.06902399999999996 0.2125
0 0.6372054983164984 0.160625 0.082492 0.19875
0 0.6565654983164984 0.25875 0.08417500000000001 0.245
0 0.7424244983164983 0.254375 0.10774399999999998 0.26125
0 0.9082494983164981 0.13625 0.07912500000000008 0.185
0 0.9132994983164983 0.260625 0.10606100000000006 0.28374999999999995
0 0.9646464983164982 0.3125 0.06397299999999996 0.25750000000000006
