0 0.7150003333333333 0.41625 0.3233329999999999 0.7325
0 0.15833333333333335 0.19625 0.02333299999999999 0.0575
0 0.18583333333333335 0.1975 0.025 0.0575
0 0.25583333333333336 0.201875 0.025 0.051250000000000004
0 0.2833333333333333 0.196875 0.026667000000000014 0.05625
0 0.33750033333333335 0.22312500000000002 0.055 0.14625
0 0.014166333333333335 0.0525 0.028333000000000004 0.065
0 0.03416633333333333 0.054375 0.028333000000000004 0.06375
0 0.43833333333333335 0.215625 0.046666999999999965 0.10875
0 0.4083333333333333 0.22 0.05333299999999999 0.14250000000000002
0 0.49000033333333337 0.2275 0.05 0.125
0 0.5400003333333333 0.21625 0.04333299999999999 0.1275
0 0.5483333333333333 0.23125 0.046667000000000014 0.135
0 0.5766663333333333 0.2125 0.05333299999999999 0.135
0 0.9066663333333331 0.2675 0.1033329999999999 0.2225
0 0.1708333333333333 0.426875 0.03166699999999999 0.04625
0 0.03416633333333333 0.47875 0.028333000000000004 0.0575
