0 0.6033333333333334 0.45875 0.37000000000000005 0.8250000000000001
0 0.2008333333333334 0.18812500000000001 0.035000000000000024 0.058750000000000004
0 0.13416633333333333 0.194375 0.03166699999999999 0.05625
0 0.08750033333333335 0.19875 0.031667 0.06
0 0.015000333333333334 0.21375 0.030000000000000002 0.0775
0 0.028333333333333335 0.203125 0.030000000000000002 0.06375
0 0.05333333333333334 0.20375000000000001 0.033332999999999995 0.0625
0 0.47416633333333336 0.03625 0.025 0.0625
0 0.45333333333333337 0.038125 0.026667000000000014 0.06375
0 0.27083333333333337 0.055625 0.025 0.04625
0 0.23333333333333334 0.0525 0.026667000000000014 0.0575
0 0.21416633333333335 0.0525 0.02833299999999999 0.0575
0 0.19083333333333335 0.05375 0.025 0.0575
0 0.6858333333333334 0.169375 0.025 0.058750000000000004
0 0.7416663333333333 0.1625 0.02333299999999999 0.065
0 0.9633333333333334 0.185 0.05 0.14250000000000002
0 0.9141663333333335 0.186875 0.05166699999999992 0.11875000000000001
0 0.7875003333333332 0.2 0.061667000000000013 0.1625
0 0.8600003333333333 0.1975 0.05666699999999992 0.1625
0 0.11000033333333335 0.373125 0.02333299999999999 0.04875
0 0.19916633333333333 0.348125 0.02166699999999999 0.043750000000000004
0 0.21833333333333335 0.34625 0.02 0.04
0 0.19916633333333336 0.39 0.025 0.055
0 0.22750033333333336 0.37625000000000003 0.01833299999999999 0.045
0 0.2525003333333333 0.359375 0.021667000000000013 0.04875
0 0.29500033333333336 0.381875 0.026667000000000014 0.051250000000000004
0 0.32083333333333336 0.375625 0.02833299999999999 0.051250000000000004
0 0.3091663333333334 0.45687500000000003 0.02833299999999999 0.06125
0 0.40333333333333343 0.41000000000000003 0.02333299999999999 0.05
0 0.40500033333333335 0.458125 0.026667000000000014 0.06125
0 0.14250033333333334 0.06125 0.028333000000000014 0.055
