0 0.36666633333333337 0.39937500000000004 0.18666700000000003 0.37375
0 0.12583333333333335 0.445625 0.22166700000000003 0.44625000000000004
0 0.9808333333333334 0.064375 0.028333000000000084 0.06375
0 0.9566663333333335 0.0675 0.026666999999999916 0.06249999999999999
0 0.8816663333333334 0.073125 0.026666999999999916 0.06375
0 0.9541663333333334 0.206875 0.028333000000000084 0.06625
0 0.9066663333333332 0.20375000000000001 0.02 0.04
0 0.8566663333333334 0.204375 0.026666999999999916 0.058750000000000004
0 0.8733333333333334 0.20875 0.02 0.055
0 0.8208333333333334 0.209375 0.025 0.05625
0 0.7358333333333333 0.205625 0.025 0.06625
0 0.7200003333333332 0.20875 0.02 0.0525
0 0.19333333333333336 0.224375 0.03666700000000001 0.09625
0 0.5125003333333334 0.23750000000000002 0.05166700000000001 0.125
0 0.4625003333333333 0.236875 0.048332999999999994 0.11875000000000001
0 0.5900003333333332 0.448125 0.02333299999999999 0.05375
0 0.6816663333333335 0.408125 0.026667000000000014 0.05375
0 0.7525003333333334 0.431875 0.025 0.058750000000000004
0 0.8016663333333334 0.40625 0.02 0.0425
0 0.8225003333333333 0.381875 0.01833299999999999 0.043750000000000004
0 0.7975003333333333 0.3825 0.01833299999999999 0.0425
0 0.8433333333333334 0.393125 0.023333000000000086 0.05625
0 0.9025003333333335 0.37625000000000003 0.02166699999999992 0.0475
0 0.8841663333333333 0.39375 0.028333000000000084 0.0475
0 0.9016663333333335 0.39687500000000003 0.023333000000000086 0.043750000000000004
0 0.9516663333333333 0.375 0.023333000000000086 0.0475
0 0.9675003333333333 0.40875 0.02166699999999992 0.0575
0 0.9483333333333334 0.44 0.030000000000000002 0.0625
0 0.9233333333333333 0.495 0.023333000000000086 0.0525
0 0.9033333333333334 0.4925 0.023333000000000086 0.0625
