0 0.8208333333333334 0.39937500000000004 0.2083330000000001 0.41875
0 0.5008333333333332 0.553125 0.315 0.71875
0 0.15416633333333332 0.20875 0.025 0.0525
0 0.18083333333333335 0.206875 0.02833299999999999 0.06625
0 0.21083333333333334 0.196875 0.021667000000000013 0.04875
0 0.22833333333333336 0.2 0.02333299999999999 0.055
0 0.25583333333333336 0.205625 0.02833299999999999 0.06375
0 0.27250033333333334 0.228125 0.035 0.09375
0 0.29833333333333334 0.216875 0.04333299999999999 0.09625
0 0.3383333333333334 0.206875 0.030000000000000002 0.06375
0 0.34916633333333336 0.22312500000000002 0.02833299999999999 0.08125
0 0.38166633333333333 0.211875 0.03666700000000001 0.08375
0 0.40166633333333335 0.236875 0.04 0.11125
0 0.5833333333333334 0.226875 0.046667000000000014 0.12125
0 0.9525003333333333 0.26625 0.08833300000000009 0.22
0 0.7975003333333333 0.285625 0.12833300000000009 0.28375
0 0.043333333333333335 0.39 0.023332999999999996 0.0425
0 0.044166333333333335 0.358125 0.021666999999999995 0.03375
0 0.07500033333333334 0.36 0.02 0.035
0 0.19166633333333333 0.40625 0.02666699999999999 0.045
