0 0.42333333333333334 0.46 0.08333300000000005 0.1675
0 0.08000033333333335 0.4825 0.11 0.3125
0 0.15416633333333332 0.444375 0.031667000000000015 0.09875
0 0.20250033333333337 0.45 0.035000000000000024 0.1075
0 0.5383333333333333 0.435625 0.02333299999999999 0.05625
0 0.5633333333333332 0.4325 0.02 0.055
0 0.6041663333333334 0.44375000000000003 0.045000000000000005 0.12
0 0.6983333333333334 0.43625 0.03333299999999999 0.075
0 0.7283333333333334 0.43875000000000003 0.03333299999999999 0.0675
0 0.9658333333333334 0.444375 0.048333000000000084 0.11875000000000001
