0 0.30250033333333337 0.45937500000000003 0.42500000000000004 0.89875
0 0.9650003333333335 0.0725 0.026666999999999916 0.0725
0 0.6516663333333335 0.09 0.026667000000000014 0.07
0 0.6083333333333334 0.0975 0.02333299999999999 0.065
0 0.35833333333333334 0.11375 0.02333299999999999 0.07
0 0.3791663333333333 0.115625 0.031667000000000015 0.07125000000000001
0 0.41416633333333336 0.13 0.05166699999999997 0.1125
0 0.7675003333333333 0.305625 0.025 0.06125
0 0.6133333333333334 0.3075 0.030000000000000002 0.054999999999999966
0 0.6050003333333333 0.351875 0.03333299999999999 0.06375
0 0.5225003333333333 0.36375 0.035 0.0725
0 0.5533333333333335 0.35875 0.030000000000000002 0.0675
0 0.9358333333333334 0.28250000000000003 0.025 0.055
0 0.9325003333333333 0.378125 0.035 0.07625
0 0.9783333333333334 0.325625 0.026666999999999916 0.06625
0 0.9633333333333334 0.32625 0.026666999999999916 0.0625
0 0.9308333333333334 0.3275 0.028333000000000084 0.0575
0 0.9391663333333334 0.3425 0.028333000000000084 0.0575
