0 0.28250033333333335 0.491875 0.28833299999999995 0.55375
0 0.06750033333333334 0.295 0.025 0.0475
0 0.20916633333333334 0.348125 0.078333 0.20375000000000001
0 0.42583333333333334 0.405 0.13166699999999998 0.3825
0 0.5050003333333335 0.35000000000000003 0.07666700000000001 0.22
0 0.5675003333333333 0.28500000000000003 0.01833299999999999 0.0425
0 0.5933333333333334 0.28500000000000003 0.02 0.0475
0 0.7416663333333333 0.281875 0.02333299999999999 0.04875
0 0.7250003333333332 0.2925 0.030000000000000002 0.08
0 0.8008333333333334 0.28374999999999995 0.025 0.065
0 0.8825003333333334 0.280625 0.025 0.051250000000000004
0 0.9258333333333334 0.28124999999999994 0.02166699999999992 0.055
0 0.9508333333333334 0.3125 0.05166699999999992 0.13250000000000003
