0 0.43833333333333335 0.39187500000000003 0.33333300000000005 0.6687500000000001
0 0.9141663333333335 0.110625 0.028333000000000084 0.06625
0 0.8875003333333334 0.111875 0.028333000000000084 0.06375
0 0.8183333333333332 0.111875 0.030000000000000002 0.06875
0 0.7900003333333334 0.12562500000000001 0.04 0.08625000000000002
0 0.29833333333333334 0.140625 0.07 0.15625
0 0.6591663333333333 0.48812500000000003 0.03833299999999999 0.08625000000000001
0 0.5733333333333334 0.5018750000000001 0.04 0.09875
0 0.5450003333333333 0.504375 0.03333299999999999 0.09375
0 0.7966663333333333 0.4325 0.03333299999999999 0.0775
