0 0.42833333333333334 0.566875 0.14 0.28125
0 0.13250033333333336 0.566875 0.12166700000000003 0.24625
0 0.8075003333333333 0.55 0.15499999999999992 0.31
0 0.8591663333333333 0.4475 0.03833300000000009 0.0725
0 0.9166663333333332 0.44625000000000004 0.04 0.08
0 0.9541663333333334 0.439375 0.03166699999999992 0.06625
0 0.6500003333333335 0.4575 0.026667000000000014 0.055
0 0.6783333333333333 0.45437500000000003 0.02333299999999999 0.04875
0 0.7308333333333333 0.450625 0.025 0.05625
0 0.6916663333333333 0.4525 0.02333299999999999 0.05
