0 0.7583333333333334 0.615 0.20666699999999993 0.41250000000000003
0 0.39333333333333337 0.5275000000000001 0.09666699999999998 0.1925
0 0.5683333333333334 0.530625 0.103333 0.20625000000000002
0 0.49000033333333337 0.495 0.07 0.15
0 0.25583333333333336 0.5075000000000001 0.048332999999999994 0.1075
0 0.30166633333333337 0.49875 0.056667000000000016 0.11750000000000001
0 0.35166633333333336 0.483125 0.05333299999999999 0.10875
0 0.060833333333333336 0.5125000000000001 0.065 0.1325
0 0.10250033333333335 0.499375 0.06500000000000002 0.13125
0 0.14833333333333334 0.496875 0.05 0.11625
0 0.18250033333333332 0.4925 0.045000000000000005 0.115
0 0.035000333333333335 0.48125 0.04666699999999999 0.095
