0 0.4950003333333334 0.5231250000000001 0.11 0.22125
0 0.6241663333333335 0.494375 0.08166700000000002 0.16375
0 0.8533333333333334 0.519375 0.14 0.26125
0 0.023333333333333334 0.50875 0.046667 0.1225
0 0.08166633333333333 0.5075000000000001 0.05999999999999999 0.12
0 0.25083333333333335 0.47625 0.025 0.0525
0 0.3091663333333334 0.474375 0.035 0.07125000000000001
0 0.3725003333333334 0.485 0.05166700000000001 0.105
0 0.4350003333333334 0.483125 0.05333300000000004 0.10875
0 0.5675003333333335 0.47000000000000003 0.041667000000000017 0.085
0 0.6808333333333334 0.480625 0.041667000000000017 0.08625000000000001
0 0.7233333333333334 0.470625 0.04333299999999999 0.10625
0 0.7408333333333333 0.455625 0.03833299999999999 0.08375
0 0.8925003333333335 0.455 0.05166699999999992 0.105
0 0.9675003333333333 0.453125 0.05166699999999992 0.12125
