0 0.3900003333333334 0.443125 0.11 0.22875
0 0.28000033333333335 0.385625 0.06666700000000002 0.13375
0 0.7675003333333333 0.35625 0.045000000000000005 0.09
0 0.8358333333333334 0.345625 0.05166699999999992 0.10375000000000001
0 0.6158333333333333 0.34 0.03833299999999999 0.08750000000000001
0 0.5416663333333334 0.349375 0.04 0.07875
0 0.5200003333333333 0.33875 0.03333299999999999 0.0775
0 0.7308333333333333 0.33875 0.035 0.0725
0 0.6850003333333333 0.3275 0.02333299999999999 0.05
0 0.4900003333333335 0.33187500000000003 0.026667000000000014 0.05375
0 0.7041663333333334 0.325625 0.015000000000000001 0.03125
0 0.5650003333333333 0.32875 0.02 0.0425
