0 0.27666633333333335 0.484375 0.223333 0.41125
0 0.5783333333333334 0.465 0.15666700000000003 0.3025
0 0.8366663333333335 0.419375 0.1233330000000001 0.26125
0 0.9100003333333333 0.38875 0.07666699999999992 0.1675
0 0.6800003333333333 0.378125 0.08333299999999999 0.20625000000000002
0 0.6200003333333334 0.34750000000000003 0.04 0.09
0 0.4658333333333334 0.361875 0.05166700000000001 0.11375
0 0.36000033333333337 0.36375 0.05 0.125
0 0.39416633333333334 0.3675 0.05166700000000001 0.1275
0 0.14750033333333332 0.40875 0.088333 0.20750000000000002
0 0.10500033333333335 0.375625 0.06333300000000001 0.14625
0 0.03916633333333334 0.35000000000000003 0.031666999999999994 0.065
0 0.5125003333333333 0.36625 0.045000000000000005 0.10250000000000001
