0 0.20916633333333337 0.47625 0.13833300000000004 0.23750000000000002
0 0.46166633333333335 0.48125 0.14 0.28250000000000003
0 0.6675003333333333 0.479375 0.138333 0.26125
0 0.03833333333333334 0.41250000000000003 0.05 0.10250000000000001
0 0.07916633333333335 0.4 0.03500000000000002 0.07
0 0.10500033333333332 0.409375 0.04 0.08625000000000001
0 0.12833333333333335 0.401875 0.03666700000000001 0.07625
0 0.26166633333333333 0.4 0.04333299999999999 0.08750000000000001
0 0.33250033333333334 0.39687500000000003 0.03833299999999999 0.07875
0 0.36833333333333335 0.411875 0.05333299999999999 0.10875
0 0.41000033333333336 0.413125 0.04333300000000004 0.10125
0 0.5641663333333332 0.404375 0.058332999999999996 0.11625
0 0.8675003333333335 0.383125 0.035 0.07125000000000001
0 0.9033333333333334 0.416875 0.04333300000000009 0.08875
0 0.9183333333333334 0.404375 0.05 0.10875
0 0.9625003333333333 0.405625 0.048333000000000084 0.09875
0 0.5450003333333333 0.398125 0.03333299999999999 0.07875
0 0.3125003333333333 0.40125 0.035 0.08
0 0.02416633333333333 0.414375 0.038333000000000006 0.09125
0 0.14916633333333335 0.39937500000000004 0.03833299999999999 0.07875
0 0.22666633333333333 0.4 0.03666700000000001 0.0775
