0 0.5258333333333334 0.483125 0.135 0.25875
0 0.6975003333333335 0.425 0.12166700000000003 0.2425
0 0.09333333333333334 0.34875 0.06333299999999999 0.13
0 0.38916633333333334 0.355 0.061667000000000013 0.125
0 0.46250033333333335 0.410625 0.085 0.17125
0 0.49666633333333327 0.259375 0.03333299999999999 0.06875
0 0.5258333333333334 0.261875 0.02833299999999999 0.058750000000000004
0 0.5433333333333333 0.2675 0.026667000000000014 0.055
0 0.7791663333333335 0.281875 0.041667000000000017 0.09375
0 0.051666333333333335 0.3 0.036667 0.085
0 0.07000033333333333 0.299375 0.04 0.07875000000000004
0 0.5941663333333334 0.26625 0.025 0.055
0 0.6225003333333334 0.259375 0.021667000000000013 0.04875
0 0.4416663333333333 0.24875 0.02 0.04
0 0.40083333333333343 0.248125 0.021667000000000013 0.04625
0 0.45333333333333337 0.278125 0.02333299999999999 0.06125
0 0.44333333333333336 0.27875000000000005 0.026667000000000014 0.0625
0 0.6283333333333334 0.274375 0.030000000000000002 0.06125
0 0.015000333333333334 0.3025 0.030000000000000002 0.07249999999999997
0 0.14916633333333335 0.259375 0.021667000000000013 0.04625
0 0.16583333333333333 0.24625 0.01833299999999999 0.0375
0 0.42250033333333337 0.244375 0.015000000000000001 0.03125
