0 0.41666633333333336 0.5006249999999999 0.13 0.2537499999999999
0 0.49083333333333334 0.48812500000000003 0.09166700000000001 0.22375
0 0.21000033333333334 0.42875 0.030000000000000027 0.08
0 0.23083333333333333 0.420625 0.031667000000000015 0.07875
0 0.28583333333333333 0.42875 0.03833299999999999 0.0775
0 0.18166633333333335 0.419375 0.02333299999999999 0.051250000000000004
0 0.6800003333333334 0.445 0.046667000000000014 0.11750000000000001
0 0.7500003333333335 0.436875 0.046667000000000014 0.11375
0 0.7291663333333335 0.435 0.041667000000000017 0.13
0 0.8675003333333335 0.439375 0.06833300000000009 0.13875
0 0.9358333333333334 0.42625 0.04166699999999992 0.1
0 0.9691663333333332 0.44 0.055 0.125
