0 0.37166633333333343 0.445 0.18000000000000005 0.335
0 0.5466663333333334 0.231875 0.1 0.20125
0 0.6366663333333334 0.2175 0.06666700000000002 0.1525
0 0.43083333333333335 0.240625 0.07500000000000001 0.17375000000000002
0 0.36083333333333334 0.18812500000000001 0.055 0.11125
0 0.27500033333333335 0.170625 0.05 0.10125
0 0.7133333333333334 0.163125 0.04 0.09875
0 0.6983333333333334 0.16125 0.03666700000000001 0.0975
0 0.6650003333333335 0.145625 0.03666700000000001 0.07875
0 0.8350003333333333 0.181875 0.049999999999999906 0.11625
0 0.8716663333333334 0.1325 0.03666699999999992 0.0825
0 0.28750033333333336 0.16875 0.045000000000000005 0.085
0 0.6425003333333333 0.168125 0.03833299999999999 0.10375000000000001
0 0.7650003333333333 0.12625 0.03333299999999999 0.0675
0 0.9291663333333334 0.1075 0.025 0.05
0 0.9058333333333334 0.17625 0.06166699999999992 0.12
0 0.6683333333333333 0.11125 0.02333299999999999 0.0475
0 0.39583333333333337 0.12875 0.021667000000000013 0.0475
0 0.38250033333333333 0.12437499999999999 0.021667000000000013 0.051250000000000004
