0 0.6283333333333334 0.57625 0.213333 0.4275
0 0.12750033333333335 0.314375 0.08166700000000002 0.16375
0 0.08750033333333333 0.29187500000000005 0.06833300000000002 0.13875000000000004
0 0.15416633333333332 0.23125 0.05166700000000001 0.10250000000000001
0 0.24000033333333337 0.19625 0.04 0.0825
0 0.2833333333333333 0.2475 0.04333299999999999 0.08750000000000001
0 0.3358333333333334 0.195 0.031667000000000015 0.0625
0 0.37333333333333335 0.196875 0.026667000000000014 0.06375
0 0.34166633333333335 0.204375 0.026667000000000014 0.06125
0 0.27416633333333335 0.168125 0.021667000000000013 0.04625
0 0.18166633333333335 0.18375 0.026667000000000014 0.0525
0 0.16000033333333336 0.17500000000000002 0.026667000000000014 0.055
