0 0.6783333333333333 0.436875 0.11666700000000002 0.23375
0 0.5058333333333332 0.6775 0.135 0.29
0 0.3825003333333333 0.693125 0.16499999999999995 0.34625
0 0.32750033333333334 0.45687500000000003 0.118333 0.23125
0 0.4416663333333333 0.388125 0.08333300000000005 0.16875
0 0.8883333333333334 0.209375 0.026666999999999916 0.058750000000000004
0 0.9458333333333334 0.2275 0.03166699999999992 0.065
0 0.9025003333333335 0.211875 0.025 0.05625
0 0.9225003333333333 0.21125 0.025 0.055
0 0.9400003333333335 0.210625 0.026666999999999916 0.06125
0 0.9191663333333335 0.245625 0.04166699999999992 0.08625000000000001
0 0.8816663333333334 0.250625 0.04 0.10625
0 0.8716663333333334 0.234375 0.030000000000000002 0.06875
0 0.8633333333333334 0.225 0.030000000000000002 0.0675
0 0.8383333333333334 0.22062500000000002 0.026666999999999916 0.06375
0 0.8316663333333334 0.240625 0.030000000000000002 0.06875
0 0.9458333333333334 0.311875 0.06166699999999992 0.12125
0 0.9408333333333334 0.385 0.08166699999999992 0.165
0 0.7858333333333334 0.3875 0.088333 0.1775
0 0.40500033333333335 0.33187500000000003 0.06333300000000004 0.15625
0 0.27416633333333335 0.4425 0.10166700000000002 0.20500000000000002
0 0.3166663333333333 0.3825 0.073333 0.1475
0 0.9250003333333335 0.703125 0.1333330000000001 0.44125000000000003
0 0.9416663333333333 0.535625 0.1 0.27125
0 0.47416633333333325 0.336875 0.058332999999999996 0.13375
0 0.5300003333333335 0.3425 0.056667000000000016 0.1475
0 0.5800003333333335 0.345625 0.06666700000000002 0.13875
0 0.6341663333333335 0.351875 0.061667000000000013 0.14625
0 0.6883333333333332 0.36375 0.060000000000000005 0.1275
0 0.6108333333333333 0.3725 0.088333 0.1775
