0 0.33000033333333334 0.631875 0.36333300000000013 0.64875
0 0.6191663333333333 0.565625 0.201667 0.35625
0 0.36250033333333337 0.3125 0.065 0.13250000000000003
0 0.35416633333333336 0.23500000000000001 0.058332999999999996 0.1125
0 0.33666633333333335 0.206875 0.04333299999999999 0.09125
0 0.39166633333333334 0.20125 0.05 0.1
0 0.36416633333333337 0.16125 0.03833299999999999 0.0775
0 0.37833333333333335 0.1525 0.03333299999999999 0.08
0 0.40250033333333335 0.168125 0.035 0.08375
0 0.4650003333333333 0.248125 0.06333299999999999 0.12875
0 0.4975003333333335 0.23125 0.061667000000000013 0.1225
0 0.44583333333333336 0.175625 0.04166699999999997 0.08125
0 0.49750033333333327 0.161875 0.03833299999999999 0.10125
0 0.5341663333333334 0.15625 0.031667000000000015 0.095
0 0.5333333333333333 0.195 0.05 0.1125
0 0.5725003333333334 0.1375 0.035 0.08999999999999998
0 0.6475003333333335 0.2475 0.05166700000000001 0.14
0 0.6000003333333332 0.174375 0.046667000000000014 0.11625
0 0.6091663333333334 0.155 0.045000000000000005 0.095
0 0.6391663333333333 0.135625 0.03833299999999999 0.09125
0 0.6658333333333334 0.16875 0.045000000000000005 0.11750000000000001
0 0.7125003333333333 0.080625 0.02833299999999999 0.06875
0 0.6850003333333334 0.084375 0.026667000000000014 0.06875
0 0.7625003333333334 0.08 0.035 0.0775
0 0.6891663333333333 0.114375 0.02833299999999999 0.07375
0 0.9316663333333333 0.2425 0.06666699999999992 0.145
