0 0.5766663333333335 0.521875 0.143333 0.28875000000000006
0 0.6783333333333333 0.503125 0.136667 0.28125
0 0.11666633333333333 0.609375 0.233333 0.50375
0 0.29500033333333336 0.52 0.12666700000000003 0.2525
0 0.37583333333333335 0.466875 0.08166700000000002 0.16375
0 0.47166633333333347 0.4525 0.07666700000000001 0.155
0 0.5150003333333333 0.424375 0.04333299999999999 0.08875
0 0.7116663333333333 0.44375000000000003 0.073333 0.1475
0 0.7858333333333334 0.445 0.085 0.1625
0 0.20583333333333334 0.4325 0.035 0.0725
0 0.16083333333333336 0.446875 0.041667000000000017 0.08625000000000001
0 0.24750033333333335 0.42375 0.035 0.07
0 0.32583333333333336 0.438125 0.048332999999999994 0.10125
0 0.40916633333333335 0.424375 0.035 0.08125
