0 0.52875 0.4633333333333334 0.125 0.52
0 0.12375 0.5058333333333332 0.1775 0.678333
0 0.644375 0.48166633333333336 0.12125 0.533333
0 0.70375 0.4683333333333334 0.105 0.53
0 0.8356250000000001 0.44916633333333333 0.11625 0.5316670000000001
0 0.928125 0.45083333333333336 0.13125 0.5416669999999999
0 0.259375 0.2833333333333333 0.01875 0.07
0 0.28500000000000003 0.32833333333333337 0.0325 0.17666699999999996
0 0.31 0.3075003333333334 0.032499999999999966 0.12833300000000006
0 0.336875 0.33500033333333334 0.043750000000000004 0.18666700000000008
0 0.39625 0.33333333333333337 0.04 0.19666699999999998
0 0.43 0.33250033333333334 0.0375 0.171667
0 0.45937500000000003 0.32416633333333333 0.03625 0.171667
0 0.48125 0.32666633333333334 0.035 0.17
0 0.57375 0.29500033333333336 0.03 0.12000000000000001
0 0.59125 0.31333333333333335 0.0425 0.153333
