0 0.6083333333333334 0.376875 0.183333 0.44125000000000003
0 0.21666633333333335 0.08875 0.026667000000000014 0.06
0 0.14500033333333334 0.08750000000000001 0.030000000000000002 0.065
0 0.18166633333333335 0.090625 0.030000000000000002 0.05625
0 0.05583333333333334 0.22875 0.028332999999999997 0.06
0 0.32750033333333334 0.2225 0.02833299999999999 0.0575
0 0.4216663333333334 0.22062500000000002 0.026667000000000014 0.051250000000000004
0 0.47416633333333336 0.2225 0.025 0.045
0 0.5008333333333332 0.22 0.025 0.0575
0 0.5308333333333334 0.21875 0.02833299999999999 0.0575
0 0.6841663333333334 0.216875 0.021667000000000013 0.06125
0 0.6625003333333332 0.22375 0.031667000000000015 0.0775
0 0.7041663333333334 0.226875 0.02833299999999999 0.08125
0 0.7400003333333334 0.238125 0.04 0.09125
0 0.8125003333333334 0.25375000000000003 0.065 0.1375
0 0.17750033333333334 0.38875 0.01833299999999999 0.0425
0 0.21166633333333335 0.385625 0.02333299999999999 0.04875
0 0.28166633333333335 0.39437500000000003 0.02 0.043750000000000004
0 0.26583333333333337 0.395 0.025 0.0425
0 0.26750033333333334 0.416875 0.031667000000000015 0.04625
0 0.29250033333333336 0.46187500000000004 0.02833299999999999 0.04625
0 0.26916633333333334 0.45875 0.025 0.0525
0 0.41583333333333333 0.489375 0.025 0.04875
0 0.38750033333333334 0.49125 0.02833299999999999 0.055
0 0.38583333333333336 0.46 0.025 0.06
0 0.042500333333333334 0.4375 0.028333000000000007 0.055
0 0.016666333333333328 0.450625 0.026667 0.06125
0 0.5358333333333334 0.36875 0.01833299999999999 0.035
0 0.5216663333333335 0.368125 0.02 0.03375
0 0.5450003333333333 0.440625 0.02333299999999999 0.04875
0 0.5566663333333333 0.4225 0.02333299999999999 0.0575
0 0.8616663333333334 0.42562500000000003 0.2233330000000001 0.63875
