0 0.4475003333333334 0.470625 0.095 0.19125
0 0.4941663333333334 0.4 0.035 0.08
0 0.5441663333333333 0.42625 0.058332999999999996 0.135
0 0.5750003333333333 0.44625000000000004 0.073333 0.15
0 0.6050003333333333 0.436875 0.073333 0.14625
0 0.6208333333333335 0.426875 0.065 0.13125
0 0.7008333333333334 0.410625 0.045000000000000005 0.09875
0 0.7450003333333335 0.40625 0.046667000000000014 0.1075
0 0.7725003333333335 0.415625 0.041667000000000017 0.11375
0 0.8383333333333334 0.40875 0.033333000000000085 0.06
0 0.8808333333333334 0.415625 0.028333000000000084 0.05625
0 0.8791663333333333 0.39937500000000004 0.045000000000000005 0.09125
0 0.9316663333333333 0.4 0.04 0.085
0 0.9516663333333333 0.4 0.04666699999999992 0.0975
0 0.9675003333333333 0.41500000000000004 0.045000000000000005 0.1075
