0 0.4825003333333335 0.43625 0.061667000000000013 0.125
0 0.45083333333333336 0.42125 0.055 0.115
0 0.5250003333333333 0.383125 0.03333299999999999 0.06625
0 0.5600003333333334 0.41500000000000004 0.05 0.0975
0 0.5775003333333333 0.431875 0.058332999999999996 0.12625
0 0.6183333333333334 0.45937500000000003 0.06333299999999999 0.14375000000000002
0 0.6625003333333332 0.44375000000000003 0.07166700000000002 0.14250000000000002
0 0.6850003333333334 0.3875 0.04 0.09
0 0.6683333333333333 0.40125 0.04333299999999999 0.08750000000000001
0 0.7066663333333334 0.41125 0.05 0.10250000000000001
0 0.7458333333333335 0.42875 0.065 0.1325
0 0.7966663333333335 0.4425 0.06666700000000002 0.135
0 0.7800003333333333 0.385 0.04333299999999999 0.08750000000000001
0 0.8266663333333334 0.38 0.04 0.08
0 0.8700003333333333 0.40375 0.05 0.1
0 0.8958333333333334 0.405 0.03833300000000009 0.09
0 0.9358333333333334 0.45687500000000003 0.07833300000000008 0.15875
0 0.9558333333333334 0.401875 0.05166699999999992 0.10375000000000001
0 0.9033333333333334 0.3675 0.04 0.08
