0 0.5758333333333334 0.474375 0.268333 0.5962500000000001
0 0.7925003333333333 0.365 0.14500000000000002 0.29
0 0.35166633333333336 0.3425 0.18333299999999994 0.3675
0 0.05583333333333334 0.32875 0.11166700000000002 0.275
0 0.09416633333333334 0.276875 0.06166699999999999 0.13625
0 0.14750033333333332 0.2725 0.045000000000000005 0.095
0 0.19333333333333336 0.31625000000000003 0.08333299999999999 0.1675
0 0.26333333333333336 0.305 0.08333299999999999 0.17749999999999996
0 0.4108333333333334 0.25499999999999995 0.04166699999999997 0.085
0 0.9125003333333334 0.26 0.03833300000000009 0.08
