0 0.46916633333333335 0.44 0.125 0.295
0 0.34166633333333335 0.42312500000000003 0.166667 0.38625
0 0.5975003333333333 0.47000000000000003 0.201667 0.4525
0 0.8866663333333334 0.333125 0.07 0.14125000000000001
0 0.8441663333333332 0.315 0.03833299999999999 0.07750000000000004
0 0.6850003333333334 0.30312500000000003 0.02 0.04125
0 0.7300003333333333 0.30875 0.02333299999999999 0.0475
0 0.7850003333333334 0.3025 0.02 0.04249999999999997
0 0.8116663333333334 0.30375 0.02 0.0425
0 0.6533333333333333 0.3075 0.02 0.04249999999999997
