0 0.5041663333333335 0.4675 0.12166700000000003 0.2925
0 0.7075003333333333 0.489375 0.168333 0.35625
0 0.3750003333333333 0.41625 0.093333 0.1875
0 0.13583333333333333 0.39437500000000003 0.061667000000000013 0.12375
0 0.20250033333333337 0.386875 0.045000000000000026 0.09375
0 0.28583333333333333 0.393125 0.055 0.12375
0 0.33000033333333334 0.413125 0.06666700000000002 0.13125
0 0.7691663333333333 0.38 0.058332999999999996 0.1325
0 0.8333333333333334 0.41000000000000003 0.09666699999999992 0.195
0 0.9266663333333333 0.408125 0.0933330000000001 0.20375000000000001
