0 0.5991663333333334 0.395 0.065 0.1325
0 0.08250033333333336 0.40125 0.07166700000000002 0.15
0 0.16416633333333333 0.444375 0.10499999999999998 0.21125
0 0.40416633333333335 0.38875 0.065 0.1325
0 0.4525003333333334 0.37 0.035 0.07
0 0.5316663333333334 0.36562500000000003 0.030000000000000002 0.06125
0 0.9700003333333334 0.3625 0.04 0.08
0 0.9016663333333335 0.36062500000000003 0.03666699999999992 0.06875
0 0.8708333333333333 0.359375 0.028333000000000084 0.06125
0 0.8533333333333334 0.35875 0.026666999999999916 0.055
0 0.6766663333333335 0.3525 0.01666700000000001 0.035
0 0.7550003333333335 0.35000000000000003 0.01666700000000001 0.035
0 0.7075003333333334 0.35375 0.015000000000000001 0.0325
