0 0.5233333333333333 0.355 0.08 0.1825
0 0.07666633333333334 0.338125 0.030000000000000002 0.06875
0 0.09500033333333334 0.339375 0.033333000000000015 0.06625
0 0.11583333333333334 0.335 0.02833299999999999 0.055
0 0.17416633333333334 0.355 0.061667000000000013 0.1225
0 0.31833333333333336 0.33437500000000003 0.03666700000000001 0.07375
0 0.33750033333333335 0.330625 0.02833299999999999 0.06625
0 0.40666633333333335 0.32625 0.026667000000000014 0.055
0 0.45166633333333334 0.324375 0.030000000000000002 0.058750000000000004
0 0.5800003333333333 0.36625 0.08333299999999999 0.1675
0 0.6483333333333334 0.3875 0.103333 0.21
0 0.7733333333333334 0.326875 0.04 0.08125
0 0.7266663333333334 0.314375 0.026667000000000014 0.05375
0 0.7975003333333333 0.323125 0.03833299999999999 0.08875
0 0.8591663333333333 0.32 0.03833300000000009 0.0775
0 0.9016663333333335 0.31 0.033333000000000085 0.054999999999999966
