0 0.5633333333333334 0.361875 0.173333 0.34875
0 0.7200003333333332 0.383125 0.166667 0.33625
0 0.04833333333333334 0.28125 0.06333299999999999 0.12750000000000003
0 0.12083333333333333 0.28500000000000003 0.06833299999999999 0.1375
0 0.21083333333333334 0.31 0.07500000000000001 0.15999999999999998
0 0.4058333333333333 0.2725 0.035 0.0725
0 0.44583333333333336 0.27 0.04166699999999997 0.085
0 0.5025003333333333 0.27625000000000005 0.03833299999999999 0.0775
0 0.6375003333333333 0.27375000000000005 0.035 0.0725
0 0.8458333333333334 0.276875 0.03833300000000009 0.07375
0 0.9691663333333332 0.279375 0.04166699999999992 0.07375
