0 0.6550003333333334 0.486875 0.16 0.33125
0 0.9008333333333334 0.40125 0.06166699999999992 0.125
0 0.5425003333333333 0.400625 0.055 0.10375000000000001
0 0.3741663333333333 0.380625 0.031667000000000015 0.06375
0 0.35083333333333333 0.375625 0.035 0.07125000000000001
0 0.31583333333333335 0.380625 0.03833299999999999 0.07875
0 0.26416633333333334 0.381875 0.035 0.07625
0 0.23416633333333334 0.3775 0.031667000000000015 0.0625
0 0.044166333333333335 0.374375 0.038333000000000006 0.07625
0 0.07333333333333333 0.37625000000000003 0.033333 0.0725
0 0.11583333333333334 0.371875 0.035 0.07375
0 0.16083333333333336 0.3725 0.035 0.07
0 0.19583333333333336 0.374375 0.02833299999999999 0.06125
0 0.28166633333333335 0.38 0.030000000000000002 0.0625
