0 0.43083333333333335 0.39375 0.08833300000000004 0.2025
0 0.5783333333333334 0.386875 0.07666700000000001 0.15625
0 0.6075003333333333 0.35000000000000003 0.03833299999999999 0.0775
0 0.6983333333333334 0.346875 0.03333299999999999 0.06625
0 0.7916663333333332 0.37375 0.06333299999999999 0.1275
0 0.8566663333333334 0.3725 0.060000000000000005 0.1225
0 0.02416633333333333 0.350625 0.03500000000000001 0.07125000000000001
0 0.07583333333333334 0.35375 0.035 0.0725
0 0.14833333333333334 0.340625 0.026667000000000014 0.05375
0 0.2733333333333334 0.335625 0.02 0.043750000000000004
0 0.23833333333333334 0.33625 0.02 0.04
0 0.3125003333333333 0.35125 0.035 0.07
0 0.33750033333333335 0.351875 0.031667000000000015 0.06375
0 0.3725003333333334 0.395 0.085 0.17
0 0.49583333333333335 0.345625 0.02833299999999999 0.058750000000000004
0 0.30083333333333334 0.35125 0.02833299999999999 0.0625
