0 0.5258333333333334 0.42875 0.108333 0.2175
0 0.7225003333333334 0.45 0.125 0.25
0 0.9391663333333334 0.43375 0.07833300000000008 0.1575
0 0.8416663333333333 0.386875 0.03333299999999999 0.06875
0 0.4058333333333334 0.3825 0.04500000000000005 0.09
0 0.28833333333333333 0.374375 0.05 0.09875
0 0.23750033333333337 0.376875 0.041667000000000017 0.08375
0 0.050833333333333335 0.3625 0.048333 0.0775
0 0.5975003333333335 0.379375 0.031667000000000015 0.06375
0 0.6258333333333334 0.38 0.021667000000000013 0.05
0 0.6425003333333333 0.378125 0.025 0.05375
0 0.8708333333333333 0.39437500000000003 0.03166699999999992 0.06875
0 0.4891663333333334 0.381875 0.041667000000000017 0.08375
0 0.3791663333333333 0.365 0.02833299999999999 0.0575
0 0.18000033333333335 0.365 0.030000000000000002 0.055
0 0.19583333333333336 0.3625 0.02833299999999999 0.06
