0 0.5966663333333334 0.406875 0.08666700000000002 0.17375000000000002
0 0.46750033333333335 0.41250000000000003 0.085 0.17
0 0.7750003333333333 0.48562500000000003 0.163333 0.32875
0 0.10333333333333335 0.55 0.203333 0.585
0 0.6841663333333333 0.38125000000000003 0.058332999999999996 0.11750000000000001
0 0.7275003333333334 0.358125 0.035 0.07125000000000001
0 0.6283333333333334 0.358125 0.03333299999999999 0.06625
0 0.39750033333333334 0.170625 0.021667000000000013 0.04625
0 0.4825003333333335 0.21125 0.021667000000000013 0.045
0 0.5975003333333334 0.261875 0.025 0.051250000000000004
0 0.6516663333333335 0.28874999999999995 0.02333299999999999 0.0475
0 0.5225003333333335 0.36062500000000003 0.031667000000000015 0.07375
0 0.5000003333333333 0.36625 0.04333299999999999 0.0925
0 0.4216663333333334 0.4025 0.06000000000000005 0.17250000000000001
0 0.38500033333333333 0.3675 0.03666700000000001 0.105
0 0.3700003333333334 0.375 0.03666700000000001 0.10250000000000001
0 0.32583333333333336 0.376875 0.061667000000000013 0.12625
0 0.24250033333333337 0.366875 0.055 0.12375
0 0.19416633333333333 0.368125 0.04166699999999999 0.09875
0 0.16083333333333336 0.370625 0.048332999999999994 0.09875
0 0.11833333333333335 0.368125 0.03666700000000001 0.08875
0 0.08666633333333333 0.36125 0.04333299999999999 0.0975
0 0.8533333333333334 0.375625 0.03666699999999992 0.08125
