0 0.5908333333333333 0.418125 0.061667000000000013 0.12625
0 0.11000033333333335 0.409375 0.05333299999999999 0.10875
0 0.16250033333333336 0.38875 0.035 0.07
0 0.23500033333333337 0.380625 0.026667000000000014 0.05375
0 0.4058333333333333 0.445 0.07166700000000002 0.14250000000000002
0 0.41250033333333336 0.410625 0.06833300000000005 0.13875
0 0.46750033333333346 0.393125 0.05166700000000001 0.10625
0 0.5025003333333333 0.38 0.02833299999999999 0.0575
0 0.6383333333333334 0.403125 0.03333299999999999 0.06625
0 0.7083333333333334 0.415625 0.046667000000000014 0.09625
0 0.7866663333333334 0.40625 0.060000000000000005 0.12
0 0.9458333333333334 0.39375 0.058333000000000086 0.1325
0 0.9400003333333335 0.460625 0.11 0.30625
0 0.8683333333333334 0.37375 0.030000000000000002 0.0625
0 0.7508333333333332 0.371875 0.025 0.051250000000000004
0 0.7733333333333334 0.393125 0.04 0.09875
