0 0.43083333333333335 0.415625 0.11166699999999997 0.22375
0 0.7600003333333335 0.406875 0.09666700000000002 0.19625
0 0.5191663333333333 0.36562500000000003 0.058332999999999996 0.11875000000000001
0 0.32750033333333334 0.41000000000000003 0.10166700000000002 0.2025
0 0.12833333333333335 0.41500000000000004 0.09666700000000002 0.195
0 0.03916633333333334 0.34875 0.031666999999999994 0.065
0 0.37333333333333335 0.355625 0.04333299999999999 0.08875
0 0.15750033333333335 0.36375 0.045000000000000005 0.0925
0 0.07750033333333332 0.349375 0.028333000000000004 0.058750000000000004
0 0.21583333333333335 0.344375 0.021667000000000013 0.04625
