0 0.6416663333333334 0.46 0.07 0.15
0 0.022500333333333337 0.424375 0.04166700000000001 0.10125
0 0.05916633333333333 0.4325 0.041667 0.095
0 0.08750033333333333 0.42375 0.041667 0.0975
0 0.13833333333333334 0.445625 0.06666699999999999 0.14375000000000002
0 0.18250033333333332 0.42312500000000003 0.041667000000000017 0.08375
0 0.21333333333333335 0.42312500000000003 0.026667000000000014 0.05375
0 0.24250033333333337 0.429375 0.041667000000000017 0.09625
0 0.28166633333333335 0.47750000000000004 0.09000000000000001 0.18
0 0.33166633333333334 0.416875 0.04 0.08125
0 0.38500033333333333 0.416875 0.04333299999999999 0.08875
0 0.4083333333333333 0.42812500000000003 0.04333299999999999 0.08875
0 0.41250033333333336 0.515 0.05166699999999997 0.105
0 0.45333333333333337 0.425 0.05 0.10250000000000001
0 0.4633333333333334 0.45125 0.056667000000000016 0.115
0 0.49500033333333326 0.42375 0.05333299999999999 0.1075
0 0.7450003333333333 0.41375 0.03333299999999999 0.065
0 0.7450003333333333 0.420625 0.02333299999999999 0.04875
0 0.8025003333333334 0.414375 0.035 0.07125000000000001
0 0.8266663333333335 0.405625 0.026667000000000014 0.05625
0 0.8525003333333333 0.439375 0.04166699999999992 0.08625000000000001
0 0.9075003333333334 0.448125 0.08833300000000009 0.17875
0 0.9750003333333334 0.421875 0.04 0.09625
0 0.9466663333333333 0.413125 0.03666699999999992 0.08125
