0 0.5091663333333333 0.406875 0.078333 0.15875
0 0.42666633333333337 0.408125 0.08333300000000005 0.16875
0 0.03916633333333334 0.35125 0.038333000000000006 0.0775
0 0.09000033333333333 0.34750000000000003 0.033333000000000015 0.0675
0 0.22333333333333336 0.355625 0.03666700000000001 0.07375
0 0.47666633333333325 0.4025 0.06333299999999999 0.15
0 0.5908333333333333 0.395 0.061667000000000013 0.125
0 0.6125003333333334 0.393125 0.055 0.12625
0 0.6933333333333331 0.37375 0.03333299999999999 0.075
0 0.7091663333333335 0.373125 0.03833299999999999 0.07625
0 0.8375003333333333 0.38625 0.04499999999999991 0.0925
0 0.8741663333333333 0.375625 0.045000000000000005 0.09125
0 0.8225003333333334 0.37 0.035 0.0725
0 0.5350003333333335 0.36312500000000003 0.03666700000000001 0.07125000000000001
0 0.37583333333333335 0.35875 0.031667000000000015 0.065
