0 0.7300003333333333 0.390625 0.2533330000000001 0.53125
0 0.04083333333333334 0.20625000000000002 0.031667 0.055
0 0.18500033333333335 0.204375 0.030000000000000002 0.06125
0 0.22250033333333336 0.22062500000000002 0.03833299999999999 0.10375000000000001
0 0.25333333333333335 0.23125 0.03666700000000001 0.08750000000000001
0 0.28666633333333336 0.2125 0.04 0.0925
0 0.33083333333333337 0.22875 0.05166700000000001 0.10250000000000001
0 0.35250033333333336 0.23125 0.041667000000000017 0.0925
0 0.40000033333333335 0.230625 0.04333299999999999 0.09875
0 0.10750033333333335 0.368125 0.021667000000000013 0.03625
0 0.09083333333333334 0.38625 0.031667000000000015 0.055
0 0.14416633333333334 0.435625 0.025 0.04875
0 0.20000033333333336 0.49125 0.03666700000000001 0.08750000000000001
