0 0.6891663333333334 0.380625 0.3583330000000001 0.68125
0 0.8191663333333333 0.1575 0.048332999999999994 0.10250000000000001
0 0.8508333333333334 0.15 0.045000000000000005 0.0975
0 0.7566663333333333 0.16 0.05 0.11
0 0.44833333333333336 0.14875 0.026667000000000014 0.055
0 0.16000033333333336 0.15937500000000002 0.03333299999999999 0.06375
0 0.10666633333333334 0.163125 0.026667000000000014 0.058750000000000004
0 0.08250033333333336 0.16375 0.025 0.0625
0 0.03166633333333334 0.170625 0.036667 0.06625
0 0.5300003333333335 0.32125 0.026667000000000014 0.0525
0 0.5491663333333334 0.306875 0.021667000000000013 0.03625
0 0.42750033333333337 0.315 0.021666999999999964 0.04500000000000003
0 0.44333333333333336 0.40375 0.02333299999999999 0.045
0 0.42250033333333337 0.40625 0.021666999999999964 0.0475
0 0.29666633333333337 0.3175 0.02333299999999999 0.04500000000000003
0 0.28166633333333335 0.318125 0.02 0.04374999999999996
0 0.26916633333333334 0.333125 0.031667000000000015 0.05375
0 0.26166633333333333 0.341875 0.02 0.043750000000000004
0 0.21583333333333335 0.33187500000000003 0.025 0.04875
0 0.22916633333333333 0.335 0.021667000000000013 0.05
0 0.22000033333333335 0.3625 0.030000000000000002 0.05
0 0.16833333333333333 0.341875 0.02666699999999999 0.04625
0 0.17166633333333334 0.356875 0.030000000000000002 0.04875
0 0.35166633333333336 0.340625 0.02333299999999999 0.051250000000000004
0 0.31916633333333333 0.36562500000000003 0.02833299999999999 0.05625
0 0.08583333333333334 0.4525 0.031667 0.0775
