0 0.5091663333333333 0.464375 0.128333 0.25875
0 0.6050003333333333 0.42 0.07 0.14
0 0.18250033333333335 0.45687500000000003 0.07833300000000001 0.15625
0 0.22666633333333333 0.4375 0.05333299999999999 0.11
0 0.25666633333333333 0.42375 0.046667000000000014 0.095
0 0.32000033333333333 0.446875 0.08333299999999999 0.16875
0 0.29833333333333334 0.445625 0.06333299999999999 0.15875
0 0.36583333333333334 0.42625 0.058332999999999996 0.125
0 0.42833333333333334 0.425 0.060000000000000005 0.12
0 0.8033333333333335 0.37125 0.030000000000000002 0.065
0 0.8258333333333334 0.3725 0.031667000000000015 0.065
0 0.9325003333333333 0.3625 0.025 0.06
0 0.9466663333333333 0.361875 0.026666999999999916 0.058750000000000004
