0 0.33000033333333334 0.4325 0.07 0.14
0 0.016666333333333328 0.40625 0.026667 0.0825
0 0.03833333333333334 0.40750000000000003 0.033332999999999995 0.0825
0 0.11250033333333335 0.435 0.07166700000000002 0.145
0 0.2733333333333334 0.39437500000000003 0.03333299999999999 0.07125000000000001
0 0.3141663333333333 0.39125 0.035 0.075
0 0.9433333333333334 0.420625 0.07333300000000009 0.14875
0 0.42333333333333334 0.395625 0.036666999999999964 0.07625
0 0.40500033333333335 0.39125 0.03333299999999999 0.0675
0 0.5083333333333334 0.385 0.030000000000000002 0.0625
0 0.5658333333333334 0.39 0.031667000000000015 0.065
0 0.6083333333333334 0.39375 0.03333299999999999 0.0675
0 0.6483333333333334 0.4 0.04333299999999999 0.095
0 0.7375003333333334 0.38625 0.025 0.06
0 0.7675003333333335 0.384375 0.031667000000000015 0.06375
0 0.8116663333333333 0.385625 0.03333299999999999 0.06625
0 0.4525003333333334 0.38125000000000003 0.025 0.055
0 0.9141663333333335 0.375 0.02166699999999992 0.045
