0 0.21250033333333335 0.636875 0.258333 0.5987499999999999
0 0.5258333333333334 0.52375 0.17166700000000001 0.3375
0 0.02166633333333334 0.4 0.016667000000000005 0.04
0 0.011666333333333334 0.40125 0.016667000000000005 0.04
0 0.04083333333333334 0.40125 0.021667000000000002 0.045
0 0.07583333333333334 0.406875 0.028333000000000004 0.058750000000000004
0 0.11083333333333334 0.40125 0.025 0.05
0 0.12416633333333334 0.4 0.025 0.0525
0 0.14833333333333334 0.39687500000000003 0.02333299999999999 0.051250000000000004
0 0.2808333333333333 0.39625 0.031667000000000015 0.065
0 0.32000033333333333 0.40625 0.056667000000000016 0.1125
0 0.32166633333333333 0.43 0.06333299999999999 0.135
0 0.39583333333333337 0.424375 0.065 0.14375000000000002
0 0.38833333333333336 0.410625 0.05 0.11125
0 0.4366663333333333 0.42125 0.046666999999999965 0.1125
0 0.4600003333333333 0.408125 0.04333299999999999 0.11375
0 0.6400003333333335 0.395 0.046667000000000014 0.095
0 0.8066663333333335 0.411875 0.07666700000000001 0.15375
0 0.9550003333333335 0.395625 0.07 0.14125000000000001
