0 0.30583333333333335 0.348125 0.19833300000000004 0.44375000000000003
0 0.5416663333333332 0.335 0.15666700000000003 0.3325
0 0.09166633333333334 0.21937500000000001 0.04666699999999999 0.09625
0 0.5133333333333334 0.231875 0.046667000000000014 0.09875
0 0.5825003333333335 0.228125 0.05166700000000001 0.10875
0 0.6941663333333333 0.263125 0.07500000000000001 0.14374999999999996
0 0.7883333333333333 0.245 0.073333 0.1475
0 0.8550003333333333 0.2775 0.09000000000000001 0.2025
0 0.9416663333333333 0.265625 0.07333300000000009 0.15875000000000003
0 0.9608333333333334 0.319375 0.06166699999999992 0.28125
0 0.6475003333333335 0.249375 0.041667000000000017 0.09875
0 0.6166663333333333 0.22187500000000002 0.04333299999999999 0.10125
0 0.6933333333333332 0.25125000000000003 0.08 0.16
0 0.7400003333333334 0.23375 0.04 0.10250000000000001
