0 0.4733333333333334 0.505 0.08 0.16
0 0.03250033333333334 0.481875 0.051667000000000005 0.10375000000000001
0 0.08833333333333333 0.486875 0.056667000000000016 0.11375
0 0.18583333333333335 0.489375 0.048332999999999994 0.09875
0 0.27083333333333337 0.47000000000000003 0.035 0.0725
0 0.30250033333333337 0.47375 0.035 0.0725
0 0.3458333333333333 0.46875 0.02833299999999999 0.0625
0 0.36333333333333334 0.469375 0.03333299999999999 0.06875
0 0.40083333333333343 0.464375 0.02833299999999999 0.06375
0 0.4400003333333335 0.4575 0.026667000000000014 0.055
0 0.41250033333333336 0.45875 0.025 0.0525
0 0.5091663333333334 0.458125 0.025 0.051250000000000004
0 0.5841663333333335 0.46187500000000004 0.035 0.07125000000000001
0 0.6125003333333334 0.45375 0.021667000000000013 0.045
0 0.6300003333333333 0.465625 0.03333299999999999 0.06625
0 0.6516663333333335 0.466875 0.02333299999999999 0.04625
0 0.6616663333333332 0.455 0.02333299999999999 0.0475
0 0.7083333333333334 0.45625 0.030000000000000002 0.0625
0 0.7483333333333334 0.4625 0.030000000000000002 0.06
0 0.9150003333333333 0.45937500000000003 0.03666699999999992 0.07375
0 0.8625003333333335 0.4475 0.02166699999999992 0.045
0 0.9450003333333336 0.45 0.023333000000000086 0.05
0 0.7866663333333334 0.450625 0.02 0.043750000000000004
0 0.5483333333333333 0.4575 0.02 0.04
0 0.5650003333333333 0.45687500000000003 0.02 0.04625
