0 0.6316663333333334 0.54625 0.143333 0.3
0 0.30250033333333337 0.47500000000000003 0.055 0.11750000000000001
0 0.39583333333333337 0.4675 0.058332999999999996 0.125
0 0.4683333333333334 0.47250000000000003 0.05 0.11750000000000001
0 0.5158333333333334 0.465625 0.055 0.12875
0 0.5791663333333334 0.468125 0.061667000000000013 0.12375
0 0.7133333333333334 0.46625 0.060000000000000005 0.13
0 0.7591663333333335 0.4675 0.05166700000000001 0.125
0 0.9141663333333335 0.48375 0.07500000000000001 0.15
0 0.9283333333333333 0.4575 0.07 0.14
