0 0.5591663333333334 0.560625 0.15166700000000002 0.30375
0 0.17333333333333337 0.52375 0.11333300000000004 0.2275
0 0.06833333333333334 0.57375 0.136667 0.32750000000000007
0 0.050833333333333335 0.46625 0.035 0.0775
0 0.10083333333333334 0.46625 0.03500000000000002 0.08
0 0.13083333333333333 0.465 0.035 0.08
0 0.22583333333333336 0.464375 0.048332999999999994 0.09125
0 0.4608333333333334 0.45687500000000003 0.055 0.10375000000000001
0 0.5200003333333334 0.455 0.05 0.105
0 0.6591663333333333 0.45625 0.058332999999999996 0.125
0 0.7850003333333334 0.449375 0.060000000000000005 0.13375
0 0.9141663333333335 0.449375 0.058333000000000086 0.13375
0 0.9466663333333333 0.449375 0.05333300000000009 0.13625
