0 0.4241663333333334 0.48625 0.118333 0.2475
0 0.32916633333333334 0.4425 0.058332999999999996 0.115
0 0.3725003333333334 0.436875 0.055 0.11375
0 0.6258333333333332 0.429375 0.045000000000000005 0.09125
0 0.6858333333333334 0.42312500000000003 0.041667000000000017 0.08375
0 0.7208333333333333 0.425 0.03833299999999999 0.0825
0 0.8100003333333334 0.43125 0.060000000000000005 0.12
0 0.8766663333333334 0.42125 0.04666699999999992 0.095
0 0.9333333333333333 0.41875 0.05 0.1
0 0.6116663333333333 0.42312500000000003 0.04 0.08125
0 0.6400003333333335 0.4275 0.03666700000000001 0.0825
0 0.7741663333333334 0.42312500000000003 0.035 0.07875
0 0.7966663333333334 0.42 0.04 0.08750000000000001
0 0.8566663333333334 0.41375 0.033333000000000085 0.0675
0 0.9833333333333334 0.40625 0.023333000000000086 0.0625
