0 0.5675003333333335 0.57125 0.15166700000000002 0.3175
0 0.32416633333333333 0.465625 0.05166700000000001 0.11875000000000001
0 0.4300003333333334 0.46125 0.05333300000000004 0.12
0 0.46666633333333335 0.458125 0.05 0.12125
0 0.5258333333333334 0.520625 0.135 0.27875
0 0.6283333333333334 0.455625 0.05 0.10375000000000001
0 0.7341663333333334 0.45437500000000003 0.055 0.10875
0 0.8016663333333333 0.453125 0.05333299999999999 0.10375000000000001
0 0.8450003333333334 0.4525 0.05333300000000009 0.1075
0 0.8933333333333334 0.446875 0.05333300000000009 0.11125
0 0.9408333333333334 0.445625 0.06166699999999992 0.12375
