0 0.47750033333333336 0.51875 0.10500000000000001 0.2125
0 0.5300003333333335 0.494375 0.08666700000000002 0.20875
0 0.3875003333333333 0.5 0.09499999999999996 0.19
0 0.04166633333333334 0.468125 0.04666699999999999 0.10625
0 0.06833333333333334 0.46875 0.04 0.1
0 0.1050003333333333 0.465 0.04666699999999999 0.1075
0 0.12916633333333333 0.4625 0.05166699999999999 0.1075
0 0.28916633333333336 0.48 0.06833299999999999 0.1375
0 0.5983333333333334 0.466875 0.060000000000000005 0.12125
0 0.6816663333333334 0.47250000000000003 0.060000000000000005 0.12
0 0.7975003333333333 0.4625 0.06833299999999999 0.14
