0 0.47416633333333336 0.58875 0.135 0.27
0 0.5558333333333334 0.49562500000000004 0.108333 0.21875
0 0.020000333333333335 0.463125 0.04 0.10125
0 0.12250033333333335 0.460625 0.05166700000000001 0.10375000000000001
0 0.3116663333333333 0.45937500000000003 0.05333299999999999 0.11375
0 0.35916633333333337 0.474375 0.031667000000000015 0.06375
0 0.44833333333333336 0.45937500000000003 0.05666699999999997 0.11375
0 0.5033333333333334 0.45875 0.056667000000000016 0.115
0 0.5925003333333335 0.45375 0.061667000000000013 0.1225
0 0.6525003333333335 0.4575 0.061667000000000013 0.1225
0 0.7208333333333333 0.455 0.061667000000000013 0.1225
0 0.7950003333333335 0.45 0.06666700000000002 0.135
0 0.9191663333333335 0.451875 0.06833300000000009 0.13875
