0 0.4683333333333334 0.541875 0.09000000000000001 0.18125
0 0.6633333333333333 0.48875 0.093333 0.1875
0 0.060000333333333336 0.46187500000000004 0.04 0.08125
0 0.10333333333333335 0.45875 0.03333299999999999 0.065
0 0.15833333333333335 0.47625 0.056667000000000016 0.1125
0 0.17250033333333337 0.466875 0.048333000000000015 0.09875
0 0.21166633333333335 0.4675 0.05 0.1
0 0.25916633333333333 0.45437500000000003 0.031667000000000015 0.06375
0 0.27916633333333335 0.45437500000000003 0.031667000000000015 0.06375
0 0.33083333333333337 0.45437500000000003 0.035 0.07125000000000001
0 0.3700003333333334 0.45437500000000003 0.03666700000000001 0.07625
0 0.41666633333333336 0.45375 0.04 0.0825
0 0.5475003333333333 0.45437500000000003 0.045000000000000005 0.09375
0 0.6183333333333334 0.455625 0.04333299999999999 0.08875
0 0.7116663333333334 0.455 0.05 0.1
0 0.8358333333333334 0.450625 0.055 0.11125
0 0.7966663333333334 0.45625 0.05 0.10250000000000001
0 0.9525003333333333 0.45625 0.06166699999999992 0.125
0 0.5833333333333334 0.468125 0.026667000000000014 0.05625
0 0.9483333333333334 0.533125 0.08666699999999992 0.33124999999999993
