0 0.6933333333333334 0.529375 0.17666700000000002 0.41625
0 0.5108333333333334 0.474375 0.118333 0.23875000000000002
0 0.12083333333333333 0.43625 0.065 0.1325
0 0.14750033333333332 0.435625 0.065 0.13125
0 0.21583333333333335 0.434375 0.061667000000000013 0.13125
0 0.48000033333333336 0.4325 0.05 0.10250000000000001
0 0.5625003333333335 0.43062500000000004 0.05166700000000001 0.10375000000000001
0 0.5900003333333335 0.424375 0.056667000000000016 0.11375
0 0.6375003333333333 0.43125 0.045000000000000005 0.095
0 0.7516663333333333 0.43625 0.08333299999999999 0.1675
0 0.8841663333333333 0.5125 0.165 0.32999999999999996
0 0.9508333333333334 0.41500000000000004 0.04166699999999992 0.09
