0 0.4316663333333334 0.49125 0.10333299999999995 0.225
0 0.24416633333333335 0.458125 0.085 0.18375
0 0.12583333333333335 0.466875 0.078333 0.15875
0 0.30416633333333337 0.44375000000000003 0.07166700000000002 0.14250000000000002
0 0.3700003333333334 0.465625 0.10666699999999997 0.21375
0 0.4525003333333334 0.43062500000000004 0.061666999999999965 0.12375
0 0.5058333333333334 0.43 0.05166700000000001 0.105
0 0.5533333333333335 0.42375 0.05 0.10250000000000001
0 0.5791663333333334 0.4225 0.048332999999999994 0.10250000000000001
0 0.6283333333333334 0.420625 0.04333299999999999 0.10125
0 0.6725003333333333 0.419375 0.045000000000000005 0.10625
0 0.6941663333333333 0.41625 0.045000000000000005 0.0925
0 0.7166663333333333 0.41250000000000003 0.04333299999999999 0.10250000000000001
0 0.7275003333333335 0.416875 0.041667000000000017 0.09125
0 0.7900003333333335 0.41000000000000003 0.03666700000000001 0.085
0 0.8158333333333334 0.40750000000000003 0.041667000000000017 0.09
0 0.8333333333333334 0.405625 0.04 0.09375
0 0.8608333333333333 0.405 0.04166699999999992 0.085
0 0.8908333333333334 0.40375 0.035 0.0775
0 0.9091663333333335 0.40375 0.03833300000000009 0.085
0 0.9275003333333333 0.40125 0.035 0.085
0 0.9450003333333336 0.39937500000000004 0.03666699999999992 0.08125
0 0.9700003333333334 0.39687500000000003 0.04 0.09125
0 0.7483333333333334 0.4275 0.06333299999999999 0.1275
