0 0.35500033333333336 0.3875 0.27 0.545
0 0.5341663333333334 0.035625000000000004 0.031667000000000015 0.07125000000000001
0 0.5025003333333334 0.034999999999999996 0.031667000000000015 0.07
0 0.9508333333333334 0.194375 0.03833300000000009 0.08125
0 0.8983333333333334 0.1925 0.030000000000000002 0.065
0 0.8500003333333334 0.194375 0.033333000000000085 0.07375
0 0.7141663333333335 0.2 0.035 0.08
0 0.45833333333333337 0.198125 0.026667000000000014 0.06125
0 0.4133333333333334 0.1975 0.026666999999999965 0.06
0 0.25833333333333336 0.215625 0.04 0.09125
0 0.23166633333333334 0.22187500000000002 0.03666700000000001 0.08875
0 0.07583333333333334 0.225625 0.045000000000000005 0.10625
0 0.7725003333333335 0.45687500000000003 0.031667000000000015 0.06875
0 0.6191663333333334 0.414375 0.035 0.058750000000000004
0 0.5575003333333335 0.411875 0.021667000000000013 0.058750000000000004
0 0.5416663333333332 0.41500000000000004 0.02333299999999999 0.0575
0 0.5591663333333332 0.443125 0.02833299999999999 0.06625
0 0.6291663333333335 0.460625 0.031667000000000015 0.07125000000000001
0 0.7491663333333334 0.558125 0.035 0.06875
0 0.6058333333333333 0.50125 0.035 0.075
0 0.6216663333333333 0.5537500000000001 0.03333299999999999 0.065
0 0.46666633333333335 0.40375 0.02 0.05
0 0.48666633333333326 0.406875 0.02333299999999999 0.04625
