0 0.5208333333333334 0.49562500000000004 0.11166700000000002 0.22625
0 0.04750033333333334 0.47000000000000003 0.07166700000000001 0.145
0 0.11583333333333334 0.476875 0.061667000000000013 0.13125
0 0.17333333333333334 0.471875 0.06666700000000002 0.13375
0 0.21833333333333335 0.46625 0.06666700000000002 0.145
0 0.27000033333333334 0.4675 0.07 0.14250000000000002
0 0.3791663333333333 0.469375 0.065 0.13125
0 0.46250033333333335 0.47000000000000003 0.065 0.1325
0 0.5958333333333333 0.4675 0.07500000000000001 0.15
0 0.6741663333333334 0.45875 0.061667000000000013 0.1225
0 0.7533333333333334 0.455625 0.06666700000000002 0.13375
0 0.8358333333333334 0.471875 0.048333000000000084 0.09875
0 0.8700003333333333 0.458125 0.05666699999999992 0.12625
0 0.9566663333333335 0.5425 0.06666699999999992 0.33000000000000007
