0 0.8375003333333333 0.521875 0.13166699999999992 0.2637500000000001
0 0.05666633333333334 0.46625 0.076667 0.155
0 0.26333333333333336 0.460625 0.073333 0.14875
0 0.32166633333333333 0.435625 0.05 0.10125
0 0.35583333333333333 0.450625 0.02833299999999999 0.058750000000000004
0 0.41583333333333333 0.50125 0.04166699999999997 0.085
0 0.3983333333333334 0.44125000000000003 0.04333299999999999 0.08750000000000001
0 0.49083333333333334 0.4325 0.048332999999999994 0.0975
0 0.5175003333333333 0.4625 0.07500000000000001 0.1525
0 0.5783333333333334 0.4675 0.08 0.1625
0 0.6125003333333333 0.4575 0.06833299999999999 0.145
0 0.6491663333333335 0.453125 0.061667000000000013 0.12625
0 0.6616663333333332 0.421875 0.03333299999999999 0.06875
0 0.6891663333333333 0.42625 0.02833299999999999 0.0575
0 0.7133333333333334 0.43 0.02 0.045
0 0.7300003333333333 0.42312500000000003 0.02333299999999999 0.058750000000000004
0 0.7525003333333334 0.421875 0.025 0.051250000000000004
0 0.7766663333333335 0.42562500000000003 0.03333299999999999 0.06625
0 0.8041663333333334 0.420625 0.021667000000000013 0.04625
0 0.8933333333333334 0.424375 0.033333000000000085 0.06625
0 0.8691663333333333 0.415625 0.02166699999999992 0.04625
0 0.9383333333333334 0.42 0.030000000000000002 0.0625
0 0.9525003333333333 0.418125 0.02166699999999992 0.051250000000000004
0 0.9825003333333335 0.42625 0.025 0.075
