0 0.7833333333333334 0.516875 0.15333300000000008 0.3112500000000001
0 0.9508333333333334 0.480625 0.065 0.13125
0 0.08166633333333333 0.455 0.07999999999999999 0.1625
0 0.19416633333333333 0.435 0.06499999999999997 0.1325
0 0.24083333333333334 0.46375 0.108333 0.2175
0 0.35250033333333336 0.473125 0.10500000000000001 0.21125
0 0.4683333333333334 0.491875 0.10666699999999997 0.21625
0 0.6041663333333332 0.48562500000000003 0.131667 0.26625
0 0.31916633333333333 0.440625 0.058332999999999996 0.13625
0 0.41583333333333333 0.4225 0.055 0.115
0 0.49750033333333327 0.42 0.048332999999999994 0.1
0 0.5200003333333334 0.419375 0.04 0.09875
0 0.5400003333333335 0.438125 0.056667000000000016 0.11375
0 0.6883333333333332 0.41500000000000004 0.04 0.0825
0 0.7241663333333334 0.409375 0.045000000000000005 0.09125
0 0.8991663333333335 0.39687500000000003 0.028333000000000084 0.058750000000000004
0 0.9700003333333334 0.393125 0.026666999999999916 0.05375
0 0.9516663333333333 0.39187500000000003 0.026666999999999916 0.05625
0 0.9358333333333334 0.3925 0.028333000000000084 0.06
0 0.9150003333333333 0.39375 0.030000000000000002 0.0625
