0 0.33416633333333334 0.55125 0.20833299999999996 0.53
0 0.42000033333333336 0.426875 0.07666699999999997 0.15625
0 0.5066663333333333 0.455 0.12000000000000001 0.2425
0 0.5991663333333335 0.4475 0.14166700000000002 0.28500000000000003
0 0.6658333333333334 0.40625 0.065 0.1325
0 0.7616663333333334 0.410625 0.073333 0.14875
0 0.7900003333333334 0.40375 0.060000000000000005 0.1325
0 0.8950003333333333 0.44875 0.14 0.28250000000000003
0 0.9625003333333333 0.435 0.06166699999999992 0.195
0 0.45833333333333337 0.3825 0.03333299999999999 0.0625
0 0.39166633333333334 0.385 0.03333299999999999 0.0625
