0 0.19833333333333333 0.49375 0.16 0.32
0 0.044166333333333335 0.42312500000000003 0.065 0.13125
0 0.12000033333333335 0.419375 0.06333300000000001 0.13375
0 0.24583333333333335 0.405625 0.03833299999999999 0.09125
0 0.29166633333333336 0.410625 0.046667000000000014 0.09625
0 0.5733333333333334 0.43 0.08333299999999999 0.1825
0 0.6125003333333334 0.421875 0.08166700000000002 0.18875
0 0.7191663333333334 0.42625 0.07500000000000001 0.1525
0 0.9375003333333333 0.45125 0.10500000000000001 0.23500000000000001
0 0.8741663333333333 0.419375 0.07500000000000001 0.17375000000000002
