0 0.3775003333333333 0.38375000000000004 0.28166700000000006 0.5650000000000001
0 0.23416633333333334 0.19187500000000002 0.05166700000000001 0.07875
0 0.5175003333333332 0.1875 0.02833299999999999 0.0825
0 0.6366663333333334 0.18125 0.02333299999999999 0.0575
0 0.6766663333333335 0.18125 0.026667000000000014 0.0675
0 0.7858333333333334 0.211875 0.05166700000000001 0.14375000000000002
0 0.7441663333333333 0.21937500000000001 0.048332999999999994 0.14125000000000001
0 0.8725003333333335 0.19625 0.03833300000000009 0.095
0 0.8491663333333335 0.201875 0.045000000000000095 0.10625
0 0.9608333333333334 0.195625 0.058333000000000086 0.11875000000000001
0 0.6008333333333333 0.41625 0.02833299999999999 0.0575
0 0.6608333333333334 0.47625 0.02833299999999999 0.0675
0 0.6350003333333333 0.47625 0.03333299999999999 0.0775
0 0.5750003333333333 0.483125 0.030000000000000002 0.06125
0 0.5333333333333333 0.38375000000000004 0.026667000000000014 0.045
0 0.06416633333333335 0.185625 0.018333000000000002 0.05375
0 0.09583333333333334 0.186875 0.025 0.04875
0 0.029166333333333336 0.18375 0.028333000000000004 0.0575
0 0.13333333333333333 0.398125 0.02333299999999999 0.04875
0 0.11416633333333336 0.400625 0.025 0.05375
0 0.13666633333333336 0.4325 0.030000000000000002 0.0625
0 0.22750033333333336 0.44125000000000003 0.035 0.065
0 0.20916633333333334 0.469375 0.02833299999999999 0.08125
0 0.23000033333333336 0.539375 0.03333299999999999 0.08125
0 0.03416633333333333 0.401875 0.025 0.04625
0 0.05583333333333334 0.41000000000000003 0.028332999999999997 0.045
0 0.01583333333333334 0.46875 0.031667 0.0775
