0 0.5716663333333333 0.498125 0.133333 0.26625
0 0.6325003333333334 0.505625 0.15166700000000002 0.30375
0 0.17916633333333334 0.516875 0.148333 0.27625000000000005
0 0.9141663333333335 0.46875 0.10166699999999992 0.2275
0 0.5116663333333334 0.47125 0.09666700000000002 0.2125
0 0.7383333333333334 0.41875 0.03666700000000001 0.0825
0 0.8200003333333333 0.40875 0.03333299999999999 0.0675
0 0.8416663333333335 0.41000000000000003 0.026667000000000014 0.065
0 0.7708333333333334 0.405 0.021667000000000013 0.05
0 0.8800003333333333 0.40375 0.030000000000000002 0.06
