0 0.46916633333333335 0.51875 0.21500000000000002 0.46
0 0.5775003333333335 0.37625000000000003 0.088333 0.1775
0 0.6358333333333334 0.395625 0.088333 0.17875
0 0.6825003333333335 0.389375 0.08166700000000002 0.16625
0 0.7300003333333333 0.403125 0.09000000000000001 0.18125
0 0.7458333333333335 0.383125 0.085 0.19875
0 0.8066663333333334 0.34625 0.030000000000000002 0.06
0 0.8416663333333335 0.34500000000000003 0.030000000000000096 0.0625
0 0.9325003333333333 0.348125 0.048333000000000084 0.09875
0 0.35083333333333333 0.398125 0.07166700000000002 0.14375000000000002
0 0.17500033333333337 0.378125 0.06333300000000001 0.12875
0 0.20916633333333334 0.375 0.061667000000000013 0.1275
0 0.26750033333333334 0.341875 0.021667000000000013 0.04625
0 0.025000333333333333 0.36375 0.04 0.09
0 0.07500033333333334 0.3625 0.05 0.1
0 0.36166633333333337 0.374375 0.056667000000000016 0.11625
0 0.11416633333333336 0.35000000000000003 0.025 0.0525
