0 0.6291663333333333 0.431875 0.16166700000000003 0.34375
0 0.5225003333333333 0.335 0.07500000000000001 0.1525
0 0.5975003333333333 0.381875 0.128333 0.25625
0 0.7575003333333333 0.324375 0.058332999999999996 0.11875000000000001
0 0.6783333333333335 0.330625 0.05 0.10125
0 0.7850003333333333 0.338125 0.073333 0.14625
0 0.23166633333333334 0.32375 0.04333299999999999 0.08750000000000001
0 0.33666633333333335 0.313125 0.030000000000000002 0.06125
0 0.3925003333333334 0.319375 0.041667000000000017 0.08375
0 0.9158333333333334 0.336875 0.058333000000000086 0.11875000000000001
0 0.8900003333333333 0.32375 0.05 0.1
0 0.9616663333333335 0.333125 0.05333300000000009 0.12125
0 0.18333333333333335 0.309375 0.026667000000000014 0.05375
0 0.15750033333333335 0.305625 0.025 0.051250000000000004
