0 0.29000033333333336 0.395625 0.10666699999999997 0.22875
0 0.5475003333333333 0.4625 0.178333 0.365
0 0.36333333333333334 0.439375 0.073333 0.14875
0 0.40666633333333335 0.388125 0.1 0.20125
0 0.4866663333333334 0.384375 0.103333 0.20875
0 0.6275003333333333 0.385625 0.09833299999999999 0.19625
0 0.6658333333333334 0.408125 0.061667000000000013 0.12625
0 0.7066663333333333 0.393125 0.08333299999999999 0.16875
0 0.6675003333333333 0.35125 0.06833299999999999 0.1475
0 0.8300003333333333 0.356875 0.08333299999999999 0.16625
0 0.8650003333333333 0.369375 0.06666699999999992 0.13625
0 0.8941663333333335 0.35625 0.06833300000000009 0.15
0 0.7358333333333333 0.36875 0.058332999999999996 0.155
