0 0.7316663333333334 0.479375 0.18000000000000002 0.42875
0 0.29833333333333334 0.49312500000000004 0.166667 0.36375
0 0.08833333333333333 0.4575 0.133333 0.28
0 0.34750033333333336 0.446875 0.12166699999999997 0.24375
0 0.9341663333333334 0.444375 0.06166699999999992 0.11625
0 0.8158333333333334 0.35375 0.031667000000000015 0.065
0 0.9225003333333333 0.371875 0.05166699999999992 0.10625
0 0.9591663333333335 0.37 0.045000000000000005 0.09
0 0.9733333333333334 0.355625 0.04333300000000009 0.08625000000000001
0 0.5966663333333333 0.35625 0.02333299999999999 0.0475
0 0.6150003333333333 0.35625 0.02333299999999999 0.0475
