0 0.8666663333333334 0.40125 0.07 0.14250000000000002
0 0.1425003333333333 0.416875 0.101667 0.20625000000000002
0 0.38583333333333336 0.43125 0.115 0.2325
0 0.2783333333333334 0.50875 0.15000000000000002 0.3
0 0.24000033333333337 0.41625 0.1 0.2
0 0.34000033333333335 0.405625 0.07666700000000001 0.18375
0 0.4608333333333334 0.433125 0.058332999999999996 0.11875000000000001
0 0.45916633333333334 0.39687500000000003 0.065 0.16625
0 0.5708333333333334 0.398125 0.07500000000000001 0.15875
0 0.6108333333333333 0.39125 0.061667000000000013 0.15
0 0.6375003333333333 0.386875 0.058332999999999996 0.13875
0 0.6891663333333333 0.390625 0.058332999999999996 0.11875000000000001
0 0.7566663333333333 0.388125 0.05 0.10375000000000001
0 0.7800003333333334 0.3875 0.04 0.0975
0 0.8066663333333335 0.388125 0.046667000000000014 0.10125
