0 0.36083333333333334 0.446875 0.15166699999999997 0.31375000000000003
0 0.5866663333333333 0.42562500000000003 0.166667 0.34375
0 0.6541663333333334 0.400625 0.118333 0.27625
0 0.04666633333333334 0.40750000000000003 0.09000000000000001 0.23750000000000002
0 0.1666663333333334 0.446875 0.07333300000000002 0.14625
0 0.19833333333333333 0.385 0.10666699999999997 0.215
0 0.39916633333333335 0.41125 0.14500000000000002 0.29
0 0.47250033333333336 0.408125 0.10166699999999997 0.23875000000000002
0 0.5083333333333334 0.39937500000000004 0.09000000000000001 0.19375
0 0.8050003333333333 0.405625 0.133333 0.26875
0 0.8825003333333334 0.468125 0.10166699999999992 0.20375000000000001
0 0.9383333333333334 0.443125 0.10666699999999993 0.25875
