0 0.7633333333333334 0.42 0.103333 0.20750000000000002
0 0.5183333333333333 0.460625 0.17 0.34125
0 0.30416633333333337 0.49312500000000004 0.138333 0.27875
0 0.6508333333333334 0.409375 0.088333 0.19125
0 0.2050003333333333 0.463125 0.156667 0.31375000000000003
0 0.8516663333333335 0.418125 0.10333300000000009 0.20875
0 0.7233333333333334 0.405 0.08666700000000002 0.17500000000000002
0 0.6575003333333332 0.395 0.08166700000000002 0.18
0 0.8166663333333333 0.39437500000000003 0.073333 0.16625
0 0.9241663333333334 0.383125 0.06833300000000009 0.14375000000000002
0 0.8658333333333333 0.375 0.06166699999999992 0.14250000000000002
