0 0.49916633333333343 0.44 0.088333 0.2175
0 0.5691663333333333 0.445 0.125 0.2575
0 0.7700003333333333 0.49312500000000004 0.18999999999999992 0.44625000000000004
0 0.3458333333333333 0.42375 0.11166700000000002 0.225
0 0.10916633333333335 0.446875 0.131667 0.26625
0 0.24416633333333335 0.465 0.135 0.2975
0 0.39166633333333334 0.411875 0.08 0.16125
0 0.6141663333333333 0.40375 0.078333 0.18
0 0.6933333333333332 0.451875 0.13 0.27625
0 0.7316663333333334 0.386875 0.07666700000000001 0.15625
0 0.9275003333333333 0.385625 0.07166699999999993 0.15125
0 0.9566663333333335 0.395625 0.07333300000000009 0.16375
