0 0.520625 0.6225003333333333 0.08625000000000001 0.308333
0 0.08625000000000001 0.7191663333333335 0.13 0.46500000000000014
0 0.915625 0.6991663333333334 0.16625 0.5916669999999999
0 0.74 0.6575003333333332 0.1075 0.385
0 0.366875 0.5916663333333333 0.05625 0.203333
0 0.4275 0.5983333333333334 0.0575 0.20666700000000002
0 0.4825 0.5966663333333334 0.0625 0.223333
0 0.26875 0.6341663333333335 0.08 0.258333
0 0.61875 0.5958333333333333 0.05 0.201667
0 0.5875 0.5750003333333333 0.0425 0.18000000000000002
0 0.68125 0.5825003333333334 0.055 0.21500000000000002
0 0.8475 0.5950003333333332 0.0475 0.213333
0 0.65 0.5525003333333334 0.025 0.115
