0 0.32500033333333334 0.41125 0.373333 0.7475
0 0.6250003333333333 0.1675 0.02333299999999999 0.0675
0 0.6566663333333335 0.166875 0.026667000000000014 0.06625
0 0.6783333333333335 0.171875 0.030000000000000002 0.07375
0 0.7575003333333334 0.166875 0.035 0.06875
0 0.7950003333333333 0.174375 0.03333299999999999 0.07875
0 0.8283333333333334 0.175625 0.03666700000000001 0.07875
0 0.8566663333333334 0.173125 0.03666699999999992 0.07625
0 0.9350003333333335 0.21125 0.05 0.145
0 0.09000033333333335 0.421875 0.030000000000000013 0.07125000000000001
0 0.13500033333333336 0.440625 0.04 0.08125
0 0.04833333333333334 0.539375 0.04666700000000001 0.08375
0 0.7525003333333334 0.40875 0.035 0.0625
0 0.7250003333333332 0.41250000000000003 0.026667000000000014 0.0575
0 0.7041663333333334 0.4375 0.025 0.0725
0 0.7475003333333334 0.471875 0.035 0.058750000000000004
0 0.6375003333333333 0.434375 0.02833299999999999 0.06875
0 0.5558333333333334 0.51375 0.03833299999999999 0.08750000000000001
