0 0.484375 0.5250003333333334 0.05375 0.19
0 0.52 0.5216663333333335 0.055 0.19666699999999998
0 0.20500000000000002 0.48833333333333334 0.135 0.4833330000000001
0 0.795625 0.5425003333333333 0.06375 0.228333
0 0.439375 0.5108333333333334 0.043750000000000004 0.24500000000000002
0 0.449375 0.5075003333333333 0.03375 0.16833300000000004
0 0.70875 0.5325003333333332 0.0375 0.15166700000000002
0 0.681875 0.5275003333333333 0.03125 0.14500000000000002
0 0.67 0.5291663333333334 0.035 0.155
0 0.6587500000000001 0.5250003333333334 0.03 0.15000000000000002
0 0.608125 0.5150003333333334 0.03125 0.13
0 0.58625 0.5408333333333334 0.0475 0.21166700000000002
0 0.56625 0.5125003333333333 0.03 0.135
