0 0.216875 0.5150003333333334 0.06125 0.22
0 0.14250000000000002 0.5200003333333334 0.06000000000000002 0.21666700000000008
0 0.420625 0.5300003333333334 0.051250000000000004 0.23333299999999996
0 0.491875 0.5358333333333334 0.04625 0.218333
0 0.5593750000000001 0.5508333333333334 0.04125 0.20500000000000002
0 0.716875 0.5366663333333334 0.03625 0.2
0 0.763125 0.5125003333333333 0.03375 0.155
0 0.8300000000000001 0.5416663333333334 0.04 0.21000000000000002
0 0.880625 0.5133333333333334 0.03125 0.153333
0 0.9075 0.4650003333333333 0.015 0.05333299999999999
0 0.9500000000000001 0.5008333333333331 0.03 0.131667
0 0.9725 0.5050003333333333 0.0275 0.12666700000000003
0 0.9868750000000001 0.49083333333333334 0.01875 0.10500000000000001
