0 0.48812500000000003 0.353125 0.10375000000000001 0.27875
0 0.5625 0.370625 0.1075 0.28875
0 0.61875 0.32625 0.08 0.245
0 0.25562500000000005 0.3425 0.09375 0.2975
0 0.34375 0.35125 0.10250000000000001 0.34
0 0.40375 0.3325 0.0775 0.27
0 0.744375 0.28500000000000003 0.03875 0.1325
0 0.784375 0.280625 0.03125 0.11125
0 0.8043750000000001 0.288125 0.03625 0.12375
0 0.83125 0.281875 0.0325 0.10875
0 0.864375 0.314375 0.06125 0.20625000000000002
0 0.92 0.3125 0.065 0.21750000000000003
0 0.9725 0.306875 0.045 0.19875
