0 0.3741663333333333 0.5650000000000001 0.14500000000000002 0.2925
0 0.5316663333333334 0.5025000000000001 0.32 0.6425
0 0.18416633333333332 0.525625 0.255 0.51125
0 0.07083333333333333 0.48562500000000003 0.135 0.47375
0 0.3716663333333334 0.433125 0.11666700000000002 0.33875
0 0.6325003333333334 0.35875 0.07166700000000002 0.22
0 0.6916663333333334 0.371875 0.07 0.21625
0 0.7433333333333334 0.375 0.08666700000000002 0.2425
0 0.7891663333333334 0.346875 0.065 0.17875
0 0.8550003333333333 0.35375 0.05666699999999992 0.1625
0 0.8225003333333335 0.3375 0.041667000000000017 0.1225
0 0.3150003333333333 0.39437500000000003 0.11333299999999999 0.22625
