0 0.19333333333333336 0.34125 0.13 0.26
0 0.45666633333333334 0.31 0.12666700000000006 0.25499999999999995
0 0.5591663333333333 0.34 0.115 0.245
0 0.5141663333333335 0.395 0.061667000000000013 0.125
0 0.020000333333333335 0.31 0.04 0.24499999999999997
0 0.07916633333333334 0.32375 0.08500000000000003 0.2025
0 0.28916633333333336 0.3575 0.108333 0.305
0 0.34666633333333335 0.308125 0.07666700000000001 0.17875
0 0.7516663333333334 0.254375 0.03666700000000001 0.08625000000000001
0 0.7275003333333333 0.25249999999999995 0.02833299999999999 0.0775
