0 0.3775003333333333 0.389375 0.291667 0.66125
0 0.5291663333333334 0.13375 0.031667000000000015 0.08
0 0.48333333333333334 0.13125 0.03333299999999999 0.08
0 0.4366663333333333 0.130625 0.033333000000000036 0.07875
0 0.28833333333333333 0.1375 0.04 0.07999999999999999
0 0.24000033333333337 0.138125 0.04 0.07875
0 0.6875003333333333 0.1275 0.02833299999999999 0.0725
0 0.7083333333333334 0.12875 0.026667000000000014 0.07
0 0.8333333333333334 0.123125 0.026667000000000014 0.06625
0 0.4866663333333334 0.375 0.026667000000000014 0.065
0 0.5341663333333333 0.374375 0.02833299999999999 0.06125
0 0.5366663333333334 0.3975 0.030000000000000002 0.085
0 0.5783333333333334 0.39375 0.030000000000000002 0.0675
0 0.6250003333333334 0.39625 0.030000000000000002 0.0675
0 0.6675003333333333 0.39937500000000004 0.02833299999999999 0.08125
0 0.6916663333333335 0.400625 0.026667000000000014 0.07125000000000001
0 0.7175003333333335 0.401875 0.031667000000000015 0.07125000000000001
0 0.7391663333333334 0.41125 0.035 0.0725
0 0.7875003333333332 0.413125 0.035 0.06875
0 0.8566663333333334 0.414375 0.04 0.08625000000000001
0 0.8383333333333334 0.435625 0.02 0.04625
0 0.8133333333333332 0.42375 0.03333299999999999 0.0775
0 0.6591663333333333 0.5381250000000001 0.03833299999999999 0.09125
