0 0.4550003333333334 0.618125 0.09333300000000004 0.18625
0 0.6183333333333334 0.61375 0.09666700000000002 0.195
0 0.4758333333333334 0.53125 0.08166700000000002 0.1825
0 0.9316663333333335 0.85 0.11666700000000012 0.2025
0 0.7041663333333334 0.5181250000000001 0.078333 0.15875
0 0.5750003333333333 0.483125 0.073333 0.15625
0 0.8125003333333333 0.4925 0.078333 0.1775
0 0.7358333333333333 0.395 0.06833299999999999 0.1375
0 0.5633333333333334 0.408125 0.06666700000000002 0.14625
0 0.4875003333333335 0.404375 0.07166700000000002 0.16125
0 0.6908333333333334 0.34375 0.07500000000000001 0.165
0 0.6166663333333333 0.31375000000000003 0.073333 0.165
0 0.5408333333333334 0.34750000000000003 0.06833299999999999 0.1675
0 0.42916633333333337 0.3125 0.07166699999999997 0.15500000000000003
0 0.8350003333333333 0.270625 0.073333 0.15875000000000003
0 0.9366663333333333 0.448125 0.0933330000000001 0.17875
0 0.9325003333333333 0.261875 0.06166699999999992 0.12375
0 0.8966663333333335 0.21375 0.07 0.14
0 0.8191663333333334 0.225 0.061667000000000013 0.1325
0 0.7283333333333334 0.22375 0.07 0.1525
0 0.6733333333333333 0.231875 0.06333299999999999 0.13625
0 0.6391663333333335 0.25812500000000005 0.041667000000000017 0.09625
0 0.5758333333333334 0.234375 0.061667000000000013 0.14625
0 0.48666633333333337 0.254375 0.07 0.16625
0 0.41416633333333336 0.2225 0.061666999999999965 0.14
0 0.7408333333333336 0.105 0.041667000000000017 0.0925
0 0.7066663333333334 0.084375 0.05 0.10625
0 0.6533333333333333 0.14375000000000002 0.05 0.13000000000000003
0 0.5900003333333332 0.19125 0.05333299999999999 0.135
0 0.5641663333333332 0.13375 0.058332999999999996 0.125
0 0.6183333333333334 0.11625 0.05333299999999999 0.12
0 0.4366663333333333 0.1475 0.060000000000000005 0.145
0 0.5300003333333333 0.181875 0.05333299999999999 0.13125
0 0.39583333333333337 0.116875 0.045000000000000005 0.11375
0 0.35333333333333333 0.12 0.05 0.11750000000000001
0 0.26083333333333336 0.08750000000000001 0.061667000000000013 0.14
0 0.23000033333333336 0.068125 0.05 0.12875
0 0.5025003333333334 0.09375 0.05166700000000001 0.12
0 0.08083333333333334 0.08687500000000001 0.07166700000000002 0.15125
0 0.31583333333333335 0.06 0.05166700000000001 0.12
