0 0.5658333333333334 0.38 0.09166700000000001 0.185
0 0.24166633333333334 0.33875 0.08 0.16
0 0.10000033333333336 0.275625 0.07666700000000001 0.15625
0 0.7616663333333334 0.4 0.09666700000000002 0.27
0 0.9341663333333334 0.33875 0.055 0.1475
0 0.9725003333333333 0.3325 0.045000000000000005 0.17500000000000002
0 0.7058333333333334 0.35125 0.055 0.14250000000000002
0 0.6233333333333334 0.33375 0.03333299999999999 0.075
0 0.5875003333333334 0.35000000000000003 0.035 0.0825
0 0.5075003333333333 0.39125 0.06833299999999999 0.18
0 0.36333333333333334 0.381875 0.060000000000000005 0.14125000000000001
0 0.040000333333333346 0.23125 0.05000000000000001 0.14
0 0.022500333333333337 0.25499999999999995 0.03500000000000001 0.105
0 0.24500033333333335 0.131875 0.04 0.09625
0 0.17583333333333334 0.130625 0.03833299999999999 0.10375000000000001
0 0.4683333333333334 0.05375 0.046667000000000014 0.095
