0 0.40666633333333335 0.375625 0.06666699999999996 0.13375
0 0.6550003333333335 0.81125 0.103333 0.215
0 0.3700003333333334 0.70375 0.1 0.195
0 0.42500033333333337 0.52875 0.06666699999999996 0.1575
0 0.4633333333333334 0.503125 0.05333299999999999 0.12375
0 0.5666663333333334 0.4925 0.07 0.1625
0 0.6008333333333333 0.431875 0.055 0.13875
0 0.7158333333333334 0.41125 0.058332999999999996 0.1325
0 0.8233333333333334 0.37625000000000003 0.06666699999999992 0.15
0 0.7908333333333334 0.348125 0.05166700000000001 0.13625
0 0.7725003333333333 0.31 0.048332999999999994 0.12249999999999997
0 0.7300003333333333 0.3625 0.05333299999999999 0.1225
0 0.6850003333333333 0.36 0.05333299999999999 0.14
0 0.6491663333333335 0.34125 0.041667000000000017 0.125
0 0.5991663333333335 0.34375 0.041667000000000017 0.1125
0 0.5741663333333334 0.33 0.03833299999999999 0.11
0 0.5166663333333334 0.405625 0.056667000000000016 0.13875
0 0.5400003333333335 0.344375 0.046667000000000014 0.12625
0 0.48500033333333326 0.351875 0.04333299999999999 0.11875000000000001
0 0.4216663333333334 0.345625 0.05000000000000005 0.12125
0 0.03750033333333334 0.3875 0.071667 0.28500000000000003
0 0.09500033333333334 0.38625 0.07000000000000003 0.2
0 0.08000033333333335 0.3025000000000001 0.046667 0.13750000000000004
0 0.08916633333333333 0.25875 0.048332999999999994 0.12
0 0.16750033333333336 0.289375 0.045000000000000005 0.11124999999999996
0 0.25583333333333336 0.290625 0.048332999999999994 0.11625
0 0.22333333333333336 0.27187500000000003 0.04333299999999999 0.10375000000000001
0 0.9083333333333334 0.43625 0.05333300000000009 0.13
0 0.8825003333333334 0.386875 0.05166699999999992 0.13125
0 0.3691663333333334 0.284375 0.041667000000000017 0.10125
0 0.34000033333333335 0.22187500000000002 0.04333299999999999 0.11375
0 0.3125003333333333 0.205625 0.041667000000000017 0.10125
0 0.27250033333333334 0.21125 0.041667000000000017 0.105
0 0.15583333333333335 0.1975 0.03833299999999999 0.10250000000000001
0 0.41250033333333336 0.22312500000000002 0.03833300000000004 0.09125
0 0.48666633333333326 0.171875 0.03333299999999999 0.09125
0 0.42250033333333337 0.155625 0.031666999999999966 0.07875000000000001
0 0.3766663333333333 0.198125 0.030000000000000002 0.07875
0 0.6991663333333334 0.27375000000000005 0.031667000000000015 0.0725
0 0.6650003333333335 0.25375000000000003 0.03666700000000001 0.0825
0 0.6283333333333334 0.30062500000000003 0.03666700000000001 0.10875
0 0.6783333333333335 0.234375 0.030000000000000002 0.08875
0 0.6558333333333334 0.22375 0.02833299999999999 0.0825
0 0.6208333333333335 0.25125000000000003 0.035 0.0975
0 0.4658333333333334 0.315 0.041667000000000017 0.12250000000000004
0 0.5100003333333333 0.311875 0.03333299999999999 0.11875000000000001
0 0.39583333333333337 0.32375 0.048332999999999994 0.13
0 0.08833333333333333 0.224375 0.03666700000000001 0.09625
0 0.5800003333333333 0.27 0.04 0.1
0 0.5325003333333332 0.16875 0.035 0.09
0 0.5100003333333333 0.1675 0.03333299999999999 0.095
0 0.20833333333333334 0.23 0.03333299999999999 0.0975
0 0.22583333333333336 0.204375 0.031667000000000015 0.09625
0 0.8525003333333333 0.896875 0.135 0.20125
