0 0.36833333333333335 0.370625 0.11666699999999997 0.23375
0 0.46166633333333346 0.339375 0.06666700000000002 0.19625
0 0.38416633333333333 0.40750000000000003 0.045000000000000005 0.1125
0 0.28750033333333336 0.35125 0.058332999999999996 0.1575
0 0.20750033333333331 0.35000000000000003 0.05166699999999999 0.1475
0 0.22666633333333333 0.31875000000000003 0.05333299999999999 0.1775
0 0.41416633333333336 0.29625 0.061666999999999965 0.145
0 0.29916633333333337 0.290625 0.055 0.12625
0 0.14500033333333334 0.316875 0.07000000000000003 0.20125
0 0.11500033333333336 0.320625 0.05 0.17875
0 0.03166633333333334 0.32875 0.060000000000000005 0.1775
