0 0.4866663333333334 0.520625 0.07666700000000001 0.17375000000000002
0 0.46250033333333335 0.339375 0.07833300000000004 0.15625
0 0.3150003333333333 0.244375 0.06666700000000002 0.13375
0 0.44666633333333333 0.701875 0.09333300000000004 0.14875
0 0.6825003333333334 0.905625 0.095 0.17375000000000002
0 0.5275003333333332 0.89875 0.09833299999999999 0.19
0 0.7591663333333333 0.671875 0.09833299999999999 0.18875
0 0.8408333333333334 0.669375 0.085 0.16625
0 0.9175003333333334 0.63875 0.09833300000000009 0.2025
0 0.9300003333333335 0.489375 0.1 0.17625
0 0.9325003333333333 0.455 0.095 0.1925
0 0.7883333333333333 0.551875 0.09000000000000001 0.21375
0 0.6816663333333335 0.321875 0.07666700000000001 0.15375
0 0.6791663333333333 0.226875 0.07500000000000001 0.14875
0 0.6175003333333334 0.24625 0.07500000000000001 0.1675
0 0.43333333333333335 0.25625 0.08 0.1825
0 0.4808333333333334 0.17875 0.045000000000000005 0.09
0 0.5441663333333333 0.14625 0.065 0.14250000000000002
0 0.40500033333333335 0.146875 0.060000000000000005 0.13625
0 0.4816663333333335 0.096875 0.046667000000000014 0.13375
0 0.23750033333333337 0.10875 0.061667000000000013 0.14
0 0.11750033333333335 0.084375 0.05833300000000002 0.12375
0 0.060000333333333336 0.0725 0.05 0.1275
0 0.4241663333333334 0.09 0.041667000000000017 0.1225
0 0.3983333333333334 0.10625 0.05 0.1125
