0 0.9425003333333333 0.47250000000000003 0.04166699999999992 0.085
0 0.9533333333333334 0.911875 0.08333300000000009 0.16625
0 0.6175003333333333 0.605625 0.058332999999999996 0.11874999999999993
0 0.5175003333333333 0.41000000000000003 0.045000000000000005 0.0925
0 0.6966663333333334 0.5437500000000001 0.05 0.10250000000000001
0 0.9066663333333332 0.6168750000000001 0.07 0.14625
0 0.7466663333333334 0.6481250000000001 0.056667000000000016 0.12625
0 0.11333333333333334 0.579375 0.060000000000000005 0.12625000000000008
0 0.06250033333333334 0.5650000000000001 0.055 0.13
0 0.20750033333333337 0.5231250000000001 0.045000000000000026 0.10125
0 0.16000033333333336 0.50125 0.04 0.09
0 0.36583333333333334 0.45437500000000003 0.03833299999999999 0.07625
0 0.3358333333333334 0.443125 0.035 0.07625
0 0.30166633333333337 0.45625 0.04 0.095
0 0.26333333333333336 0.453125 0.03333299999999999 0.08875
0 0.22583333333333336 0.450625 0.03833299999999999 0.09125
0 0.34500033333333335 0.405 0.026667000000000014 0.065
0 0.42250033333333337 0.355625 0.021666999999999964 0.05625
0 0.40916633333333335 0.39125 0.02833299999999999 0.065
0 0.43833333333333335 0.4175 0.030000000000000002 0.07
0 0.4625003333333333 0.38375000000000004 0.02833299999999999 0.0675
0 0.6216663333333333 0.440625 0.03333299999999999 0.07625
0 0.6450003333333333 0.39187500000000003 0.02333299999999999 0.06875
0 0.6366663333333334 0.38625 0.026667000000000014 0.065
0 0.9300003333333335 0.450625 0.030000000000000002 0.07625
0 0.9591663333333335 0.44625000000000004 0.028333000000000084 0.0775
0 0.9533333333333334 0.40750000000000003 0.033333000000000085 0.0725
0 0.9058333333333334 0.404375 0.035 0.07875
0 0.9025003333333335 0.4325 0.03166699999999992 0.085
0 0.8750003333333333 0.34875 0.026666999999999916 0.06
0 0.8475003333333333 0.348125 0.024999999999999908 0.05625
0 0.8141663333333334 0.358125 0.021667000000000013 0.043750000000000004
0 0.8525003333333333 0.385625 0.02166699999999992 0.058750000000000004
0 0.8600003333333333 0.398125 0.023333000000000086 0.051250000000000004
0 0.8358333333333334 0.398125 0.021667000000000013 0.05375
0 0.8216663333333333 0.393125 0.02333299999999999 0.06125
0 0.8133333333333332 0.405625 0.030000000000000002 0.06875
0 0.7866663333333335 0.409375 0.026667000000000014 0.07625
0 0.8066663333333334 0.433125 0.030000000000000002 0.09125
0 0.8425003333333335 0.44 0.035000000000000094 0.08750000000000001
0 0.6241663333333334 0.22187500000000002 0.025 0.06875
0 0.5908333333333333 0.2225 0.025 0.0725
0 0.5691663333333332 0.218125 0.02833299999999999 0.06875
0 0.5516663333333333 0.2175 0.02333299999999999 0.065
0 0.5716663333333335 0.2725 0.026667000000000014 0.065
0 0.5408333333333334 0.25499999999999995 0.025 0.065
0 0.5741663333333334 0.304375 0.035 0.08375000000000003
0 0.5425003333333333 0.31 0.031667000000000015 0.09249999999999997
0 0.5183333333333333 0.3575 0.03333299999999999 0.0775
0 0.020000333333333335 0.264375 0.036667 0.10125
0 0.09666633333333333 0.245 0.04999999999999999 0.125
0 0.11166633333333333 0.2325 0.03666699999999999 0.0925
0 0.16666633333333333 0.225 0.03666699999999999 0.0975
0 0.19916633333333333 0.239375 0.04166699999999999 0.12625
0 0.22916633333333333 0.230625 0.03833299999999999 0.10125
0 0.29583333333333334 0.2225 0.035 0.0825
0 0.38333333333333336 0.21937500000000001 0.03333299999999999 0.08125
0 0.43833333333333335 0.218125 0.033333000000000036 0.07875
0 0.4891663333333334 0.2025 0.021667000000000013 0.0525
0 0.36083333333333334 0.21875 0.025 0.075
0 0.32000033333333333 0.22125 0.026667000000000014 0.0775
0 0.9416663333333333 0.225625 0.04 0.09125
0 0.9091663333333335 0.215625 0.025 0.06875
0 0.8908333333333334 0.2175 0.025 0.0775
0 0.8516663333333333 0.21625 0.02333299999999999 0.06
0 0.8316663333333335 0.22062500000000002 0.026667000000000014 0.07125000000000001
0 0.7816663333333332 0.215625 0.02333299999999999 0.058750000000000004
0 0.946666333333333 0.8668750000000001 0.1033329999999999 0.21125
0 0.18250033333333332 0.8475 0.08166699999999999 0.165
