0 0.4391663333333333 0.34375 0.255 0.5650000000000001
0 0.020833333333333336 0.12625 0.031667 0.0825
0 0.050833333333333335 0.14 0.038333 0.06750000000000002
0 0.11500033333333336 0.161875 0.056667000000000016 0.15625
0 0.15916633333333335 0.165 0.07500000000000001 0.17
0 0.22500033333333336 0.13 0.04333299999999999 0.1125
0 0.27250033333333334 0.14125000000000001 0.07166700000000002 0.1625
0 0.34500033333333335 0.17250000000000001 0.060000000000000005 0.1325
0 0.6508333333333334 0.15687500000000001 0.07500000000000001 0.22125
0 0.9358333333333334 0.234375 0.11833300000000009 0.40125
0 0.8400003333333333 0.180625 0.11333299999999999 0.27875
0 0.043333333333333335 0.45875 0.033332999999999995 0.08
0 0.07750033333333332 0.4575 0.041667 0.08
