0 0.6258333333333332 0.62125 0.085 0.17249999999999993
0 0.40166633333333335 0.3675 0.08666699999999997 0.17500000000000002
0 0.26500033333333334 0.258125 0.08333299999999999 0.16624999999999998
0 0.18916633333333338 0.603125 0.07833300000000001 0.15625
0 0.7225003333333333 0.8775000000000001 0.09833299999999999 0.145
0 0.4133333333333334 0.67875 0.1 0.1975
0 0.5541663333333334 0.68375 0.09166700000000001 0.185
0 0.9475003333333333 0.79125 0.08166699999999992 0.13
0 0.8891663333333333 0.6743750000000001 0.10166699999999992 0.17375000000000002
0 0.8075003333333333 0.55875 0.10499999999999991 0.18499999999999994
0 0.9125003333333334 0.50875 0.085 0.1575
0 0.9308333333333334 0.351875 0.08833300000000009 0.19125
0 0.7783333333333334 0.411875 0.08 0.16375
0 0.7150003333333333 0.4175 0.08 0.1525
0 0.6266663333333333 0.478125 0.09000000000000001 0.16375
0 0.5600003333333334 0.483125 0.09000000000000001 0.18125
0 0.5708333333333334 0.36312500000000003 0.078333 0.15875
0 0.38916633333333334 0.27375 0.095 0.18999999999999997
0 0.48583333333333334 0.1225 0.058332999999999996 0.1575
0 0.4375003333333334 0.128125 0.061666999999999965 0.16125
0 0.42750033333333337 0.19187500000000002 0.06833300000000005 0.15625
0 0.15333333333333335 0.08687500000000001 0.073333 0.15875
0 0.3700003333333334 0.06125 0.060000000000000005 0.1225
0 0.30583333333333335 0.08 0.048332999999999994 0.0975
0 0.24166633333333334 0.07125 0.06333299999999999 0.14
