0 0.32416633333333333 0.20500000000000002 0.035 0.07
0 0.7608333333333334 0.23125 0.06833299999999999 0.1375
0 0.6925003333333334 0.23875000000000002 0.065 0.1325
0 0.6791663333333333 0.6587500000000001 0.078333 0.1575
0 0.6200003333333333 0.66125 0.073333 0.1475
0 0.47916633333333347 0.486875 0.05166700000000001 0.10375000000000001
0 0.8150003333333333 0.90125 0.0799999999999999 0.19
0 0.5641663333333333 0.6075 0.055 0.1325
0 0.47416633333333336 0.32125 0.025 0.05
0 0.45333333333333337 0.328125 0.02333299999999999 0.04875
0 0.4350003333333334 0.346875 0.026666999999999965 0.05375
0 0.49333333333333335 0.349375 0.030000000000000002 0.06125
0 0.4658333333333334 0.4225 0.035 0.075
0 0.47416633333333325 0.439375 0.02833299999999999 0.06875
0 0.5691663333333332 0.4275 0.03833299999999999 0.085
0 0.6108333333333333 0.4425 0.045000000000000005 0.0925
0 0.5800003333333333 0.475625 0.04 0.09875
0 0.5541663333333333 0.476875 0.035 0.09375
0 0.9241663333333334 0.2675 0.065 0.1975
0 0.8825003333333334 0.243125 0.055 0.13125
0 0.6433333333333334 0.20375000000000001 0.026667000000000014 0.0675
0 0.6058333333333333 0.209375 0.031667000000000015 0.07875
0 0.5616663333333334 0.20375000000000001 0.030000000000000002 0.085
0 0.5191663333333334 0.201875 0.025 0.06625
0 0.45666633333333323 0.1925 0.02333299999999999 0.0475
0 0.38750033333333334 0.195625 0.02833299999999999 0.06625
0 0.35166633333333336 0.193125 0.026667000000000014 0.07125000000000001
0 0.3075003333333334 0.193125 0.025 0.06625
0 0.28833333333333333 0.1925 0.026667000000000014 0.075
0 0.27750033333333335 0.195 0.021667000000000013 0.07
0 0.23666633333333334 0.19062500000000002 0.03333299999999999 0.06875
0 0.19333333333333336 0.19187500000000002 0.02333299999999999 0.07375
0 0.16166633333333336 0.186875 0.030000000000000002 0.08125
0 0.13500033333333336 0.19125 0.026667000000000014 0.0725
0 0.10916633333333338 0.19375 0.028333000000000014 0.0725
0 0.15666633333333332 0.21125 0.02666699999999999 0.075
0 0.13250033333333336 0.230625 0.031667000000000015 0.08375
0 0.15916633333333335 0.243125 0.035 0.08875
0 0.14500033333333334 0.27062499999999995 0.033333000000000015 0.08625000000000001
0 0.12916633333333333 0.28625 0.03166699999999999 0.08750000000000004
0 0.1200003333333333 0.323125 0.03666699999999999 0.09375
0 0.16500033333333336 0.324375 0.03333299999999999 0.08875
0 0.11666633333333333 0.35000000000000003 0.04 0.095
0 0.15250033333333335 0.355625 0.03833300000000001 0.08375
0 0.1200003333333333 0.38625 0.03666699999999999 0.08750000000000001
0 0.11250033333333335 0.41250000000000003 0.035 0.0975
0 0.14666633333333334 0.418125 0.03333299999999999 0.09125
0 0.11500033333333336 0.470625 0.03666700000000001 0.09625
0 0.13666633333333333 0.498125 0.03666699999999999 0.09625
0 0.11000033333333335 0.51125 0.04 0.10250000000000001
0 0.08916633333333335 0.49 0.03500000000000002 0.0925
0 0.060833333333333336 0.52375 0.041667000000000017 0.115
0 0.08083333333333334 0.571875 0.061667000000000013 0.13625
0 0.06833333333333334 0.316875 0.02 0.051250000000000004
0 0.07250033333333335 0.34875 0.021667000000000002 0.0625
0 0.051666333333333335 0.341875 0.026666999999999996 0.06625
0 0.027500333333333335 0.34750000000000003 0.025 0.0625
0 0.011666333333333334 0.338125 0.023333000000000003 0.058750000000000004
0 0.050000333333333334 0.395 0.030000000000000002 0.085
0 0.012500333333333334 0.411875 0.024999999999999998 0.08625000000000001
0 0.020000333333333335 0.185 0.036667 0.08750000000000001
0 0.06500033333333335 0.1925 0.026667 0.07
