0 0.7783333333333334 0.501875 0.40666699999999995 0.81625
0 0.5783333333333334 0.32125 0.3133330000000001 0.5825
0 0.8525003333333333 0.214375 0.1516669999999999 0.35375
0 0.19000033333333335 0.125 0.026667000000000014 0.0625
0 0.24500033333333335 0.130625 0.02 0.05625
0 0.25916633333333333 0.13 0.02833299999999999 0.0625
0 0.32166633333333333 0.125625 0.026667000000000014 0.06625
0 0.35166633333333336 0.138125 0.03666700000000001 0.08875
0 0.39166633333333334 0.14125000000000001 0.04 0.09250000000000001
0 0.44416633333333333 0.135 0.03833300000000004 0.09999999999999998
0 0.5025003333333333 0.14125000000000001 0.03833299999999999 0.08500000000000002
0 0.15500033333333335 0.299375 0.02 0.04375000000000004
0 0.18833333333333335 0.293125 0.02 0.03875
0 0.21916633333333332 0.3225 0.025 0.0475
0 0.21666633333333335 0.335625 0.02 0.051250000000000004
0 0.26583333333333337 0.361875 0.021667000000000013 0.04875
0 0.12666633333333338 0.311875 0.023333000000000013 0.04625
0 0.11583333333333334 0.349375 0.025 0.05375
0 0.030833333333333334 0.333125 0.021667000000000002 0.06125
0 0.09500033333333334 0.346875 0.023333000000000013 0.06125
0 0.09166633333333335 0.356875 0.026667 0.04875
0 0.09250033333333335 0.366875 0.025000000000000012 0.04875
0 0.09666633333333334 0.38875 0.02666699999999999 0.055
0 0.1050003333333333 0.41250000000000003 0.02666699999999999 0.055
