0 0.36500033333333337 0.32875 0.073333 0.15
0 0.30250033333333337 0.33375 0.06833299999999999 0.1375
0 0.5391663333333333 0.293125 0.045000000000000005 0.11375
0 0.5091663333333333 0.3025000000000001 0.058332999999999996 0.14000000000000004
0 0.4300003333333334 0.30625 0.06333300000000004 0.1475
0 0.40750033333333335 0.25375000000000003 0.04166699999999997 0.11
0 0.38583333333333336 0.259375 0.048332999999999994 0.10875
0 0.32250033333333333 0.27125 0.045000000000000005 0.10499999999999997
0 0.2733333333333334 0.275 0.04333299999999999 0.09
0 0.2325003333333333 0.265 0.035 0.0725
0 0.20500033333333337 0.29625 0.05333300000000002 0.1075
0 0.17750033333333334 0.343125 0.05833300000000002 0.14625
