0 0.34416633333333335 0.418125 0.328333 0.6587500000000001
0 0.9183333333333334 0.1975 0.03666699999999992 0.0775
0 0.8750003333333333 0.19875 0.033333000000000085 0.08
0 0.8408333333333334 0.203125 0.03166699999999992 0.07625
0 0.8116663333333334 0.201875 0.04 0.07375
0 0.6925003333333335 0.199375 0.031667000000000015 0.07625
0 0.6600003333333333 0.196875 0.03333299999999999 0.07875
0 0.5383333333333333 0.22062500000000002 0.04 0.10125
0 0.48166633333333336 0.211875 0.060000000000000005 0.13125
0 0.6825003333333333 0.416875 0.02833299999999999 0.05625
0 0.49000033333333326 0.5387500000000001 0.03333299999999999 0.075
0 0.5991663333333334 0.544375 0.025 0.05375
0 0.6325003333333334 0.5175000000000001 0.041667000000000017 0.0775
0 0.8983333333333334 0.47000000000000003 0.026666999999999916 0.075
0 0.8666663333333334 0.47625 0.030000000000000002 0.0675
0 0.9200003333333335 0.496875 0.030000000000000002 0.07625
0 0.8966663333333335 0.573125 0.033333000000000085 0.05625
