0 0.38083333333333336 0.37125 0.10166699999999997 0.20500000000000002
0 0.47166633333333335 0.355 0.09666699999999998 0.195
0 0.21083333333333334 0.34375 0.055 0.11
0 0.07500033333333334 0.351875 0.05666699999999999 0.11375
0 0.38166633333333333 0.80125 0.073333 0.1675
0 0.38666633333333333 0.62125 0.05 0.10249999999999992
0 0.48000033333333336 0.639375 0.05 0.10125
0 0.07833333333333334 0.836875 0.08333299999999999 0.16875
0 0.07333333333333333 0.5975 0.04666700000000001 0.1075
0 0.21250033333333335 0.606875 0.045000000000000005 0.09125
