0 0.48666633333333337 0.4375 0.4333329999999999 0.875
0 0.18916633333333335 0.120625 0.041667000000000017 0.07875
0 0.11416633333333333 0.12 0.03166699999999999 0.0775
0 0.07500033333333335 0.11937500000000001 0.036667 0.07375
0 0.04500033333333334 0.11937500000000001 0.036667 0.08375
0 0.6233333333333334 0.14125000000000001 0.03333299999999999 0.08250000000000002
0 0.7075003333333334 0.154375 0.045000000000000005 0.09124999999999998
0 0.9183333333333334 0.196875 0.030000000000000002 0.06875
0 0.9166663333333332 0.170625 0.04333300000000009 0.09875
0 0.8633333333333334 0.15687500000000001 0.04 0.09375000000000001
0 0.8383333333333334 0.165625 0.030000000000000002 0.07125000000000001
0 0.7658333333333334 0.145625 0.031667000000000015 0.06625
0 0.19083333333333335 0.401875 0.031667000000000015 0.06375
0 0.26083333333333336 0.485 0.035 0.0775
0 0.6375003333333334 0.42375 0.031667000000000015 0.0675
0 0.6325003333333333 0.4425 0.035 0.085
0 0.6458333333333334 0.47500000000000003 0.035 0.08
0 0.6716663333333333 0.5025000000000001 0.03333299999999999 0.08750000000000001
0 0.7641663333333333 0.545 0.048332999999999994 0.1125
0 0.9066663333333332 0.39875 0.17666699999999994 0.6575
