0 0.41416633333333336 0.27187500000000003 0.11166700000000007 0.24625
0 0.3408333333333334 0.275625 0.118333 0.23625000000000002
0 0.26166633333333333 0.26687500000000003 0.14 0.28125
0 0.5575003333333335 0.175625 0.031667000000000015 0.08875
0 0.5350003333333335 0.174375 0.03666700000000001 0.09375
0 0.5216663333333335 0.17375000000000002 0.030000000000000002 0.08750000000000001
0 0.4750003333333333 0.173125 0.04333299999999999 0.10375000000000001
0 0.4400003333333334 0.17500000000000002 0.04333300000000004 0.11
0 0.42083333333333334 0.15625 0.031666999999999966 0.0725
0 0.34666633333333335 0.165 0.02333299999999999 0.0475
