0 0.3433333333333334 0.355 0.19000000000000006 0.38
0 0.6933333333333332 0.286875 0.12000000000000001 0.24124999999999996
0 0.8450003333333334 0.26 0.05333300000000009 0.1525
0 0.7833333333333334 0.2525 0.060000000000000005 0.16500000000000004
0 0.7366663333333334 0.19062500000000002 0.04 0.08125
0 0.7075003333333335 0.18625 0.031667000000000015 0.0775
0 0.6500003333333335 0.16875 0.03666700000000001 0.0725
0 0.5941663333333334 0.174375 0.035 0.07625
0 0.5500003333333333 0.1775 0.03333299999999999 0.0775
0 0.6175003333333334 0.26375 0.061667000000000013 0.1875
0 0.5816663333333333 0.25875 0.04333299999999999 0.095
0 0.23666633333333334 0.295625 0.08 0.21125
