0 0.47250033333333336 0.239375 0.095 0.19125
0 0.5441663333333334 0.236875 0.09166700000000001 0.18375
0 0.5616663333333334 0.21937500000000001 0.060000000000000005 0.15375
0 0.4808333333333334 0.1925 0.055 0.15
0 0.40666633333333335 0.174375 0.046666999999999965 0.10375000000000001
0 0.28000033333333335 0.15375 0.03333299999999999 0.0825
0 0.28833333333333333 0.195 0.04 0.08
0 0.38000033333333333 0.22625 0.07 0.17250000000000001
0 0.31750033333333333 0.23750000000000002 0.065 0.1525
0 0.26250033333333334 0.268125 0.09833299999999999 0.22375000000000003
