0 0.48000033333333336 0.2675 0.060000000000000005 0.1225
0 0.5150003333333334 0.2725 0.060000000000000005 0.1225
0 0.49416633333333343 0.22625 0.041667000000000017 0.115
0 0.42083333333333334 0.2325 0.03833300000000004 0.11750000000000001
0 0.4350003333333334 0.2475 0.04333300000000004 0.13
0 0.40333333333333343 0.23375 0.04 0.1125
0 0.33250033333333334 0.238125 0.045000000000000005 0.11625
0 0.28666633333333336 0.235625 0.03333299999999999 0.08375
0 0.27750033333333335 0.25499999999999995 0.03833299999999999 0.0825
0 0.24166633333333334 0.225 0.030000000000000002 0.0625
0 0.30833333333333335 0.2775 0.05333299999999999 0.1225
0 0.35666633333333336 0.2675 0.056667000000000016 0.135
