0 0.4083333333333333 0.31125 0.133333 0.2675
0 0.9325003333333333 0.330625 0.125 0.37625000000000003
0 0.5733333333333334 0.21625 0.03666700000000001 0.1075
0 0.5516663333333334 0.214375 0.04 0.10125
0 0.5525003333333335 0.238125 0.05166700000000001 0.12375
0 0.46500033333333335 0.211875 0.05 0.11625
0 0.36666633333333337 0.21375 0.04333299999999999 0.1125
0 0.29583333333333334 0.20875 0.031667000000000015 0.08
0 0.2758333333333334 0.198125 0.035 0.08625000000000001
0 0.27916633333333335 0.250625 0.041667000000000017 0.12875
