0 0.5133333333333334 0.438125 0.25 0.50125
0 0.15500033333333335 0.520625 0.30333300000000013 0.9137500000000001
0 0.9558333333333334 0.306875 0.07500000000000001 0.20875
0 0.9208333333333334 0.238125 0.045000000000000005 0.10375000000000001
0 0.8925003333333335 0.23500000000000001 0.04166699999999992 0.1
0 0.8558333333333333 0.29812500000000003 0.065 0.14875
0 0.7491663333333334 0.2475 0.045000000000000005 0.0975
0 0.7208333333333333 0.25125000000000003 0.035 0.0925
0 0.6850003333333334 0.249375 0.03666700000000001 0.08875
0 0.6250003333333334 0.25625 0.04 0.105
0 0.6508333333333334 0.2625 0.035 0.09
0 0.6591663333333334 0.32 0.065 0.16
