0 0.5216663333333335 0.2525 0.103333 0.20750000000000005
0 0.47000033333333335 0.26 0.09000000000000001 0.18
0 0.6341663333333334 0.23375 0.065 0.185
0 0.5791663333333334 0.24125 0.061667000000000013 0.17500000000000002
0 0.42916633333333337 0.180625 0.04166699999999997 0.10375000000000001
0 0.42333333333333334 0.23875000000000002 0.05333300000000004 0.155
0 0.38333333333333336 0.185 0.05 0.1275
0 0.39083333333333337 0.25375000000000003 0.058332999999999996 0.165
0 0.33750033333333335 0.2025 0.048332999999999994 0.1125
0 0.3091663333333334 0.21125 0.055 0.1325
0 0.27166633333333334 0.244375 0.060000000000000005 0.14125000000000001
