0 0.44333333333333336 0.31375000000000003 0.08 0.16
0 0.5000003333333335 0.3125 0.07666700000000001 0.15500000000000003
0 0.35416633333333336 0.34 0.115 0.2325
0 0.28166633333333335 0.34500000000000003 0.11 0.2325
0 0.38166633333333333 0.250625 0.05333299999999999 0.10875
0 0.34166633333333335 0.250625 0.04333299999999999 0.09375
0 0.29500033333333336 0.25499999999999995 0.04333299999999999 0.0925
0 0.26250033333333334 0.25625 0.045000000000000005 0.095
0 0.21500033333333335 0.26125 0.046667000000000014 0.105
0 0.17583333333333334 0.26562499999999994 0.041667000000000017 0.10625
