0 0.5475003333333333 0.346875 0.225 0.53125
0 0.7825003333333334 0.426875 0.035 0.06625
0 0.7308333333333333 0.374375 0.021667000000000013 0.05625
0 0.7008333333333334 0.366875 0.025 0.05375
0 0.7508333333333332 0.48812500000000003 0.03833299999999999 0.07375
0 0.7283333333333334 0.46625 0.03333299999999999 0.0775
0 0.6725003333333333 0.4025 0.031667000000000015 0.0675
0 0.38250033333333333 0.4625 0.031667000000000015 0.0725
0 0.35583333333333333 0.46125 0.02833299999999999 0.075
0 0.25666633333333333 0.429375 0.026667000000000014 0.06125
0 0.24416633333333335 0.4225 0.02833299999999999 0.0625
0 0.08750033333333335 0.42562500000000003 0.031667 0.06125
0 0.03333333333333334 0.4875 0.036667 0.08
0 0.011666333333333334 0.50875 0.023333000000000003 0.07
0 0.6650003333333333 0.165 0.03333299999999999 0.0775
0 0.7066663333333335 0.16625 0.03666700000000001 0.075
0 0.7700003333333334 0.155625 0.030000000000000002 0.06125000000000002
0 0.8275003333333335 0.17375000000000002 0.041667000000000017 0.10250000000000001
0 0.9066663333333332 0.160625 0.04333300000000009 0.09375
0 0.9633333333333334 0.201875 0.06666699999999992 0.17375000000000002
0 0.21333333333333335 0.166875 0.02333299999999999 0.06125
0 0.19583333333333336 0.173125 0.02833299999999999 0.06125
0 0.04083333333333334 0.18125 0.048333 0.09
0 0.08000033333333333 0.18 0.033333 0.0675
0 0.13750033333333336 0.175625 0.02833299999999999 0.06125
0 0.16250033333333336 0.1775 0.02833299999999999 0.0625
0 0.10250033333333335 0.17875 0.028333000000000014 0.07
