0 0.44333333333333336 0.4275 0.29666699999999996 0.595
0 0.3383333333333334 0.410625 0.29 0.58125
0 0.8325003333333335 0.185 0.041667000000000017 0.085
0 0.8775003333333335 0.18125 0.03833300000000009 0.085
0 0.9791663333333332 0.19 0.028333000000000084 0.0575
0 0.9391663333333334 0.193125 0.025 0.051250000000000004
0 0.9166663333333332 0.19062500000000002 0.023333000000000086 0.05375
0 0.7833333333333334 0.25749999999999995 0.04 0.11
0 0.8691663333333333 0.25812500000000005 0.045000000000000005 0.11125
0 0.8950003333333333 0.24999999999999997 0.04333300000000009 0.11
0 0.9675003333333333 0.26125 0.05166699999999992 0.1325
