0 0.4916663333333334 0.224375 0.103333 0.20625000000000002
0 0.4316663333333334 0.231875 0.09333300000000004 0.18875
0 0.5408333333333334 0.0925 0.02833299999999999 0.07
0 0.5166663333333334 0.09 0.03666700000000001 0.0825
0 0.47416633333333325 0.088125 0.03833299999999999 0.09375
0 0.45333333333333337 0.0925 0.03666700000000001 0.09
0 0.39416633333333334 0.1 0.031667000000000015 0.08
0 0.35083333333333333 0.095625 0.03833299999999999 0.09125
0 0.3408333333333334 0.19 0.048332999999999994 0.125
0 0.5400003333333334 0.176875 0.060000000000000005 0.15125
0 0.29166633333333336 0.1075 0.04 0.08
