0 0.6016663333333333 0.24875 0.11333299999999999 0.2275
0 0.5158333333333334 0.25 0.108333 0.21750000000000003
0 0.9441663333333334 0.254375 0.10166699999999992 0.30375
0 0.6466663333333335 0.12625 0.04 0.0825
0 0.5816663333333333 0.124375 0.04333299999999999 0.08875000000000002
0 0.5358333333333334 0.13750000000000004 0.035 0.07000000000000002
0 0.5141663333333335 0.141875 0.021667000000000013 0.04625
0 0.41000033333333336 0.128125 0.033333000000000036 0.07875000000000001
0 0.41583333333333333 0.13875000000000004 0.02833300000000004 0.07000000000000002
0 0.41416633333333336 0.18625 0.04166699999999997 0.0975
0 0.38083333333333336 0.13875 0.035 0.08999999999999998
