0 0.5066663333333333 0.22187500000000002 0.07 0.14125000000000001
0 0.4633333333333334 0.225 0.06666700000000002 0.135
0 0.9225003333333333 0.270625 0.1483330000000001 0.34875
0 0.6300003333333334 0.11375 0.04 0.09
0 0.5975003333333335 0.1125 0.031667000000000015 0.0925
0 0.5850003333333333 0.121875 0.030000000000000002 0.07625
0 0.5666663333333335 0.131875 0.026667000000000014 0.05625
0 0.5491663333333333 0.131875 0.025 0.051250000000000004
0 0.48916633333333326 0.116875 0.02833299999999999 0.07875
0 0.46250033333333335 0.11875000000000001 0.035 0.08
0 0.35166633333333336 0.11625 0.03666700000000001 0.0825
0 0.34166633333333335 0.15812500000000002 0.04333299999999999 0.10625000000000002
0 0.38416633333333333 0.186875 0.045000000000000005 0.10875
