0 0.5058333333333332 0.39187500000000003 0.22833299999999995 0.53125
0 0.7400003333333334 0.3775 0.2933329999999999 0.665
0 0.02250033333333334 0.090625 0.031667 0.08625000000000001
0 0.07500033333333335 0.0825 0.026667 0.0625
0 0.10166633333333333 0.08625000000000001 0.026667000000000014 0.06
0 0.13083333333333333 0.08375 0.025 0.06
0 0.15000033333333332 0.08125 0.030000000000000002 0.0675
0 0.18916633333333335 0.088125 0.035 0.08375
0 0.27166633333333334 0.09375 0.03666700000000001 0.08750000000000001
0 0.24666633333333335 0.091875 0.03333299999999999 0.08125
0 0.33083333333333337 0.1225 0.058332999999999996 0.145
0 0.5150003333333335 0.12125 0.06666700000000002 0.1525
0 0.9383333333333334 0.19375 0.11333300000000009 0.36
0 0.8150003333333333 0.180625 0.11999999999999991 0.26625
0 0.5750003333333333 0.173125 0.093333 0.24625
0 0.11833333333333335 0.57125 0.23666700000000002 0.85
