0 0.49666633333333327 0.28500000000000003 0.11333299999999999 0.2275
0 0.5783333333333334 0.27375 0.12000000000000001 0.23999999999999996
0 0.7616663333333334 0.264375 0.1 0.21875
0 0.8150003333333333 0.275 0.073333 0.17500000000000002
0 0.6183333333333334 0.166875 0.03333299999999999 0.07875
0 0.5183333333333333 0.166875 0.03333299999999999 0.08625000000000001
0 0.37083333333333335 0.17875 0.031667000000000015 0.08
0 0.38500033333333333 0.25499999999999995 0.05 0.125
0 0.43833333333333335 0.253125 0.04333300000000004 0.11625
0 0.5925003333333334 0.168125 0.035 0.07125000000000001
