0 0.7475003333333333 0.4325 0.3716669999999999 0.6775
0 0.07666633333333334 0.340625 0.09333300000000001 0.18625
0 0.8558333333333333 0.31 0.095 0.18999999999999997
0 0.6308333333333331 0.311875 0.058332999999999996 0.17375000000000002
0 0.5991663333333335 0.30375 0.05166700000000001 0.1375
0 0.5175003333333335 0.305625 0.05166700000000001 0.13625
0 0.4808333333333334 0.30125 0.058332999999999996 0.16
0 0.42583333333333334 0.294375 0.061666999999999965 0.14874999999999997
0 0.38083333333333336 0.305625 0.055 0.12375
0 0.19416633333333339 0.359375 0.11833300000000002 0.29375
