0 0.42083333333333334 0.2225 0.08833300000000004 0.1775
0 0.3700003333333334 0.20750000000000002 0.09666700000000002 0.195
0 0.9516663333333333 0.2325 0.08333300000000009 0.2475
0 0.8733333333333334 0.17500000000000002 0.04666699999999992 0.10250000000000001
0 0.8008333333333334 0.175625 0.045000000000000005 0.09875
0 0.7558333333333334 0.178125 0.041667000000000017 0.09875
0 0.6883333333333332 0.180625 0.04 0.08625000000000001
0 0.06750033333333334 0.18125 0.041667000000000017 0.085
0 0.26916633333333334 0.17375000000000002 0.035 0.0725
0 0.23833333333333334 0.176875 0.03333299999999999 0.07875
0 0.21166633333333335 0.180625 0.03333299999999999 0.06875
0 0.10083333333333334 0.179375 0.031667000000000015 0.06125
