0 0.34666633333333335 0.209375 0.06333299999999999 0.12875
0 0.4400003333333334 0.19125 0.036666999999999964 0.075
0 0.40666633333333335 0.1925 0.03666700000000001 0.085
0 0.3691663333333334 0.19375 0.03833299999999999 0.08750000000000001
0 0.28916633333333336 0.193125 0.035 0.07875
0 0.31916633333333333 0.19375 0.031667000000000015 0.0725
0 0.23416633333333334 0.18812500000000001 0.02833299999999999 0.058750000000000004
0 0.21916633333333332 0.18937500000000002 0.025 0.058750000000000004
0 0.17833333333333334 0.173125 0.02 0.04625
0 0.1725003333333333 0.176875 0.02166699999999999 0.051250000000000004
0 0.14166633333333334 0.18625 0.02333299999999999 0.0525
0 0.13000033333333336 0.19125 0.026667000000000014 0.06
0 0.11833333333333335 0.240625 0.030000000000000002 0.06875
0 0.11166633333333335 0.281875 0.030000000000000002 0.06875
0 0.10000033333333336 0.34375 0.03666700000000001 0.08750000000000001
0 0.11166633333333333 0.39875 0.03666699999999999 0.0825
0 0.015000333333333334 0.21875 0.030000000000000002 0.085
