0 0.5483333333333333 0.345625 0.08666700000000002 0.17375000000000002
0 0.37083333333333335 0.364375 0.078333 0.15625
0 0.24166633333333334 0.36375 0.09000000000000001 0.1825
0 0.7633333333333334 0.29375 0.026667000000000014 0.0625
0 0.7525003333333334 0.304375 0.025 0.05125000000000004
0 0.5933333333333334 0.305 0.02333299999999999 0.05999999999999996
0 0.6125003333333334 0.3 0.021667000000000013 0.055
0 0.6191663333333334 0.30875 0.025 0.0625
0 0.28916633333333336 0.330625 0.045000000000000005 0.10125
0 0.15416633333333332 0.3275 0.025 0.05
0 0.1700003333333333 0.333125 0.02666699999999999 0.05375
0 0.18500033333333335 0.33187500000000003 0.026667000000000014 0.05375
0 0.13083333333333333 0.33375 0.02833299999999999 0.0575
0 0.7375003333333334 0.41125 0.035 0.0825
