0 0.21083333333333334 0.37375 0.07166700000000002 0.145
0 0.47916633333333347 0.409375 0.07166700000000002 0.14625
0 0.6275003333333334 0.41000000000000003 0.07166700000000002 0.145
0 0.5308333333333334 0.393125 0.061667000000000013 0.12375
0 0.5291663333333334 0.69875 0.085 0.17
0 0.6516663333333335 0.663125 0.09000000000000001 0.17625
0 0.6400003333333335 0.7418750000000001 0.08666700000000002 0.17375000000000002
0 0.050833333333333335 0.200625 0.058332999999999996 0.11875000000000001
0 0.11083333333333334 0.1975 0.058332999999999996 0.11750000000000001
0 0.5791663333333334 0.485 0.095 0.19
0 0.28833333333333333 0.095 0.07 0.14
0 0.4683333333333334 0.054375 0.05333299999999999 0.10875
0 0.5083333333333334 0.060625 0.060000000000000005 0.12125
0 0.8558333333333333 0.19375 0.058333000000000086 0.11750000000000001
0 0.8625003333333335 0.21937500000000001 0.048333000000000084 0.09625
0 0.7566663333333333 0.128125 0.05 0.10125000000000002
0 0.6833333333333335 0.154375 0.05 0.10874999999999999
0 0.7666663333333334 0.19625 0.046667000000000014 0.11750000000000001
0 0.7458333333333336 0.203125 0.041667000000000017 0.11625
0 0.7250003333333332 0.20875 0.05 0.11750000000000001
0 0.6658333333333334 0.299375 0.06833299999999999 0.13875000000000004
