0 0.19416633333333333 0.465 0.06166699999999999 0.125
0 0.28750033333333336 0.505 0.06833299999999999 0.14
0 0.36500033333333337 0.711875 0.1 0.20125
0 0.38166633333333333 0.356875 0.056667000000000016 0.11625
0 0.26833333333333337 0.5675 0.07 0.14
0 0.42833333333333334 0.8775000000000001 0.09666699999999998 0.195
0 0.5208333333333334 0.8275 0.115 0.2325
0 0.5241663333333334 0.8981250000000001 0.095 0.19125
0 0.7891663333333334 0.38125000000000003 0.055 0.1125
0 0.7683333333333334 0.39125 0.060000000000000005 0.12
0 0.7100003333333333 0.369375 0.05 0.10125
0 0.6225003333333333 0.369375 0.058332999999999996 0.11625
0 0.6933333333333334 0.403125 0.056667000000000016 0.11375
0 0.6958333333333334 0.45687500000000003 0.07166700000000002 0.14375000000000002
0 0.7033333333333334 0.48375 0.06666700000000002 0.135
0 0.27166633333333334 0.225 0.056667000000000016 0.115
0 0.8208333333333334 0.066875 0.065 0.13375
0 0.7325003333333335 0.051875000000000004 0.05166700000000001 0.10375000000000001
0 0.38916633333333334 0.043125000000000004 0.035 0.08625000000000001
0 0.3700003333333334 0.050625 0.05 0.10125
0 0.30833333333333335 0.050625 0.05 0.10125
0 0.6750003333333333 0.034374999999999996 0.03333299999999999 0.06875
0 0.22333333333333336 0.051250000000000004 0.046667000000000014 0.095
0 0.18916633333333333 0.03875 0.03166699999999999 0.065
0 0.16250033333333336 0.035 0.031667000000000015 0.065
0 0.14333333333333334 0.0375 0.026667000000000014 0.055
0 0.11833333333333335 0.0525 0.04 0.08750000000000001
0 0.15250033333333332 0.090625 0.045000000000000005 0.10875
0 0.22750033333333336 0.165 0.055 0.11750000000000001
0 0.060000333333333336 0.03875 0.030000000000000002 0.0625
0 0.9625003333333333 0.061875 0.06166699999999992 0.12375
0 0.24000033333333337 0.45687500000000003 0.05333299999999999 0.10875
