0 0.060833333333333336 0.42625 0.058332999999999996 0.105
0 0.41250033333333336 0.61125 0.07166699999999997 0.14499999999999993
0 0.5166663333333334 0.6125 0.073333 0.1475
0 0.7425003333333334 0.546875 0.07500000000000001 0.15125
0 0.40250033333333335 0.28250000000000003 0.05166699999999997 0.105
0 0.4708333333333334 0.595 0.058332999999999996 0.11750000000000008
0 0.02416633333333333 0.301875 0.038333000000000006 0.07875000000000004
0 0.08083333333333334 0.58875 0.078333 0.1575
0 0.15750033333333335 0.1925 0.061667000000000013 0.125
0 0.4733333333333334 0.9087500000000001 0.10333300000000005 0.17250000000000001
0 0.6075003333333334 0.8875000000000001 0.10500000000000001 0.2125
0 0.9475003333333333 0.524375 0.07166699999999993 0.14375000000000002
0 0.9041663333333335 0.44125000000000003 0.05166699999999992 0.105
0 0.8108333333333334 0.405 0.05166700000000001 0.105
0 0.7550003333333333 0.405625 0.05333299999999999 0.10875
0 0.8233333333333334 0.464375 0.05333299999999999 0.12875
0 0.8008333333333334 0.47375 0.065 0.1325
0 0.5533333333333336 0.41875 0.06666700000000002 0.135
0 0.5075003333333333 0.41000000000000003 0.055 0.1125
0 0.07833333333333334 0.109375 0.053333000000000005 0.10875
0 0.29750033333333337 0.11937500000000001 0.055 0.11125
0 0.32666633333333334 0.17 0.046667000000000014 0.115
0 0.7858333333333334 0.1125 0.048332999999999994 0.12
0 0.7500003333333333 0.109375 0.05333299999999999 0.13375
0 0.6841663333333333 0.11125 0.045000000000000005 0.11
0 0.6558333333333334 0.111875 0.041667000000000017 0.10125
0 0.6358333333333334 0.11125 0.048332999999999994 0.1125
