0 0.35083333333333333 0.276875 0.078333 0.15625
0 0.36833333333333335 0.17250000000000001 0.07 0.14
0 0.8600003333333333 0.213125 0.08333300000000009 0.16875
0 0.41250033333333336 0.603125 0.07833300000000004 0.15625
0 0.33000033333333334 0.578125 0.08333299999999999 0.16625
0 0.4450003333333334 0.52125 0.08666699999999997 0.17500000000000002
0 0.20416633333333334 0.061875 0.048332999999999994 0.12375
0 0.22416633333333333 0.0825 0.07166700000000002 0.1625
0 0.6600003333333335 0.076875 0.07666700000000001 0.15375
0 0.8158333333333334 0.095625 0.061667000000000013 0.15875
0 0.8441663333333335 0.08875 0.0550000000000001 0.125
0 0.8975003333333335 0.0725 0.055 0.145
0 0.8841663333333333 0.171875 0.07166699999999993 0.16375
0 0.9758333333333334 0.10125 0.04166699999999992 0.17250000000000001
0 0.9500003333333334 0.140625 0.06666699999999992 0.15375
0 0.9275003333333333 0.1375 0.06166699999999992 0.165
0 0.9275003333333333 0.17625 0.03833300000000009 0.09
