0 0.18833333333333335 0.244375 0.06666700000000002 0.13625
0 0.41250033333333336 0.3575 0.07833300000000004 0.1575
0 0.8158333333333334 0.475625 0.08166699999999992 0.16375
0 0.47666633333333336 0.401875 0.08 0.16125
0 0.8516663333333333 0.229375 0.04333299999999999 0.08875
0 0.6866663333333335 0.2425 0.046667000000000014 0.1075
0 0.6625003333333332 0.244375 0.045000000000000005 0.11125
0 0.6216663333333334 0.263125 0.056667000000000016 0.13374999999999998
0 0.5891663333333335 0.243125 0.058332999999999996 0.13375
0 0.6733333333333333 0.338125 0.06333299999999999 0.12875
0 0.3925003333333334 0.260625 0.05166700000000001 0.12624999999999997
0 0.45916633333333334 0.35375 0.065 0.15
0 0.37083333333333335 0.29875 0.058332999999999996 0.135
0 0.25083333333333335 0.24125 0.045000000000000005 0.0925
0 0.05916633333333333 0.2925 0.115 0.23
0 0.19083333333333335 0.47000000000000003 0.041667000000000017 0.0825
0 0.21916633333333332 0.531875 0.041667000000000017 0.08625000000000001
0 0.32583333333333336 0.494375 0.045000000000000005 0.09125
0 0.35083333333333333 0.65625 0.06833299999999999 0.1375
0 0.3166663333333333 0.68125 0.073333 0.15
0 0.6608333333333334 0.693125 0.09166700000000001 0.18375
0 0.6950003333333334 0.738125 0.103333 0.20625000000000002
0 0.9350003333333335 0.51125 0.04333300000000009 0.08750000000000001
0 0.8983333333333334 0.500625 0.03666699999999992 0.07375
