0 0.6158333333333336 0.44375000000000003 0.088333 0.1775
0 0.45916633333333334 0.33187500000000003 0.07833300000000004 0.15875
0 0.39666633333333334 0.26125 0.09000000000000001 0.18
0 0.48833333333333334 0.31625000000000003 0.08 0.16
0 0.9358333333333334 0.326875 0.065 0.13375
0 0.9100003333333333 0.424375 0.04333300000000009 0.08875
0 0.8500003333333334 0.39 0.07 0.14250000000000002
0 0.7433333333333334 0.3225 0.056667000000000016 0.1125
0 0.6591663333333333 0.239375 0.058332999999999996 0.11625
0 0.6225003333333333 0.23750000000000002 0.058332999999999996 0.11750000000000001
0 0.5833333333333334 0.2125 0.05 0.115
0 0.5783333333333334 0.246875 0.060000000000000005 0.12125
0 0.5266663333333335 0.233125 0.046667000000000014 0.10875
0 0.5083333333333334 0.24999999999999997 0.046667000000000014 0.105
0 0.5200003333333334 0.275 0.04 0.095
0 0.4058333333333334 0.19062500000000002 0.04500000000000005 0.10125
0 0.18583333333333335 0.09125 0.061667000000000013 0.125
