0 0.7850003333333333 0.359375 0.08333299999999999 0.16875
0 0.27500033333333335 0.438125 0.08666700000000002 0.15125
0 0.13833333333333334 0.383125 0.086667 0.17375000000000002
0 0.3050003333333334 0.40125 0.07666700000000001 0.145
0 0.7433333333333334 0.258125 0.06333299999999999 0.12874999999999998
0 0.6766663333333334 0.21625 0.07 0.14
0 0.5125003333333334 0.24375 0.07166700000000002 0.145
0 0.49583333333333335 0.28750000000000003 0.06833299999999999 0.1375
0 0.41250033333333336 0.2 0.065 0.13
0 0.36083333333333334 0.205625 0.065 0.13375
0 0.31333333333333335 0.176875 0.06666700000000002 0.13625
0 0.27666633333333335 0.214375 0.06333299999999999 0.12875
0 0.40000033333333335 0.29125 0.06666699999999996 0.135
0 0.34750033333333336 0.314375 0.045000000000000005 0.09125
0 0.18333333333333335 0.364375 0.07666700000000001 0.15375
