0 0.6191663333333334 0.71875 0.10500000000000001 0.2125
0 0.3066663333333334 0.309375 0.10666700000000001 0.21375
0 0.42583333333333334 0.48125 0.085 0.17
0 0.8750003333333333 0.23 0.07 0.14
0 0.9458333333333334 0.4675 0.09166699999999993 0.185
0 0.7900003333333335 0.24 0.056667000000000016 0.115
0 0.7533333333333334 0.251875 0.056667000000000016 0.11375
0 0.6958333333333334 0.169375 0.058332999999999996 0.11875000000000001
0 0.7708333333333334 0.330625 0.078333 0.15625
0 0.6641663333333333 0.204375 0.078333 0.18375
0 0.6116663333333333 0.218125 0.08333299999999999 0.19125
0 0.6691663333333333 0.61375 0.09833299999999999 0.1975
0 0.5925003333333335 0.6168750000000001 0.09166700000000001 0.18625
0 0.08750033333333335 0.415625 0.06500000000000002 0.13375
0 0.10833333333333334 0.57125 0.060000000000000005 0.095
0 0.20416633333333334 0.55125 0.09166700000000001 0.185
0 0.42833333333333334 0.401875 0.1 0.20125
0 0.5308333333333334 0.123125 0.088333 0.17875
