0 0.45916633333333334 0.3425 0.095 0.19
0 0.6358333333333334 0.416875 0.10500000000000001 0.21125
0 0.8950003333333333 0.496875 0.08666699999999992 0.17375000000000002
0 0.7750003333333334 0.224375 0.11 0.22125
0 0.6441663333333335 0.215 0.08166700000000002 0.165
0 0.42333333333333334 0.51375 0.1 0.2
0 0.48416633333333337 0.55625 0.07500000000000001 0.15
0 0.5733333333333334 0.5806250000000001 0.08666700000000002 0.17375000000000002
0 0.35416633333333336 0.07187500000000001 0.07166700000000002 0.14375000000000002
0 0.07750033333333334 0.0825 0.07833300000000001 0.1575
0 0.12500033333333335 0.10250000000000001 0.09000000000000001 0.1825
0 0.052500333333333336 0.293125 0.101667 0.19125
