0 0.6850003333333334 0.46375 0.09000000000000001 0.18
0 0.8975003333333335 0.251875 0.09833300000000009 0.19625
0 0.8550003333333333 0.108125 0.10666699999999993 0.21625
0 0.5816663333333334 0.08125 0.08 0.1625
0 0.5308333333333334 0.11937500000000001 0.08166700000000002 0.16375
0 0.5716663333333333 0.1875 0.093333 0.1875
0 0.3925003333333334 0.055 0.061667000000000013 0.11
0 0.25583333333333336 0.090625 0.095 0.15375
0 0.4500003333333334 0.20875 0.08666699999999997 0.17500000000000002
0 0.33750033333333335 0.25125000000000003 0.08166700000000002 0.1625
