0 0.36166633333333337 0.350625 0.08666700000000002 0.17375000000000002
0 0.6433333333333334 0.58875 0.1 0.2
0 0.15166633333333332 0.11937500000000001 0.07 0.14125000000000001
0 0.1750003333333333 0.26375 0.076667 0.155
0 0.12750033333333335 0.275625 0.078333 0.15875
0 0.15500033333333335 0.339375 0.093333 0.18125
0 0.3075003333333334 0.5175000000000001 0.10166700000000002 0.20500000000000002
0 0.9433333333333334 0.145 0.09000000000000001 0.2
0 0.8933333333333334 0.18812500000000001 0.10333300000000009 0.20625000000000002
0 0.9608333333333334 0.076875 0.065 0.15125
