0 0.5283333333333333 0.3375 0.09000000000000001 0.18
0 0.14333333333333334 0.5225000000000001 0.12000000000000001 0.1975
0 0.17416633333333334 0.465625 0.10500000000000001 0.18125
0 0.15083333333333335 0.323125 0.08166700000000002 0.16625
0 0.29750033333333337 0.175625 0.07166700000000002 0.14375000000000002
0 0.6183333333333334 0.24875 0.07666700000000001 0.155
0 0.8066663333333333 0.174375 0.08333299999999999 0.16875
0 0.8758333333333334 0.218125 0.07166699999999993 0.14375000000000002
0 0.9091663333333335 0.23125 0.065 0.16
0 0.9541663333333334 0.233125 0.07833300000000008 0.16625
0 0.9533333333333334 0.15812500000000002 0.07666699999999992 0.18625
0 0.9408333333333334 0.8475 0.10166699999999992 0.1575
