0 0.4608333333333334 0.42 0.085 0.17
0 0.5500003333333334 0.3825 0.09000000000000001 0.1825
0 0.36000033333333337 0.38375000000000004 0.06666700000000002 0.135
0 0.9558333333333334 0.1925 0.07500000000000001 0.1525
0 0.8458333333333334 0.2725 0.07833300000000008 0.1575
0 0.7625003333333334 0.28 0.05166700000000001 0.105
0 0.6966663333333333 0.246875 0.06333299999999999 0.12875
0 0.5108333333333334 0.20500000000000002 0.07166700000000002 0.145
0 0.44583333333333336 0.2125 0.06833300000000005 0.1375
0 0.24000033333333337 0.210625 0.060000000000000005 0.12125
0 0.29166633333333336 0.226875 0.06666700000000002 0.13625
0 0.24583333333333335 0.28125 0.07500000000000001 0.15250000000000005
0 0.08416633333333334 0.17625 0.06833300000000002 0.1375
0 0.035000333333333335 0.18375 0.07000000000000003 0.14250000000000002
0 0.11583333333333334 0.28124999999999994 0.07166700000000002 0.14499999999999996
0 0.7525003333333333 0.916875 0.131667 0.15875
