0 0.20583333333333334 0.30312500000000003 0.061667000000000013 0.12625
0 0.7300003333333333 0.530625 0.093333 0.18875
0 0.3700003333333334 0.333125 0.06666700000000002 0.13375
0 0.5350003333333334 0.47875 0.07 0.14
0 0.8625003333333335 0.515625 0.08166699999999992 0.16625
0 0.8550003333333333 0.47375 0.08333300000000009 0.17
0 0.7558333333333332 0.30375 0.085 0.17250000000000001
0 0.6625003333333332 0.285625 0.06833299999999999 0.13875
0 0.6866663333333335 0.320625 0.06666700000000002 0.13625
0 0.6016663333333334 0.338125 0.07 0.14125000000000001
0 0.6566663333333332 0.36375 0.06333299999999999 0.1275
0 0.6716663333333333 0.400625 0.05333299999999999 0.10875
0 0.5233333333333333 0.2925 0.06333299999999999 0.1275
0 0.42666633333333337 0.30625 0.06333300000000004 0.1275
0 0.4450003333333334 0.365 0.07 0.14250000000000002
0 0.14000033333333334 0.349375 0.060000000000000005 0.12125
