0 0.36250033333333337 0.264375 0.078333 0.15625
0 0.48583333333333334 0.295 0.085 0.17250000000000001
0 0.9250003333333335 0.425 0.07333300000000009 0.1475
0 0.8375003333333333 0.425 0.0649999999999999 0.13
0 0.7050003333333333 0.36 0.060000000000000005 0.12
0 0.6700003333333334 0.368125 0.060000000000000005 0.12125
0 0.5608333333333334 0.33187500000000003 0.065 0.13125
0 0.6466663333333335 0.774375 0.08666700000000002 0.17375000000000002
0 0.5233333333333333 0.879375 0.1 0.20125
0 0.07083333333333333 0.629375 0.078333 0.15625
0 0.052500333333333336 0.21125 0.095 0.19
0 0.04666633333333334 0.29375 0.09000000000000001 0.2
0 0.09666633333333334 0.27375 0.086667 0.17499999999999996
0 0.1683333333333334 0.470625 0.09333300000000001 0.18875
0 0.23666633333333334 0.45875 0.08666700000000002 0.17500000000000002
