0 0.5250003333333334 0.53 0.08 0.16
0 0.5875003333333335 0.535625 0.07166700000000002 0.14625
0 0.026666333333333337 0.508125 0.05333300000000001 0.13875
0 0.07916633333333332 0.52 0.075 0.145
0 0.07333333333333333 0.551875 0.073333 0.14875
0 0.26250033333333334 0.491875 0.06833299999999999 0.12875
0 0.2758333333333334 0.510625 0.065 0.13125
0 0.33333333333333337 0.42125 0.06333299999999999 0.1275
0 0.39916633333333335 0.415625 0.05166700000000001 0.11875000000000001
0 0.3983333333333334 0.443125 0.06666699999999996 0.13375
0 0.5783333333333334 0.315625 0.03333299999999999 0.06875
0 0.5591663333333334 0.320625 0.031667000000000015 0.07125000000000001
0 0.5383333333333333 0.32125 0.03666700000000001 0.0725
0 0.5083333333333334 0.38 0.046667000000000014 0.095
0 0.5425003333333333 0.409375 0.048332999999999994 0.11125
0 0.5533333333333335 0.42125 0.05 0.1075
0 0.45750033333333345 0.445625 0.05166700000000001 0.11625
0 0.46750033333333335 0.45937500000000003 0.065 0.13125
0 0.6250003333333333 0.323125 0.04333299999999999 0.08875
0 0.6116663333333333 0.439375 0.05 0.10125
0 0.6466663333333335 0.455 0.06333299999999999 0.1275
0 0.28666633333333336 0.088125 0.08666700000000002 0.17625
0 0.5183333333333333 0.08625000000000001 0.07 0.14250000000000002
0 0.5891663333333335 0.104375 0.061667000000000013 0.12375
0 0.7358333333333333 0.096875 0.03833299999999999 0.07625
0 0.7641663333333335 0.095 0.041667000000000017 0.085
0 0.8016663333333335 0.10312500000000001 0.046667000000000014 0.09625
0 0.8283333333333334 0.09875 0.05 0.10250000000000001
0 0.7508333333333332 0.301875 0.03833299999999999 0.07875000000000004
0 0.7491663333333334 0.36062500000000003 0.045000000000000005 0.09125
0 0.9708333333333334 0.27312499999999995 0.028333000000000084 0.058750000000000004
0 0.9791663333333332 0.285625 0.03166699999999992 0.06375
0 0.9283333333333333 0.28875 0.04 0.08000000000000004
0 0.9475003333333333 0.320625 0.04166699999999992 0.07875
0 0.9716663333333335 0.33625 0.030000000000000002 0.065
0 0.9575003333333333 0.346875 0.035 0.07375
0 0.9525003333333333 0.39125 0.04166699999999992 0.08
0 0.9266663333333333 0.3875 0.04333300000000009 0.1
0 0.8858333333333334 0.29125 0.03833300000000009 0.0775
0 0.8391663333333335 0.350625 0.045000000000000005 0.09125
0 0.9233333333333333 0.63 0.09000000000000001 0.1825
