0 0.4325003333333334 0.263125 0.18166699999999997 0.36375
0 0.05750033333333335 0.24625 0.11166700000000002 0.28250000000000003
0 0.08916633333333333 0.261875 0.118333 0.23875000000000002
0 0.32583333333333336 0.233125 0.11166700000000002 0.22625
0 0.5133333333333334 0.279375 0.133333 0.30125
0 0.5766663333333333 0.199375 0.08333299999999999 0.21375
0 0.6000003333333332 0.20875 0.08333299999999999 0.2175
0 0.7133333333333334 0.22 0.08666700000000002 0.2175
0 0.8266663333333335 0.23500000000000001 0.1000000000000001 0.2475
0 0.7741663333333334 0.1825 0.065 0.13
0 0.8925003333333335 0.5906250000000001 0.15833300000000008 0.3687499999999999
