0 0.33416633333333334 0.4175 0.15833300000000006 0.3175
0 0.5366663333333332 0.463125 0.12666700000000003 0.25375000000000003
0 0.6391663333333335 0.50875 0.14166700000000002 0.28250000000000003
0 0.7666663333333334 0.59125 0.103333 0.20750000000000002
0 0.5875003333333334 0.213125 0.10500000000000001 0.21125
0 0.5883333333333334 0.26625 0.11333299999999999 0.2275
0 0.7575003333333334 0.28 0.07500000000000001 0.1525
0 0.7450003333333334 0.33187500000000003 0.07 0.14125000000000001
0 0.8875003333333334 0.351875 0.09833300000000009 0.19625
0 0.10333333333333335 0.11750000000000001 0.11666700000000002 0.23500000000000001
