0 0.31750033333333333 0.405625 0.178333 0.35875
0 0.5150003333333333 0.513125 0.163333 0.32875
0 0.6008333333333333 0.574375 0.165 0.33124999999999993
0 0.6450003333333333 0.7025 0.163333 0.3275
0 0.8450003333333334 0.4425 0.10333300000000009 0.23500000000000001
0 0.7916663333333334 0.39375 0.11 0.2575
0 0.47166633333333335 0.19875 0.14333299999999996 0.28750000000000003
0 0.28500033333333336 0.080625 0.08 0.16125
0 0.15083333333333335 0.115625 0.115 0.23125
0 0.04500033333333334 0.1125 0.08333300000000002 0.225
