0 0.4683333333333334 0.436875 0.12666699999999997 0.25375000000000003
0 0.39333333333333337 0.43125 0.12000000000000001 0.24
0 0.24833333333333335 0.36062500000000003 0.11666700000000002 0.22375
0 0.8216663333333335 0.598125 0.10666700000000001 0.21625
0 0.8900003333333333 0.62 0.11 0.22
0 0.8566663333333334 0.084375 0.08333300000000009 0.16875
0 0.8758333333333334 0.0925 0.09166699999999993 0.185
0 0.40166633333333335 0.116875 0.08666699999999997 0.17625
0 0.37083333333333335 0.133125 0.078333 0.15625
0 0.26333333333333336 0.141875 0.08333299999999999 0.16875
0 0.21250033333333335 0.131875 0.08166700000000002 0.16375
0 0.17500033333333337 0.136875 0.09333300000000001 0.18875
0 0.9700003333333334 0.49875 0.04666699999999992 0.1325
