0 0.6433333333333334 0.49062500000000003 0.08333299999999999 0.16875
0 0.5100003333333334 0.335 0.07 0.14250000000000002
0 0.38166633333333333 0.328125 0.09000000000000001 0.18125
0 0.4600003333333334 0.2925 0.07 0.14
0 0.7116663333333333 0.054375 0.05333299999999999 0.10875
0 0.7250003333333332 0.09375 0.04 0.08
0 0.6758333333333334 0.075 0.061667000000000013 0.125
0 0.6158333333333336 0.054375 0.05166700000000001 0.10375000000000001
0 0.6250003333333333 0.16125 0.06333299999999999 0.135
0 0.6333333333333334 0.17500000000000002 0.06333299999999999 0.1275
0 0.4650003333333333 0.051875000000000004 0.04333299999999999 0.10375000000000001
0 0.4941663333333334 0.046875 0.045000000000000005 0.09125
0 0.4950003333333334 0.1125 0.060000000000000005 0.14
0 0.5283333333333333 0.12437499999999999 0.060000000000000005 0.14124999999999996
0 0.39500033333333334 0.0625 0.05 0.1
0 0.42916633333333337 0.116875 0.06833300000000005 0.13875
0 0.5508333333333334 0.27 0.06833299999999999 0.14
0 0.33333333333333337 0.059375000000000004 0.05333299999999999 0.10875
0 0.04666633333333334 0.403125 0.086667 0.17625
0 0.8091663333333334 0.90625 0.1150000000000001 0.155
