0 0.6475003333333333 0.200625 0.10500000000000001 0.24125
0 0.7308333333333333 0.22187500000000002 0.11166700000000002 0.22375
0 0.7933333333333333 0.28875 0.12000000000000001 0.24000000000000005
0 0.8833333333333334 0.371875 0.11333300000000009 0.22625
0 0.9275003333333333 0.343125 0.125 0.25125000000000003
0 0.030000333333333334 0.753125 0.060000000000000005 0.15625
0 0.9183333333333334 0.720625 0.1433330000000001 0.33375
0 0.5141663333333334 0.178125 0.07500000000000001 0.18375
0 0.5358333333333334 0.19187500000000002 0.07500000000000001 0.18375
0 0.45666633333333334 0.203125 0.08333300000000005 0.20375000000000001
0 0.5475003333333333 0.39 0.131667 0.3125
0 0.05416633333333334 0.203125 0.095 0.19125
