0 0.5350003333333334 0.213125 0.14 0.28125
0 0.4783333333333334 0.25125000000000003 0.15000000000000002 0.3025
0 0.8325003333333335 0.163125 0.0850000000000001 0.21625
0 0.7658333333333334 0.1875 0.095 0.215
0 0.6708333333333334 0.17250000000000001 0.088333 0.21
0 0.5458333333333334 0.15375 0.088333 0.24
0 0.040000333333333346 0.193125 0.08 0.28375
0 0.08333333333333336 0.1775 0.09666699999999999 0.25
0 0.27416633333333335 0.1375 0.048332999999999994 0.11999999999999998
0 0.24666633333333335 0.1375 0.05 0.10249999999999998
0 0.1691663333333334 0.69375 0.08500000000000003 0.17250000000000001
