0 0.7533333333333334 0.478125 0.093333 0.18625
0 0.8150003333333333 0.46125 0.0799999999999999 0.1625
0 0.5925003333333335 0.6975 0.08166700000000002 0.165
0 0.5300003333333333 0.8075 0.06333299999999999 0.11750000000000001
0 0.44833333333333336 0.74375 0.08333300000000005 0.17500000000000002
0 0.04666633333333334 0.604375 0.09333300000000001 0.18125
0 0.07166633333333333 0.548125 0.09999999999999999 0.16125
0 0.17916633333333334 0.595625 0.088333 0.15624999999999994
0 0.11833333333333335 0.366875 0.07 0.14125000000000001
0 0.35583333333333333 0.50625 0.08166700000000002 0.1625
0 0.36833333333333335 0.558125 0.07666700000000001 0.15375
0 0.7875003333333332 0.573125 0.09833299999999999 0.19875
0 0.9308333333333334 0.0625 0.035 0.0725
0 0.8883333333333334 0.0975 0.04 0.08
0 0.8883333333333334 0.0625 0.030000000000000002 0.0625
0 0.8358333333333334 0.07875 0.03166699999999992 0.0675
0 0.8416663333333335 0.11625 0.0400000000000001 0.08
0 0.8266663333333335 0.120625 0.03666700000000001 0.07375
0 0.8133333333333334 0.10187500000000001 0.03666700000000001 0.07625
0 0.7341663333333335 0.11812500000000001 0.041667000000000017 0.08375
0 0.9491663333333334 0.161875 0.035 0.09875
0 0.9341663333333334 0.16625 0.04166699999999992 0.1075
0 0.6825003333333333 0.1225 0.03833299999999999 0.0775
0 0.7600003333333335 0.1875 0.046667000000000014 0.105
0 0.7816663333333334 0.236875 0.05 0.11125
0 0.7458333333333335 0.24125 0.055 0.11
0 0.6066663333333334 0.141875 0.046667000000000014 0.09375
0 0.5716663333333335 0.151875 0.046667000000000014 0.09374999999999999
0 0.6541663333333333 0.20375000000000001 0.048332999999999994 0.11
0 0.6900003333333334 0.213125 0.05 0.10125
0 0.7016663333333335 0.278125 0.056667000000000016 0.12625
0 0.6283333333333334 0.283125 0.060000000000000005 0.12125
0 0.5400003333333335 0.265 0.056667000000000016 0.115
0 0.9791663333333332 0.090625 0.035 0.07125000000000001
0 0.9700003333333334 0.13875 0.04333300000000009 0.09999999999999998
0 0.48166633333333336 0.22125 0.05 0.1
0 0.46916633333333346 0.25375000000000003 0.05166700000000001 0.11
0 0.47500033333333347 0.3375 0.056667000000000016 0.1325
0 0.5175003333333335 0.4 0.061667000000000013 0.14250000000000002
0 0.5075003333333333 0.4575 0.06833299999999999 0.1525
0 0.9050003333333333 0.47125 0.07666699999999992 0.155
