0 0.5758333333333334 0.5625 0.09166700000000001 0.185
0 0.6266663333333334 0.5675 0.07666700000000001 0.155
0 0.7825003333333334 0.508125 0.08166700000000002 0.16625
0 0.9325003333333333 0.43062500000000004 0.07500000000000001 0.15125
0 0.8766663333333334 0.404375 0.07666699999999992 0.15375
0 0.8300003333333333 0.756875 0.093333 0.18875
0 0.6066663333333333 0.775 0.11333299999999999 0.2275
0 0.35750033333333336 0.805 0.14166699999999996 0.2225
0 0.07583333333333334 0.605 0.07500000000000001 0.15000000000000008
0 0.11166633333333333 0.54 0.076667 0.12
0 0.11583333333333334 0.40750000000000003 0.06833299999999999 0.11750000000000001
0 0.4216663333333334 0.406875 0.06000000000000005 0.12125
0 0.32083333333333336 0.48625 0.07166700000000002 0.13
0 0.25500033333333333 0.544375 0.10666700000000001 0.21375
0 0.29000033333333336 0.58625 0.09000000000000001 0.1825
0 0.40500033333333335 0.553125 0.07666699999999997 0.15125
0 0.45666633333333334 0.5593750000000001 0.08333300000000005 0.16124999999999992
0 0.45166633333333334 0.600625 0.09666699999999998 0.19374999999999992
0 0.7358333333333333 0.323125 0.061667000000000013 0.12625
0 0.8133333333333332 0.24999999999999997 0.05 0.11
0 0.8191663333333333 0.27 0.058332999999999996 0.11750000000000001
0 0.8966663333333335 0.305 0.07 0.14249999999999996
0 0.9600003333333335 0.17875 0.05 0.10250000000000001
0 0.11416633333333338 0.06999999999999999 0.05833300000000002 0.14
0 0.1425003333333333 0.0625 0.06166699999999999 0.125
0 0.2016663333333334 0.05375 0.05333300000000002 0.1075
