0 0.41750033333333336 0.22375 0.07833300000000004 0.1575
0 0.3675003333333334 0.200625 0.058332999999999996 0.11875000000000001
0 0.48166633333333336 0.205625 0.060000000000000005 0.12125
0 0.5183333333333333 0.2 0.06333299999999999 0.1275
0 0.5691663333333332 0.203125 0.058332999999999996 0.11875000000000001
0 0.6225003333333333 0.199375 0.058332999999999996 0.11875000000000001
0 0.7958333333333334 0.2175 0.088333 0.20500000000000002
0 0.7391663333333335 0.225 0.12166700000000003 0.245
0 0.2033333333333333 0.470625 0.04666699999999999 0.09375
0 0.16500033333333336 0.47625 0.046667000000000014 0.10250000000000001
0 0.06583333333333334 0.46375 0.045000000000000005 0.0925
0 0.03250033333333334 0.464375 0.048333 0.09875
0 0.10000033333333334 0.19625 0.033333000000000015 0.0675
