0 0.4575003333333334 0.418125 0.10500000000000001 0.21125
0 0.36083333333333334 0.39625 0.115 0.23
0 0.1991663333333334 0.386875 0.12166700000000003 0.24375
0 0.21083333333333334 0.20500000000000002 0.06833299999999999 0.1375
0 0.28416633333333335 0.155 0.058332999999999996 0.11750000000000001
0 0.8383333333333334 0.2025 0.07 0.14
0 0.7500003333333334 0.051250000000000004 0.04 0.0825
0 0.7175003333333334 0.03625 0.035 0.0725
0 0.6833333333333336 0.04125 0.03666700000000001 0.075
0 0.6966663333333335 0.060625 0.03666700000000001 0.08375
0 0.6675003333333333 0.06125 0.03833299999999999 0.085
0 0.6766663333333335 0.11750000000000001 0.03666700000000001 0.085
0 0.6358333333333334 0.0375 0.035 0.0725
0 0.6358333333333334 0.07 0.041667000000000017 0.095
0 0.5783333333333334 0.0425 0.03333299999999999 0.075
0 0.5533333333333335 0.031875 0.030000000000000002 0.06125
0 0.5875003333333333 0.065 0.03833299999999999 0.0925
0 0.5516663333333334 0.055 0.04 0.085
0 0.5341663333333334 0.084375 0.035 0.08625000000000001
0 0.5366663333333335 0.106875 0.03666700000000001 0.09625
0 0.4375003333333334 0.095625 0.03833300000000004 0.08875
0 0.40166633333333335 0.08750000000000001 0.04 0.1
0 0.35916633333333337 0.05625 0.041667000000000017 0.085
0 0.4341663333333334 0.128125 0.04166699999999997 0.09125000000000003
0 0.4541663333333333 0.16125 0.048332999999999994 0.1125
0 0.42666633333333337 0.161875 0.05333300000000004 0.10625
0 0.38916633333333334 0.123125 0.045000000000000005 0.10125
0 0.35500033333333336 0.136875 0.046667000000000014 0.10625
0 0.34666633333333335 0.17375000000000002 0.056667000000000016 0.125
0 0.35583333333333333 0.2025 0.05166700000000001 0.125
0 0.6416663333333334 0.148125 0.05 0.11875000000000001
0 0.5950003333333332 0.1475 0.05333299999999999 0.12
0 0.5625003333333334 0.16375 0.045000000000000005 0.11
0 0.5116663333333334 0.140625 0.04 0.10875
0 0.5283333333333333 0.146875 0.046667000000000014 0.11125
0 0.6300003333333335 0.218125 0.056667000000000016 0.11375
0 0.7241663333333335 0.32 0.061667000000000013 0.145
0 0.5775003333333335 0.283125 0.061667000000000013 0.12375
