0 0.5091663333333333 0.326875 0.298333 0.65125
0 0.6791663333333334 0.201875 0.07166700000000002 0.16625
0 0.6200003333333335 0.19625 0.07666700000000001 0.17
0 0.36000033333333337 0.14875 0.026667000000000014 0.055
0 0.39583333333333337 0.429375 0.031667000000000015 0.06125
0 0.3725003333333334 0.4325 0.035 0.0775
0 0.3675003333333334 0.471875 0.031667000000000015 0.08125
0 0.33416633333333334 0.45875 0.02833299999999999 0.075
0 0.22250033333333336 0.37875000000000003 0.025 0.0625
0 0.20083333333333334 0.38125000000000003 0.024999999999999977 0.0625
0 0.16916633333333334 0.393125 0.03166699999999999 0.06875
0 0.13583333333333333 0.43 0.031667000000000015 0.0725
0 0.11333333333333334 0.43625 0.030000000000000002 0.065
0 0.10000033333333334 0.455 0.023333000000000013 0.06
0 0.13166633333333336 0.469375 0.030000000000000002 0.07375
0 0.11666633333333333 0.499375 0.03333299999999999 0.07125000000000001
