0 0.43416633333333343 0.386875 0.26166700000000004 0.52625
0 0.14666633333333334 0.411875 0.293333 0.58875
0 0.9100003333333333 0.43062500000000004 0.16666699999999993 0.33625
0 0.7058333333333334 0.274375 0.135 0.27125
0 0.6158333333333336 0.246875 0.09166700000000001 0.18375
0 0.5433333333333333 0.28 0.123333 0.28
0 0.48666633333333337 0.326875 0.14666699999999996 0.34875
0 0.1341663333333334 0.33125 0.20833300000000002 0.5475
0 0.9425003333333333 0.184375 0.035 0.07125000000000001
0 0.9816663333333335 0.18812500000000001 0.026666999999999916 0.06625
0 0.20000033333333336 0.108125 0.02333299999999999 0.04625
0 0.17250033333333334 0.11125 0.025 0.05
