0 0.8950003333333333 0.33875 0.12000000000000001 0.24
0 0.7866663333333335 0.316875 0.1400000000000001 0.28125
0 0.5608333333333334 0.33187500000000003 0.095 0.19125
0 0.42583333333333334 0.32625 0.10166699999999997 0.20500000000000002
0 0.9441663333333334 0.33875 0.10166699999999992 0.28750000000000003
0 0.30833333333333335 0.28374999999999995 0.03666700000000001 0.07249999999999997
0 0.2783333333333334 0.284375 0.03666700000000001 0.07375
0 0.24166633333333334 0.306875 0.06666700000000002 0.13375
0 0.1691663333333334 0.304375 0.05833300000000002 0.11875000000000004
0 0.07166633333333335 0.27625000000000005 0.026667 0.0525
