0 0.6333333333333334 0.383125 0.263333 0.52625
0 0.34000033333333335 0.3975 0.24333299999999997 0.515
0 0.4925003333333334 0.218125 0.035 0.07625
0 0.21750033333333335 0.22375 0.041667000000000017 0.095
0 0.6766663333333335 0.040625 0.03666700000000001 0.07875
0 0.6266663333333334 0.0475 0.03666700000000001 0.075
0 0.5850003333333335 0.043750000000000004 0.03666700000000001 0.0825
0 0.9516663333333333 0.435625 0.030000000000000002 0.06375
0 0.8425003333333335 0.473125 0.035000000000000094 0.07125000000000001
0 0.7950003333333333 0.4625 0.03333299999999999 0.065
0 0.8233333333333334 0.56375 0.03666700000000001 0.0825
0 0.7041663333333334 0.498125 0.03833299999999999 0.07875
0 0.5625003333333333 0.42 0.02833299999999999 0.055
0 0.5008333333333332 0.40750000000000003 0.025 0.0475
0 0.3983333333333334 0.46625 0.026667000000000014 0.06
0 0.4325003333333334 0.470625 0.025 0.06625
0 0.48666633333333337 0.484375 0.030000000000000002 0.07125000000000001
