0 0.38916633333333334 0.33625 0.07500000000000001 0.1525
0 0.8000003333333333 0.35875 0.073333 0.17500000000000002
0 0.7575003333333334 0.38125000000000003 0.095 0.2575
0 0.7075003333333334 0.361875 0.07500000000000001 0.17125
0 0.6433333333333334 0.34625 0.08666700000000002 0.195
0 0.5975003333333335 0.346875 0.08166700000000002 0.18125
0 0.4683333333333334 0.318125 0.056667000000000016 0.11374999999999996
0 0.22583333333333336 0.3 0.025 0.05
0 0.18333333333333335 0.3 0.03666700000000001 0.0725
0 0.15583333333333335 0.30375 0.035 0.0725
0 0.12916633333333336 0.306875 0.035 0.07125000000000001
0 0.13250033333333336 0.849375 0.048332999999999994 0.09625
0 0.06416633333333333 0.8093750000000001 0.041667 0.08625000000000001
0 0.04166633333333334 0.53 0.030000000000000002 0.06
