0 0.11916633333333333 0.36562500000000003 0.21166700000000002 0.42625
0 0.22000033333333335 0.350625 0.19 0.38125000000000003
0 0.5133333333333334 0.30625 0.153333 0.31
0 0.7908333333333334 0.295625 0.14166699999999993 0.28375
0 0.41583333333333333 0.26875 0.061666999999999965 0.1625
0 0.4450003333333334 0.265625 0.07333300000000004 0.19125000000000003
0 0.49166633333333337 0.283125 0.1 0.25625
0 0.6175003333333334 0.293125 0.118333 0.27875
0 0.6966663333333333 0.341875 0.163333 0.36125
0 0.022500333333333337 0.246875 0.03500000000000001 0.07125000000000001
