0 0.49166633333333337 0.34875 0.16 0.3325
0 0.38000033333333333 0.350625 0.15666700000000003 0.31375000000000003
0 0.9500003333333334 0.3175 0.08666699999999992 0.20250000000000004
0 0.7941663333333334 0.31125 0.061667000000000013 0.125
0 0.7183333333333334 0.28250000000000003 0.04 0.08
0 0.7100003333333333 0.31125 0.04333299999999999 0.08750000000000001
0 0.6591663333333334 0.28875 0.041667000000000017 0.09750000000000003
0 0.6741663333333334 0.30375 0.05166700000000001 0.105
0 0.6200003333333333 0.3 0.06333299999999999 0.1275
0 0.44416633333333333 0.279375 0.055 0.12375
