0 0.6700003333333334 0.319375 0.07 0.14125000000000001
0 0.6058333333333333 0.319375 0.07166700000000002 0.14625
0 0.18916633333333335 0.956875 0.045000000000000005 0.07625
0 0.021666333333333336 0.77 0.04 0.0825
0 0.04166633333333334 0.81875 0.04333300000000001 0.09
0 0.13750033333333336 0.74625 0.031667000000000015 0.065
0 0.17916633333333334 0.724375 0.031667000000000015 0.06375
0 0.18500033333333335 0.7831250000000001 0.03666700000000001 0.07375
0 0.5633333333333334 0.685 0.056667000000000016 0.115
0 0.024166333333333335 0.49875 0.025000000000000005 0.05
0 0.05416633333333334 0.4925 0.025 0.05
0 0.07833333333333334 0.491875 0.023333000000000003 0.04875
0 0.029166333333333336 0.54125 0.028333000000000004 0.0675
0 0.052500333333333336 0.5331250000000001 0.028333000000000007 0.058750000000000004
0 0.05500033333333334 0.546875 0.026666999999999996 0.04875
0 0.20750033333333337 0.52875 0.035000000000000024 0.07
0 0.19166633333333336 0.5875 0.04 0.085
0 0.26333333333333336 0.5431250000000001 0.030000000000000002 0.06625
0 0.24500033333333335 0.5856250000000001 0.03666700000000001 0.07625
0 0.27750033333333335 0.589375 0.041667000000000017 0.08375
0 0.29916633333333337 0.568125 0.031667000000000015 0.07625
0 0.33666633333333335 0.5856250000000001 0.03333299999999999 0.07875
0 0.35750033333333336 0.58125 0.031667000000000015 0.075
0 0.40000033333333335 0.5850000000000001 0.03666700000000001 0.075
0 0.014166333333333335 0.3125 0.021667000000000002 0.05000000000000004
0 0.027500333333333335 0.31375000000000003 0.028333000000000004 0.0625
0 0.05916633333333335 0.311875 0.03500000000000002 0.07875
0 0.09166633333333332 0.31375000000000003 0.03333299999999999 0.0675
0 0.12583333333333335 0.3075 0.031667000000000015 0.062499999999999965
0 0.15333333333333335 0.324375 0.03666700000000001 0.07625
0 0.21666633333333335 0.315625 0.046667000000000014 0.09375
0 0.3725003333333334 0.309375 0.041667000000000017 0.08375
0 0.46666633333333324 0.324375 0.05333299999999999 0.12375
0 0.49416633333333326 0.335625 0.03833299999999999 0.08875
0 0.7625003333333334 0.3125 0.055 0.13750000000000004
0 0.7991663333333334 0.315 0.055 0.12500000000000003
0 0.8775003333333335 0.31749999999999995 0.07166699999999993 0.14499999999999996
0 0.9200003333333335 0.31125 0.05666699999999992 0.1375
0 0.9633333333333334 0.311875 0.060000000000000005 0.14875
