0 0.5941663333333332 0.36562500000000003 0.078333 0.15875
0 0.5025003333333333 0.370625 0.085 0.17125
0 0.7991663333333334 0.335 0.045000000000000005 0.0925
0 0.6516663333333335 0.3375 0.04 0.0825
0 0.5308333333333334 0.346875 0.035 0.08125
0 0.4575003333333334 0.355 0.045000000000000005 0.10250000000000001
0 0.42750033333333337 0.35875 0.04833300000000004 0.1225
0 0.39583333333333337 0.355625 0.05166700000000001 0.11625
0 0.31583333333333335 0.36875 0.058332999999999996 0.11750000000000001
0 0.07666633333333334 0.374375 0.05666699999999999 0.11375
0 0.10166633333333333 0.721875 0.05333299999999999 0.10875
0 0.057500333333333334 0.7275 0.055 0.11
