0 0.37833333333333335 0.321875 0.1 0.20125
0 0.4400003333333334 0.3325 0.10333299999999995 0.20750000000000002
0 0.5633333333333334 0.385625 0.07666700000000001 0.15375
0 0.6716663333333333 0.439375 0.06333299999999999 0.13375
0 0.057500333333333334 0.151875 0.05833300000000002 0.11874999999999998
0 0.7133333333333334 0.4 0.02 0.04
0 0.8175003333333333 0.400625 0.01833299999999999 0.03625
0 0.7491663333333333 0.28124999999999994 0.01833299999999999 0.0375
0 0.7641663333333335 0.284375 0.021667000000000013 0.043750000000000004
0 0.8125003333333334 0.27062499999999995 0.015000000000000001 0.03625
0 0.8225003333333333 0.281875 0.01833299999999999 0.03875
0 0.8400003333333335 0.279375 0.01666700000000001 0.04125
0 0.8050003333333334 0.29625 0.02 0.04
0 0.6991663333333334 0.274375 0.01833299999999999 0.03625
0 0.48583333333333334 0.151875 0.01833299999999999 0.036249999999999984
0 0.5008333333333334 0.145625 0.021667000000000013 0.04625
0 0.5191663333333334 0.14250000000000002 0.025 0.05000000000000002
0 0.5416663333333334 0.148125 0.02 0.043750000000000004
0 0.5833333333333334 0.146875 0.02333299999999999 0.04875
0 0.7775003333333335 0.0275 0.021667000000000013 0.045
0 0.6300003333333334 0.035 0.02 0.04
0 0.8025003333333333 0.026875 0.01833299999999999 0.03875
