0 0.33000033333333334 0.28374999999999995 0.14 0.2800000000000001
0 0.27500033333333335 0.295625 0.136667 0.27625
0 0.6041663333333334 0.22875 0.045000000000000005 0.1075
0 0.6241663333333333 0.249375 0.058332999999999996 0.13875
0 0.5091663333333334 0.23625000000000002 0.055 0.1275
0 0.46666633333333346 0.248125 0.046667000000000014 0.12125
0 0.4083333333333333 0.245 0.046667000000000014 0.1225
0 0.7466663333333334 0.308125 0.10666700000000001 0.29625
0 0.7008333333333334 0.3 0.125 0.335
0 0.23500033333333337 0.23625000000000002 0.04333299999999999 0.0975
0 0.5466663333333335 0.829375 0.08666700000000002 0.19375
0 0.4800003333333335 0.824375 0.07666700000000001 0.16875
