0 0.41250033333333336 0.315 0.12166699999999997 0.24500000000000005
0 0.5916663333333333 0.309375 0.136667 0.27875
0 0.33500033333333334 0.32625 0.11666700000000002 0.23500000000000001
0 0.051666333333333335 0.308125 0.09000000000000001 0.21125
0 0.15666633333333335 0.31 0.09000000000000001 0.18249999999999997
0 0.24500033333333335 0.36625 0.13333300000000003 0.32
0 0.7183333333333334 0.226875 0.02333299999999999 0.05625
0 0.7108333333333334 0.2275 0.025 0.0575
0 0.6358333333333334 0.230625 0.02833299999999999 0.058750000000000004
0 0.6725003333333333 0.39187500000000003 0.021667000000000013 0.058750000000000004
0 0.6650003333333335 0.393125 0.026667000000000014 0.058750000000000004
0 0.6391663333333333 0.405625 0.02833299999999999 0.06125
0 0.7491663333333333 0.420625 0.02833299999999999 0.06375
0 0.7641663333333333 0.439375 0.02833299999999999 0.06625
0 0.7900003333333335 0.44125000000000003 0.03666700000000001 0.08750000000000001
0 0.8741663333333333 0.468125 0.03833300000000009 0.07625
0 0.9366663333333333 0.395 0.03666699999999992 0.075
0 0.9000003333333333 0.39375 0.030000000000000002 0.0625
0 0.9033333333333334 0.41375 0.026666999999999916 0.055
0 0.8941663333333335 0.42562500000000003 0.03166699999999992 0.06375
0 0.8875003333333334 0.22125 0.03166699999999992 0.065
0 0.19500033333333336 0.25249999999999995 0.030000000000000002 0.0625
