0 0.48333333333333334 0.276875 0.10666700000000001 0.21625
0 0.4375003333333334 0.321875 0.10500000000000001 0.21125
0 0.34166633333333335 0.105625 0.08 0.17375000000000002
0 0.36083333333333334 0.174375 0.06833299999999999 0.15375
0 0.7983333333333333 0.243125 0.03666700000000001 0.07625
0 0.30583333333333335 0.42125 0.025 0.0525
0 0.28000033333333335 0.426875 0.026667000000000014 0.06125
0 0.26750033333333334 0.438125 0.02833299999999999 0.06375
0 0.24333333333333335 0.4325 0.030000000000000002 0.07
0 0.34916633333333336 0.47875 0.031667000000000015 0.0775
0 0.3166663333333333 0.46875 0.03666700000000001 0.075
0 0.27000033333333334 0.513125 0.03333299999999999 0.07875
0 0.24916633333333335 0.52125 0.035 0.08
0 0.2783333333333334 0.555625 0.03333299999999999 0.07375
0 0.26000033333333333 0.5475 0.03666700000000001 0.0825
0 0.22000033333333335 0.5325 0.04 0.095
0 0.11083333333333334 0.5375 0.045000000000000005 0.0975
0 0.08833333333333333 0.555 0.046667000000000014 0.095
