0 0.5716663333333333 0.335625 0.08333299999999999 0.16625
0 0.8341663333333335 0.29 0.025 0.05
0 0.8525003333333333 0.28874999999999995 0.025 0.0525
0 0.9058333333333334 0.290625 0.025 0.051250000000000004
0 0.9216663333333333 0.290625 0.026666999999999916 0.05375
0 0.5283333333333333 0.295 0.02 0.045
0 0.49583333333333335 0.294375 0.021667000000000013 0.04874999999999997
0 0.4658333333333334 0.32625 0.065 0.145
0 0.39666633333333334 0.29437500000000005 0.02 0.04125
0 0.12583333333333335 0.30625 0.031667000000000015 0.065
0 0.14166633333333334 0.3025 0.02 0.04249999999999997
0 0.14916633333333335 0.31375000000000003 0.021667000000000013 0.045
0 0.17750033333333334 0.308125 0.028333000000000014 0.058750000000000004
0 0.21000033333333334 0.3225 0.04000000000000003 0.1
0 0.23000033333333336 0.30625 0.026667000000000014 0.055
0 0.2500003333333333 0.308125 0.030000000000000002 0.06875
0 0.28500033333333336 0.310625 0.04333299999999999 0.08875
0 0.33083333333333337 0.333125 0.055 0.13875
0 0.9391663333333334 0.408125 0.018333000000000085 0.043750000000000004
0 0.9241663333333334 0.42375 0.025 0.05
0 0.9333333333333333 0.45 0.030000000000000002 0.0625
0 0.9133333333333334 0.485 0.030000000000000002 0.0675
0 0.8891663333333333 0.47000000000000003 0.03166699999999992 0.0725
0 0.8566663333333334 0.45937500000000003 0.030000000000000002 0.06125
0 0.8166663333333334 0.451875 0.030000000000000002 0.06125
0 0.8183333333333332 0.455625 0.02333299999999999 0.04875
0 0.7758333333333334 0.445 0.031667000000000015 0.0675
0 0.7458333333333335 0.41000000000000003 0.025 0.05
0 0.7758333333333334 0.448125 0.021667000000000013 0.051250000000000004
