0 0.38333333333333336 0.35875 0.18000000000000002 0.3625
0 0.5225003333333335 0.381875 0.178333 0.35875
0 0.24166633333333334 0.36312500000000003 0.143333 0.28625
0 0.30416633333333337 0.3125 0.095 0.20500000000000004
0 0.7125003333333334 0.291875 0.115 0.23124999999999996
0 0.8725003333333335 0.344375 0.14166699999999993 0.34375
0 0.9858333333333335 0.075625 0.018333000000000085 0.03875
0 0.9400003333333335 0.0825 0.016666999999999918 0.035
0 0.7483333333333334 0.105 0.01666700000000001 0.035
0 0.6966663333333335 0.11 0.01666700000000001 0.0325
0 0.6633333333333333 0.11375 0.01666700000000001 0.035
