0 0.47250033333333336 0.37875000000000003 0.255 0.5125
0 0.8025003333333333 0.251875 0.058332999999999996 0.12375
0 0.6841663333333333 0.30375 0.09833299999999999 0.2525
0 0.7325003333333333 0.356875 0.138333 0.34375
0 0.6183333333333334 0.29812500000000003 0.08333299999999999 0.21375
0 0.5416663333333332 0.320625 0.136667 0.31625000000000003
0 0.34250033333333335 0.2737500000000001 0.06833299999999999 0.13750000000000004
0 0.25833333333333336 0.31 0.09666700000000002 0.25499999999999995
0 0.8608333333333333 0.41875 0.18500000000000003 0.5625
0 0.9116663333333332 0.435625 0.1633330000000001 0.70875
