0 0.30333333333333334 0.29187500000000005 0.153333 0.3087500000000001
0 0.42916633333333337 0.31 0.13166700000000006 0.26499999999999996
0 0.8933333333333334 0.21 0.026666999999999916 0.055
0 0.5891663333333335 0.214375 0.031667000000000015 0.06375
0 0.5425003333333333 0.21375 0.02833299999999999 0.0575
0 0.9300003333333335 0.359375 0.026666999999999916 0.058750000000000004
0 0.9508333333333334 0.424375 0.028333000000000084 0.06875
0 0.9283333333333333 0.433125 0.026666999999999916 0.05625
0 0.9075003333333334 0.42312500000000003 0.035 0.07375
0 0.9016663333333335 0.433125 0.033333000000000085 0.07375
0 0.9508333333333334 0.354375 0.025 0.058750000000000004
0 0.9150003333333333 0.380625 0.030000000000000002 0.06125
0 0.8933333333333334 0.3875 0.030000000000000002 0.06
0 0.8325003333333334 0.385625 0.025 0.06125
0 0.8175003333333335 0.39 0.031667000000000015 0.065
0 0.8308333333333334 0.3425 0.01833299999999999 0.0375
0 0.8033333333333333 0.345625 0.02333299999999999 0.04875
0 0.7808333333333334 0.345625 0.025 0.051250000000000004
0 0.7575003333333334 0.358125 0.025 0.051250000000000004
0 0.6800003333333333 0.388125 0.02333299999999999 0.04875
0 0.6625003333333332 0.370625 0.025 0.058750000000000004
0 0.6458333333333334 0.3525 0.02833299999999999 0.0575
0 0.6466663333333335 0.37375 0.02333299999999999 0.0525
0 0.6166663333333333 0.349375 0.02333299999999999 0.04875
0 0.6300003333333333 0.37625000000000003 0.02333299999999999 0.0525
0 0.5650003333333333 0.21 0.02 0.0425
0 0.5308333333333334 0.3725 0.02833299999999999 0.06
0 0.020833333333333336 0.243125 0.041667000000000017 0.10125
0 0.051666333333333335 0.236875 0.05 0.10125
0 0.12916633333333338 0.26125 0.06833300000000002 0.165
0 0.17166633333333334 0.2625 0.07 0.1575
0 0.20333333333333334 0.26875 0.08000000000000003 0.18
0 0.4758333333333334 0.351875 0.021667000000000013 0.043750000000000004
