0 0.38416633333333333 0.48 0.315 0.6325000000000001
0 0.6033333333333334 0.505 0.27 0.5425
0 0.9683333333333334 0.296875 0.04 0.09375000000000004
0 0.9433333333333334 0.29812500000000003 0.04333300000000009 0.08875
0 0.7041663333333334 0.308125 0.03833299999999999 0.07875
0 0.6708333333333334 0.2975 0.025 0.05
0 0.48666633333333337 0.30875 0.04 0.08
0 0.8625003333333335 0.45437500000000003 0.03166699999999992 0.06375
0 0.8300003333333333 0.46187500000000004 0.03333299999999999 0.06875
0 0.8100003333333334 0.49312500000000004 0.04 0.08125
0 0.8733333333333334 0.5575 0.03666699999999992 0.0725
0 0.7666663333333334 0.530625 0.03333299999999999 0.07625
0 0.7408333333333336 0.5331250000000001 0.041667000000000017 0.08625000000000001
0 0.14833333333333334 0.389375 0.08333299999999999 0.23875000000000002
0 0.2833333333333333 0.445625 0.030000000000000002 0.06125
0 0.26500033333333334 0.474375 0.02 0.04125
0 0.24916633333333335 0.438125 0.025 0.051250000000000004
0 0.12083333333333333 0.4625 0.025 0.0525
0 0.16750033333333336 0.315625 0.025 0.051250000000000004
0 0.057500333333333334 0.45687500000000003 0.021666999999999995 0.043750000000000004
0 0.17916633333333334 0.46187500000000004 0.021667000000000013 0.04625
0 0.9075003333333334 0.45125 0.028333000000000084 0.0625
