0 0.7366663333333334 0.316875 0.08 0.16125
0 0.6666663333333332 0.30375 0.093333 0.1875
0 0.5608333333333334 0.30312500000000003 0.078333 0.15875
0 0.44583333333333336 0.288125 0.05833300000000004 0.11625
0 0.9441663333333334 0.26125 0.035 0.07
0 0.8941663333333335 0.2725 0.045000000000000005 0.0925
0 0.8725003333333335 0.26875 0.03833300000000009 0.095
0 0.8275003333333334 0.261875 0.035 0.07125000000000001
0 0.8008333333333334 0.276875 0.041667000000000017 0.08625000000000001
0 0.9650003333333335 0.285625 0.060000000000000005 0.15125
