0 0.5425003333333333 0.295625 0.061667000000000013 0.12375
0 0.5908333333333333 0.30125 0.05166700000000001 0.105
0 0.40083333333333343 0.28375 0.048332999999999994 0.09750000000000003
0 0.35666633333333336 0.285625 0.05333299999999999 0.10875
0 0.4633333333333334 0.290625 0.04 0.08625000000000001
0 0.4325003333333334 0.30875 0.031666999999999966 0.07
0 0.30583333333333335 0.279375 0.031667000000000015 0.09125
0 0.29083333333333333 0.286875 0.03833299999999999 0.09374999999999997
0 0.26583333333333337 0.28375 0.03833299999999999 0.07750000000000004
0 0.23916633333333334 0.28875 0.03833299999999999 0.09250000000000004
0 0.21083333333333334 0.291875 0.048332999999999994 0.11624999999999996
