0 0.23416633333333334 0.320625 0.108333 0.21875
0 0.36000033333333337 0.291875 0.1 0.20124999999999996
0 0.6941663333333333 0.284375 0.065 0.13125
0 0.8100003333333333 0.256875 0.04333299999999999 0.08625000000000001
0 0.7783333333333334 0.249375 0.046667000000000014 0.09375
0 0.7450003333333333 0.26062500000000005 0.04333299999999999 0.08625000000000001
0 0.7125003333333335 0.26 0.041667000000000017 0.09
0 0.6700003333333333 0.270625 0.04333299999999999 0.10375000000000004
0 0.6291663333333335 0.265 0.05166700000000001 0.1275
0 0.5916663333333334 0.2625 0.03666700000000001 0.085
0 0.10666633333333334 0.30125 0.060000000000000005 0.19
