0 0.37083333333333335 0.3125 0.10166700000000002 0.20250000000000004
0 0.4525003333333334 0.273125 0.08166699999999998 0.16625000000000004
0 0.5541663333333333 0.27125 0.055 0.11249999999999996
0 0.12666633333333338 0.274375 0.08333300000000002 0.16625
0 0.6166663333333333 0.256875 0.04333299999999999 0.08875
0 0.5858333333333333 0.249375 0.03833299999999999 0.07875
0 0.5441663333333333 0.244375 0.03833299999999999 0.08875
0 0.5066663333333333 0.253125 0.04 0.08125
0 0.48166633333333325 0.248125 0.03333299999999999 0.07875
0 0.36000033333333337 0.26625 0.07 0.155
0 0.41666633333333336 0.276875 0.05333300000000004 0.13375
