0 0.14500033333333334 0.36312500000000003 0.103333 0.20875
0 0.5275003333333333 0.32 0.085 0.17
0 0.29250033333333336 0.336875 0.08166700000000002 0.16375
0 0.7266663333333334 0.315 0.060000000000000005 0.12000000000000004
0 0.7008333333333334 0.30375 0.035 0.0775
0 0.6575003333333332 0.290625 0.02833299999999999 0.06875
0 0.6416663333333334 0.318125 0.05 0.12124999999999997
0 0.6408333333333334 0.33875 0.058332999999999996 0.14
0 0.6075003333333335 0.3025 0.031667000000000015 0.07749999999999997
0 0.5733333333333334 0.32 0.046667000000000014 0.1125
0 0.8333333333333334 0.35375 0.09666699999999992 0.2675
0 0.9033333333333334 0.353125 0.15000000000000002 0.33375
0 0.7608333333333334 0.378125 0.138333 0.27875
