0 0.4525003333333334 0.306875 0.09833300000000005 0.19875
0 0.3825003333333334 0.31875000000000003 0.08500000000000005 0.17
0 0.21000033333333332 0.308125 0.11333299999999999 0.22875
0 0.7491663333333335 0.275625 0.05166700000000001 0.10375000000000001
0 0.6683333333333333 0.315625 0.11666700000000002 0.27125
0 0.6225003333333334 0.259375 0.035 0.07125000000000001
0 0.6191663333333333 0.26687500000000003 0.02833299999999999 0.058750000000000004
0 0.5991663333333335 0.26937500000000003 0.031667000000000015 0.06375
0 0.5791663333333334 0.283125 0.041667000000000017 0.10375000000000001
0 0.5658333333333334 0.281875 0.048332999999999994 0.10625
0 0.5525003333333335 0.26937500000000003 0.041667000000000017 0.10125
0 0.5100003333333333 0.2625 0.03333299999999999 0.0775
0 0.5241663333333333 0.33 0.058332999999999996 0.11750000000000001
0 0.26333333333333336 0.2975 0.08333299999999999 0.17
