0 0.5016663333333333 0.385625 0.07 0.14125000000000001
0 0.7633333333333334 0.39875 0.06333299999999999 0.16
0 0.4416663333333333 0.38125000000000003 0.05 0.10250000000000001
0 0.38916633333333334 0.3725 0.041667000000000017 0.085
0 0.3408333333333334 0.37625000000000003 0.045000000000000005 0.1075
0 0.31083333333333335 0.376875 0.055 0.11125
0 0.24916633333333335 0.39 0.065 0.165
0 0.21583333333333335 0.419375 0.095 0.21125
0 0.15750033333333335 0.375 0.048332999999999994 0.0975
0 0.09916633333333334 0.3875 0.05166699999999999 0.1375
0 0.06750033333333334 0.3725 0.045000000000000005 0.08750000000000001
