0 0.43583333333333335 0.338125 0.10833300000000004 0.21875
0 0.24083333333333334 0.34500000000000003 0.115 0.23
0 0.8558333333333333 0.3225 0.07833300000000008 0.1575
0 0.5108333333333334 0.328125 0.08166700000000002 0.16375
0 0.7525003333333334 0.3325 0.07500000000000001 0.1525
0 0.9666663333333335 0.32 0.05 0.1225
0 0.9425003333333333 0.339375 0.045000000000000005 0.09125
0 0.9208333333333334 0.3175 0.058333000000000086 0.12500000000000003
0 0.8166663333333334 0.313125 0.060000000000000005 0.14125000000000001
0 0.7125003333333335 0.32625 0.061667000000000013 0.145
