0 0.22583333333333336 0.38 0.12833300000000006 0.2575
0 0.42083333333333334 0.381875 0.11166699999999997 0.22375
0 0.49916633333333343 0.370625 0.09166700000000001 0.18375
0 0.5933333333333334 0.36375 0.08333299999999999 0.1675
0 0.16833333333333336 0.376875 0.11333300000000004 0.22875
0 0.32583333333333336 0.361875 0.08166700000000002 0.16375
0 0.8475003333333333 0.33625 0.03833299999999999 0.0925
0 0.8175003333333333 0.33375 0.03833299999999999 0.0975
0 0.7633333333333334 0.34500000000000003 0.046667000000000014 0.11750000000000001
0 0.7133333333333334 0.345625 0.046667000000000014 0.11625
0 0.6691663333333333 0.371875 0.058332999999999996 0.15625
0 0.6541663333333334 0.335625 0.041667000000000017 0.08875
0 0.8925003333333333 0.408125 0.1183329999999999 0.28875
0 0.44416633333333333 0.3675 0.06833300000000005 0.1825
