0 0.5741663333333334 0.33125 0.055 0.11
0 0.4575003333333334 0.349375 0.07833300000000004 0.15875
0 0.3358333333333334 0.34500000000000003 0.061667000000000013 0.125
0 0.6866663333333333 0.364375 0.093333 0.18875
0 0.3166663333333333 0.3725 0.05333299999999999 0.1075
0 0.8366663333333335 0.335625 0.0800000000000001 0.18125
0 0.7750003333333335 0.346875 0.08666700000000002 0.17375000000000002
0 0.5100003333333334 0.34375 0.060000000000000005 0.12
0 0.40250033333333335 0.338125 0.031667000000000015 0.06375
0 0.2758333333333334 0.33187500000000003 0.041667000000000017 0.08375
0 0.21083333333333334 0.325625 0.035 0.07125000000000001
0 0.18916633333333335 0.32937500000000003 0.041667000000000017 0.08375
