0 0.36666633333333337 0.26875 0.06333299999999999 0.1275
0 0.5100003333333334 0.28750000000000003 0.08 0.1625
0 0.4575003333333334 0.299375 0.09833300000000005 0.19875000000000004
0 0.24500033333333335 0.295625 0.04 0.08125
0 0.5266663333333335 0.268125 0.056667000000000016 0.11375000000000003
0 0.39750033333333334 0.259375 0.045000000000000005 0.09125
0 0.32833333333333337 0.26875 0.046667000000000014 0.095
0 0.29916633333333337 0.27062499999999995 0.045000000000000005 0.09375
0 0.26166633333333333 0.261875 0.04 0.09125
0 0.19416633333333339 0.26937500000000003 0.05833300000000002 0.11625
0 0.13416633333333336 0.276875 0.045000000000000005 0.10875
0 0.11166633333333335 0.25625 0.04 0.0825
