0 0.5616663333333334 0.25125000000000003 0.11 0.2225
0 0.7183333333333334 0.259375 0.103333 0.20875
0 0.45916633333333334 0.24625 0.10833299999999994 0.2175
0 0.4350003333333334 0.216875 0.05333300000000004 0.14125000000000001
0 0.3691663333333334 0.216875 0.055 0.12375
0 0.32583333333333336 0.210625 0.055 0.13875
0 0.6325003333333333 0.22187500000000002 0.055 0.12875
0 0.052500333333333336 0.24875 0.08166699999999999 0.1875
0 0.14666633333333334 0.24625 0.1 0.2
0 0.9083333333333334 0.245625 0.09666699999999992 0.19375
0 0.5850003333333332 0.23625000000000002 0.073333 0.18
0 0.5300003333333333 0.196875 0.03333299999999999 0.06875
