0 0.18083333333333335 0.265 0.125 0.25
0 0.4525003333333334 0.24875 0.09833300000000005 0.1975
0 0.3091663333333334 0.248125 0.108333 0.21875
0 0.6741663333333333 0.193125 0.065 0.13125
0 0.6125003333333333 0.204375 0.06833299999999999 0.13875
0 0.38916633333333334 0.243125 0.09166699999999997 0.18375
0 0.5825003333333334 0.253125 0.07500000000000001 0.15125
0 0.8908333333333334 0.183125 0.035 0.07125000000000001
0 0.8358333333333334 0.183125 0.03166699999999992 0.07625
0 0.8008333333333334 0.2025 0.048332999999999994 0.1325
0 0.7600003333333334 0.196875 0.05 0.12125
0 0.7191663333333334 0.199375 0.065 0.14875
0 0.6391663333333334 0.204375 0.045000000000000005 0.11625
0 0.27000033333333334 0.24125 0.06333299999999999 0.17
0 0.06500033333333335 0.29125 0.13 0.36
