0 0.21250033333333335 0.22312500000000002 0.09833299999999999 0.19875
0 0.29166633333333336 0.20375000000000001 0.07 0.14250000000000002
0 0.44583333333333336 0.210625 0.08833300000000004 0.17625
0 0.36500033333333337 0.200625 0.08666700000000002 0.17625
0 0.5525003333333333 0.205625 0.058332999999999996 0.12125
0 0.6516663333333335 0.163125 0.03333299999999999 0.06625
0 0.6083333333333334 0.173125 0.05 0.10125
0 0.5258333333333334 0.174375 0.048332999999999994 0.11375
0 0.48250033333333336 0.163125 0.025 0.06875
0 0.5008333333333332 0.1875 0.025 0.0525
0 0.41750033333333336 0.18812500000000001 0.07166699999999997 0.17125
0 0.24583333333333335 0.1975 0.061667000000000013 0.15
0 0.04083333333333334 0.2325 0.081667 0.1875
