0 0.6533333333333333 0.196875 0.09000000000000001 0.18125
0 0.47500033333333336 0.28500000000000003 0.16666700000000007 0.335
0 0.11083333333333334 0.263125 0.22166700000000003 0.44375000000000003
0 0.8650003333333333 0.15375 0.030000000000000002 0.0675
0 0.8066663333333334 0.18875 0.08 0.1775
0 0.7516663333333334 0.170625 0.056667000000000016 0.11375
0 0.7058333333333334 0.16 0.041667000000000017 0.0975
0 0.6833333333333335 0.155625 0.030000000000000002 0.06875000000000002
0 0.9066663333333332 0.19062500000000002 0.07666699999999992 0.18875
0 0.6000003333333332 0.178125 0.046667000000000014 0.11625
0 0.5766663333333333 0.185625 0.05333299999999999 0.13625
0 0.4083333333333333 0.210625 0.07666700000000001 0.20875
0 0.3383333333333334 0.20500000000000002 0.07 0.2125
0 0.15583333333333335 0.2775 0.108333 0.3
0 0.12166633333333333 0.256875 0.11666700000000002 0.35375
0 0.08333333333333336 0.26687500000000003 0.16333300000000003 0.44125000000000003
