0 0.38833333333333336 0.315625 0.15666699999999997 0.31375000000000003
0 0.22500033333333336 0.27875 0.103333 0.20749999999999996
0 0.5900003333333332 0.3525 0.24666700000000003 0.495
0 0.8425003333333333 0.35875 0.23166699999999993 0.465
0 0.6958333333333334 0.283125 0.118333 0.23625000000000002
0 0.15333333333333335 0.25249999999999995 0.07 0.14249999999999996
0 0.4800003333333335 0.225625 0.046667000000000014 0.09375
0 0.44666633333333333 0.228125 0.046666999999999965 0.09375
0 0.30416633333333337 0.239375 0.055 0.11375
0 0.6583333333333333 0.29625 0.11 0.22
