0 0.07333333333333333 0.388125 0.12000000000000001 0.24125
0 0.19250033333333336 0.38875 0.085 0.17
0 0.47500033333333336 0.405625 0.11 0.22125
0 0.35416633333333336 0.384375 0.09833299999999999 0.19875
0 0.3125003333333333 0.3775 0.08166700000000002 0.165
0 0.5750003333333333 0.33875 0.030000000000000002 0.08750000000000001
0 0.5508333333333334 0.350625 0.035 0.10625
0 0.5091663333333333 0.336875 0.02833299999999999 0.07625
0 0.44333333333333336 0.335625 0.03333299999999999 0.10125
0 0.40916633333333335 0.33437500000000003 0.02833299999999999 0.07875
0 0.25500033333333333 0.37 0.06333299999999999 0.16
0 0.11666633333333333 0.37375 0.060000000000000005 0.18
0 0.1341663333333334 0.370625 0.048333000000000015 0.15125
0 0.9433333333333334 0.455 0.1 0.3775
