0 0.49583333333333335 0.20500000000000002 0.08166700000000002 0.165
0 0.37583333333333335 0.20875 0.09833299999999999 0.1975
0 0.33250033333333334 0.23875000000000002 0.10166700000000002 0.20500000000000002
0 0.18333333333333335 0.235625 0.08333299999999999 0.14625
0 0.6416663333333334 0.165625 0.02333299999999999 0.06875
0 0.6233333333333334 0.163125 0.026667000000000014 0.08625000000000001
0 0.5941663333333332 0.193125 0.058332999999999996 0.18125
0 0.5591663333333333 0.165625 0.025 0.06125
0 0.5375003333333332 0.168125 0.02833299999999999 0.08625000000000001
0 0.46166633333333323 0.19062500000000002 0.04333299999999999 0.12125
0 0.4133333333333334 0.195 0.04333300000000004 0.105
0 0.6900003333333334 0.22312500000000002 0.07 0.19875
0 0.9208333333333334 0.22875 0.14500000000000002 0.29
