0 0.2325003333333333 0.3275 0.14166700000000002 0.28500000000000003
0 0.46416633333333335 0.32875 0.19166700000000006 0.385
0 0.8341663333333335 0.351875 0.2183330000000001 0.43875000000000003
0 0.6025003333333333 0.30625 0.09833299999999999 0.3225
0 0.5325003333333332 0.236875 0.031667000000000015 0.07875
0 0.5083333333333334 0.23875000000000002 0.030000000000000002 0.0725
0 0.37083333333333335 0.294375 0.061667000000000013 0.19374999999999998
0 0.32916633333333334 0.28750000000000003 0.088333 0.225
0 0.07833333333333334 0.311875 0.09666700000000002 0.17625
0 0.16333333333333333 0.29 0.06333299999999999 0.1225
