0 0.4600003333333334 0.3075 0.17333299999999996 0.34750000000000003
0 0.7575003333333334 0.295625 0.2083329999999999 0.41875
0 0.6041663333333332 0.324375 0.158333 0.31875000000000003
0 0.33083333333333337 0.294375 0.118333 0.23874999999999996
0 0.5750003333333333 0.30125 0.14 0.28
0 0.6600003333333333 0.264375 0.06333299999999999 0.16125
0 0.23833333333333334 0.263125 0.06333299999999999 0.14874999999999997
0 0.21916633333333332 0.28 0.07500000000000001 0.1675
0 0.14000033333333337 0.28625 0.07000000000000003 0.22250000000000003
0 0.5100003333333334 0.27 0.08 0.2475
0 0.08333333333333336 0.278125 0.086667 0.17375000000000002
0 0.028333333333333335 0.295625 0.056667000000000016 0.18375
