0 0.6583333333333333 0.3125 0.09000000000000001 0.18000000000000005
0 0.7683333333333334 0.308125 0.10666700000000001 0.21375
0 0.7033333333333334 0.323125 0.08666700000000002 0.17375000000000002
0 0.8408333333333334 0.314375 0.10500000000000001 0.21125
0 0.3100003333333334 0.40125 0.16 0.32
0 0.047500333333333346 0.373125 0.095 0.24375
0 0.21833333333333335 0.324375 0.056667000000000016 0.12875
0 0.32916633333333334 0.339375 0.08166700000000002 0.19625
0 0.43833333333333335 0.315625 0.05 0.12375
0 0.47666633333333347 0.305 0.056667000000000016 0.12499999999999997
0 0.5658333333333334 0.316875 0.061667000000000013 0.15375
0 0.5975003333333335 0.288125 0.031667000000000015 0.09625
0 0.6241663333333333 0.288125 0.03833299999999999 0.10375000000000001
0 0.9558333333333334 0.30062500000000003 0.065 0.19375
0 0.9500003333333334 0.325625 0.07666699999999992 0.22125
