0 0.36500033333333337 0.22375 0.08 0.16
0 0.45833333333333337 0.241875 0.08666699999999997 0.17375000000000002
0 0.42083333333333334 0.23625000000000002 0.06833300000000005 0.1375
0 0.6100003333333333 0.245625 0.093333 0.22125
0 0.6425003333333333 0.315 0.11166700000000002 0.3575
0 0.5400003333333334 0.323125 0.14 0.37125
0 0.33500033333333334 0.225625 0.04 0.13125
0 0.30583333333333335 0.215625 0.041667000000000017 0.12625
0 0.26000033333333333 0.25125000000000003 0.093333 0.23500000000000001
0 0.20250033333333337 0.228125 0.048333000000000015 0.13375
0 0.16083333333333336 0.264375 0.085 0.20625000000000002
0 0.06416633333333334 0.238125 0.08500000000000003 0.16875
0 0.03166633333333334 0.26625 0.06333300000000001 0.17500000000000002
