0 0.7916663333333335 0.335625 0.2333330000000001 0.46875
0 0.2050003333333333 0.2925 0.03666699999999999 0.08
0 0.17416633333333334 0.3075 0.041667000000000017 0.09999999999999996
0 0.14333333333333334 0.295625 0.03333299999999999 0.07625
0 0.12083333333333333 0.290625 0.02833299999999999 0.058750000000000004
0 0.11750033333333333 0.323125 0.035 0.07125000000000001
0 0.058333333333333334 0.32937500000000003 0.08666700000000002 0.18875
0 0.019166333333333334 0.33375 0.038333000000000006 0.1675
0 0.25666633333333333 0.355625 0.073333 0.20375000000000001
0 0.3141663333333333 0.35000000000000003 0.07500000000000001 0.1975
0 0.41833333333333333 0.384375 0.10666699999999997 0.27125
