0 0.5300003333333334 0.3225 0.07 0.14250000000000002
0 0.43583333333333335 0.34125 0.09166699999999997 0.185
0 0.27416633333333335 0.35125 0.085 0.17250000000000001
0 0.8566663333333334 0.293125 0.030000000000000002 0.07875
0 0.8691663333333333 0.29 0.028333000000000084 0.0775
0 0.7666663333333334 0.328125 0.04333299999999999 0.13375
0 0.7166663333333333 0.294375 0.04333299999999999 0.09374999999999997
0 0.6650003333333333 0.336875 0.06333299999999999 0.18875
0 0.6050003333333333 0.313125 0.05 0.13375
0 0.7958333333333334 0.354375 0.058332999999999996 0.18875
0 0.9016663333333335 0.3575 0.08333300000000009 0.20500000000000002
0 0.9758333333333334 0.3375 0.03833300000000009 0.17
0 0.5650003333333333 0.36312500000000003 0.08 0.17875
