0 0.3383333333333334 0.335625 0.073333 0.14875
0 0.5400003333333335 0.29125 0.026667000000000014 0.0625
0 0.08083333333333334 0.3525 0.08166700000000002 0.165
0 0.6983333333333334 0.291875 0.02333299999999999 0.06374999999999996
0 0.6566663333333335 0.30375 0.03666700000000001 0.1075
0 0.6316663333333332 0.326875 0.04333299999999999 0.14125000000000001
0 0.6041663333333335 0.315625 0.05166700000000001 0.13125
0 0.5566663333333333 0.3025 0.03333299999999999 0.08499999999999996
0 0.5083333333333334 0.30312500000000003 0.04333299999999999 0.11875000000000001
0 0.4525003333333333 0.3 0.02833299999999999 0.075
0 0.43583333333333335 0.3025 0.031666999999999966 0.09499999999999997
