0 0.38250033333333333 0.26375 0.12166700000000003 0.2425
0 0.5616663333333335 0.23125 0.09666700000000002 0.1925
0 0.14250033333333334 0.27 0.11166700000000002 0.225
0 0.8816663333333334 0.195625 0.04333300000000009 0.11625
0 0.8433333333333334 0.180625 0.02 0.05625
0 0.8275003333333333 0.18812500000000001 0.02833299999999999 0.07625
0 0.8141663333333334 0.195625 0.031667000000000015 0.08875
0 0.7925003333333333 0.18875 0.02833299999999999 0.0925
0 0.7633333333333334 0.201875 0.04 0.12625
0 0.7083333333333334 0.203125 0.046667000000000014 0.14375000000000002
0 0.6916663333333334 0.201875 0.04 0.10125
0 0.6700003333333334 0.19187500000000002 0.030000000000000002 0.06125
0 0.9166663333333332 0.225625 0.06666699999999992 0.16625
0 0.29166633333333336 0.246875 0.093333 0.17875
0 0.4083333333333333 0.24875 0.06666700000000002 0.17250000000000001
