0 0.47250033333333336 0.245625 0.095 0.19125
0 0.5516663333333334 0.216875 0.07 0.14125000000000001
0 0.33333333333333337 0.2575 0.093333 0.18750000000000003
0 0.6175003333333334 0.225 0.095 0.19
0 0.6941663333333332 0.214375 0.078333 0.15625
0 0.23833333333333334 0.256875 0.08666700000000002 0.17375000000000002
0 0.7583333333333334 0.19062500000000002 0.030000000000000002 0.07125000000000001
0 0.7825003333333334 0.194375 0.03833299999999999 0.10375000000000001
0 0.7983333333333333 0.21375 0.046667000000000014 0.135
0 0.9125003333333334 0.233125 0.07500000000000001 0.21875
0 0.7275003333333335 0.19625 0.031667000000000015 0.0825
0 0.6625003333333332 0.21 0.041667000000000017 0.1125
0 0.8308333333333334 0.18875 0.02833299999999999 0.0675
0 0.3700003333333334 0.243125 0.05333299999999999 0.14625
