0 0.34250033333333335 0.316875 0.09833299999999999 0.19875
0 0.5758333333333334 0.304375 0.085 0.17125000000000004
0 0.5425003333333333 0.290625 0.095 0.19125
0 0.7925003333333333 0.29375 0.10166700000000002 0.2025
0 0.41666633333333336 0.306875 0.08 0.16125
0 0.7058333333333334 0.26875 0.06833299999999999 0.14
0 0.8325003333333334 0.24875 0.025 0.06
0 0.8666663333333334 0.241875 0.02 0.05375
0 0.8950003333333333 0.251875 0.030000000000000002 0.08375
0 0.9333333333333333 0.265 0.033333000000000085 0.1
0 0.9591663333333335 0.2475 0.025 0.0775
0 0.9800003333333334 0.24625 0.026666999999999916 0.085
