0 0.38416633333333333 0.313125 0.07166700000000002 0.14625
0 0.5183333333333333 0.29875 0.06333299999999999 0.13
0 0.4608333333333334 0.29437500000000005 0.06833299999999999 0.13875000000000004
0 0.8883333333333334 0.39437500000000003 0.20666699999999993 0.41375
0 0.11500033333333336 0.3275 0.08 0.1625
0 0.21416633333333335 0.319375 0.065 0.17125
0 0.5341663333333334 0.28375 0.031667000000000015 0.09000000000000004
0 0.5666663333333335 0.27062499999999995 0.01666700000000001 0.043750000000000004
0 0.5900003333333333 0.288125 0.04 0.11125
0 0.6150003333333334 0.26812499999999995 0.02 0.06375
0 0.6483333333333334 0.299375 0.03666700000000001 0.11375000000000003
0 0.6641663333333334 0.2725 0.021667000000000013 0.0675
0 0.6808333333333334 0.281875 0.02833299999999999 0.09375
0 0.7116663333333334 0.26875 0.02 0.0525
0 0.7283333333333334 0.275 0.026667000000000014 0.0675
