0 0.6641663333333334 0.368125 0.18500000000000003 0.37125
0 0.36666633333333337 0.5025000000000001 0.273333 0.5475
0 0.5825003333333334 0.278125 0.065 0.14875
0 0.5391663333333333 0.2625 0.055 0.1125
0 0.46666633333333335 0.2775 0.05 0.14
0 0.49833333333333335 0.31625000000000003 0.07 0.2025
0 0.28750033333333336 0.3025 0.065 0.16749999999999995
0 0.17750033333333334 0.295 0.065 0.15
0 0.13583333333333333 0.30312500000000003 0.065 0.16125
0 0.07583333333333334 0.3225 0.085 0.18
0 0.42666633333333337 0.2775 0.05 0.1225
