0 0.2033333333333333 0.27875 0.10333299999999997 0.20749999999999996
0 0.44083333333333335 0.315 0.165 0.3325
0 0.6683333333333333 0.339375 0.23666700000000002 0.47375
0 0.6133333333333334 0.280625 0.10666700000000001 0.26125
0 0.5325003333333332 0.25875 0.06833299999999999 0.1625
0 0.33500033333333334 0.238125 0.046667000000000014 0.11625
0 0.2783333333333334 0.2275 0.04333299999999999 0.0975
0 0.28750033333333336 0.240625 0.041667000000000017 0.10125
0 0.22333333333333336 0.23125 0.06666700000000002 0.1275
0 0.14750033333333332 0.2325 0.06166699999999999 0.13
0 0.39083333333333337 0.2225 0.048332999999999994 0.1275
