0 0.41833333333333333 0.175625 0.1 0.20125
0 0.33083333333333337 0.179375 0.07166700000000002 0.17625
0 0.5133333333333334 0.166875 0.05333299999999999 0.17125
0 0.5733333333333334 0.165 0.05 0.18
0 0.6391663333333335 0.193125 0.08166700000000002 0.26875
0 0.7050003333333335 0.129375 0.03666700000000001 0.10625
0 0.6716663333333334 0.1225 0.04 0.1075
0 0.7891663333333333 0.123125 0.058332999999999996 0.17125
0 0.8575003333333335 0.129375 0.055 0.15625
0 0.8866663333333334 0.144375 0.05333300000000009 0.16875
0 0.9208333333333334 0.17375000000000002 0.08166699999999992 0.24
0 0.7616663333333334 0.20500000000000002 0.12666700000000003 0.385
