0 0.6241663333333334 0.25 0.085 0.17250000000000004
0 0.5191663333333334 0.256875 0.08166700000000002 0.16625
0 0.7408333333333336 0.280625 0.118333 0.23875000000000002
0 0.9391663333333334 0.2525 0.06833300000000009 0.18500000000000003
0 0.9100003333333333 0.2175 0.04 0.1
0 0.8841663333333333 0.230625 0.03833300000000009 0.09625
0 0.8041663333333333 0.226875 0.058332999999999996 0.16125
0 0.7083333333333334 0.210625 0.030000000000000002 0.06375
0 0.6875003333333334 0.2125 0.035 0.06
0 0.5616663333333335 0.22625 0.03666700000000001 0.08
