0 0.06833333333333334 0.286875 0.05333300000000001 0.10874999999999997
0 0.7416663333333333 0.321875 0.12000000000000001 0.24125
0 0.6216663333333333 0.28750000000000003 0.093333 0.1875
0 0.5058333333333334 0.30062500000000003 0.09166700000000001 0.18375
0 0.3125003333333333 0.293125 0.09833299999999999 0.19625
0 0.08916633333333333 0.26687500000000003 0.028333000000000004 0.06375
0 0.12083333333333333 0.27125000000000005 0.03833299999999999 0.07
0 0.22000033333333335 0.248125 0.01666700000000001 0.03125
0 0.20250033333333337 0.248125 0.018333000000000012 0.03125
0 0.42833333333333334 0.26312500000000005 0.026666999999999965 0.06375
0 0.8150003333333334 0.26 0.05 0.115
0 0.7716663333333335 0.261875 0.04 0.10875
