0 0.48666633333333337 0.32125 0.11 0.23500000000000001
0 0.8866663333333334 0.263125 0.04666699999999992 0.11874999999999997
0 0.8225003333333333 0.293125 0.0649999999999999 0.18125
0 0.7683333333333334 0.328125 0.046667000000000014 0.11125
0 0.7133333333333334 0.350625 0.14 0.37625000000000003
0 0.6225003333333333 0.32125 0.06833299999999999 0.1675
0 0.38916633333333334 0.25249999999999995 0.041667000000000017 0.0725
0 0.34250033333333335 0.254375 0.041667000000000017 0.09375
0 0.3091663333333334 0.26875 0.048332999999999994 0.1125
0 0.22000033333333335 0.30625 0.07666700000000001 0.2
0 0.13500033333333336 0.25249999999999995 0.03333299999999999 0.0525
