0 0.6566663333333332 0.39437500000000003 0.11333299999999999 0.22625
0 0.7608333333333334 0.404375 0.148333 0.29875
0 0.7941663333333333 0.4675 0.11166700000000002 0.225
0 0.9775003333333333 0.33625 0.035 0.1225
0 0.9450003333333336 0.355625 0.060000000000000005 0.17125
0 0.9016663333333335 0.355625 0.04 0.08125
0 0.7233333333333334 0.44625000000000004 0.06333299999999999 0.185
0 0.5266663333333335 0.374375 0.056667000000000016 0.13375
0 0.5150003333333333 0.39687500000000003 0.04333299999999999 0.09375
0 0.09666633333333333 0.47875 0.183333 0.3675
