0 0.6241663333333334 0.315 0.085 0.17250000000000004
0 0.7308333333333333 0.3375 0.061667000000000013 0.125
0 0.7666663333333334 0.3075 0.103333 0.20749999999999996
0 0.8450003333333334 0.339375 0.07333300000000009 0.14875
0 0.9683333333333334 0.240625 0.04 0.08125
0 0.9750003333333334 0.281875 0.04 0.14875
0 0.9500003333333334 0.28375 0.04666699999999992 0.13000000000000003
0 0.8941663333333335 0.28125 0.04166699999999992 0.12250000000000004
0 0.8616663333333334 0.261875 0.04666699999999992 0.10125
0 0.8166663333333333 0.274375 0.05333299999999999 0.14375000000000002
0 0.6983333333333334 0.275 0.04333299999999999 0.0975
0 0.3116663333333333 0.340625 0.093333 0.20875
0 0.15166633333333332 0.3375 0.06333299999999999 0.15
0 0.14333333333333334 0.369375 0.04333299999999999 0.09625
