0 0.8358333333333334 0.30062500000000003 0.14500000000000002 0.29125
0 0.20750033333333331 0.335625 0.168333 0.33875
0 0.3433333333333333 0.34750000000000003 0.18666700000000003 0.375
0 0.8825003333333334 0.210625 0.06166699999999992 0.13375
0 0.7975003333333333 0.215625 0.06833299999999999 0.15375
0 0.6175003333333333 0.22312500000000002 0.058332999999999996 0.12125
0 0.5358333333333334 0.233125 0.06833299999999999 0.13375
0 0.08000033333333335 0.27875 0.056667000000000016 0.13499999999999998
0 0.042500333333333334 0.283125 0.06166699999999999 0.12875
0 0.03166633333333334 0.248125 0.060000000000000005 0.12625
